STT,Thời gian,Ngày tháng,ÁP LỰC 1,TỔNG LƯU LƯỢNG 1,Tiêu thụ,LƯU LƯỢNG TỨC THỜI 1
1,01:00:00,01/01/2024 1:00:00 SA,,272431.4,0,0.0
2,02:00:00,01/01/2024 2:00:00 SA,,272434.4,3.0,3.1
3,03:00:00,01/01/2024 3:00:00 SA,,272437.3,2.9,2.9
4,04:00:00,01/01/2024 4:00:00 SA,,272439.6,2.3,2.2
5,05:00:00,01/01/2024 5:00:00 SA,,272442.2,2.6,2.5
6,06:00:00,01/01/2024 6:00:00 SA,,272445.5,3.3,3.1
7,07:00:00,01/01/2024 7:00:00 SA,,272452.1,6.6,6.0
8,08:00:00,01/01/2024 8:00:00 SA,,272462.8,10.7,10.4
9,09:00:00,01/01/2024 9:00:00 SA,,272474.0,11.2,10.4
10,10:00:00,01/01/2024 10:00:00 SA,,272484.6,10.6,10.9
11,11:00:00,01/01/2024 11:00:00 SA,,272495.9,11.3,10.4
12,12:00:00,01/01/2024 12:00:00 CH,,272507.0,11.1,11.7
13,13:00:00,01/01/2024 1:00:00 CH,,272514.7,7.7,7.9
14,14:00:00,01/01/2024 2:00:00 CH,,272523.5,8.8,8.4
15,15:00:00,01/01/2024 3:00:00 CH,,272531.7,8.2,7.9
16,16:00:00,01/01/2024 4:00:00 CH,,272540.5,8.8,7.9
17,17:00:00,01/01/2024 5:00:00 CH,,272552.4,11.9,11.9
18,18:00:00,01/01/2024 6:00:00 CH,,272566.9,14.5,15.2
19,19:00:00,01/01/2024 7:00:00 CH,,272581.2,14.3,13.6
20,20:00:00,01/01/2024 8:00:00 CH,,272594.7,13.5,13.9
21,21:00:00,01/01/2024 9:00:00 CH,,272607.8,13.1,13.0
22,22:00:00,01/01/2024 10:00:00 CH,,272618.0,10.2,10.0
23,23:00:00,01/01/2024 11:00:00 CH,,272625.6,7.6,8.3
24,00:00:00,02/01/2024 12:00:00 SA,,272630.8,5.2,5.0
25,01:00:00,02/01/2024 1:00:00 SA,,272633.6,2.8,2.7
26,02:00:00,02/01/2024 2:00:00 SA,,272637.8,4.2,4.1
27,03:00:00,02/01/2024 3:00:00 SA,,272640.0,2.2,2.1
28,04:00:00,02/01/2024 4:00:00 SA,,272642.4,2.4,2.4
29,05:00:00,02/01/2024 5:00:00 SA,,272645.3,2.9,2.8
30,06:00:00,02/01/2024 6:00:00 SA,,272650.8,5.5,5.1
31,07:00:00,02/01/2024 7:00:00 SA,,272662.2,11.4,11.0
32,08:00:00,02/01/2024 8:00:00 SA,,272672.8,10.6,11.8
33,09:00:00,02/01/2024 9:00:00 SA,,1.5,-272671.3,12.5
34,10:00:00,02/01/2024 10:00:00 SA,,11.7,10.2,10.1
35,11:00:00,02/01/2024 11:00:00 SA,,19.9,8.2,8.1
36,12:00:00,02/01/2024 12:00:00 CH,,28.9,9.0,8.9
37,13:00:00,02/01/2024 1:00:00 CH,,36.8,7.9,7.5
38,14:00:00,02/01/2024 2:00:00 CH,,43.6,6.8,6.3
39,15:00:00,02/01/2024 3:00:00 CH,,53.0,9.4,9.8
40,16:00:00,02/01/2024 4:00:00 CH,,61.2,8.2,8.1
41,17:00:00,02/01/2024 5:00:00 CH,,68.7,7.5,7.8
42,18:00:00,02/01/2024 6:00:00 CH,,81.1,12.4,11.4
43,19:00:00,02/01/2024 7:00:00 CH,,272779.7,272698.6,15.5
44,20:00:00,02/01/2024 8:00:00 CH,,272792.0,12.3,12.3
45,21:00:00,02/01/2024 9:00:00 CH,,272805.0,13.0,12.7
46,22:00:00,02/01/2024 10:00:00 CH,,272816.0,11.0,11.1
47,23:00:00,02/01/2024 11:00:00 CH,,272824.5,8.5,8.7
48,00:00:00,03/01/2024 12:00:00 SA,,272829.4,4.9,5.2
49,01:00:00,03/01/2024 1:00:00 SA,,272832.4,3.0,2.9
50,02:00:00,03/01/2024 2:00:00 SA,,272834.9,2.5,2.3
51,03:00:00,03/01/2024 3:00:00 SA,,272837.4,2.5,2.4
52,04:00:00,03/01/2024 4:00:00 SA,,272839.8,2.4,2.2
53,05:00:00,03/01/2024 5:00:00 SA,,272842.7,2.9,2.6
54,06:00:00,03/01/2024 6:00:00 SA,,272848.1,5.4,4.5
55,07:00:00,03/01/2024 7:00:00 SA,,272858.8,10.7,10.6
56,08:00:00,03/01/2024 8:00:00 SA,,272868.8,10.0,9.5
57,09:00:00,03/01/2024 9:00:00 SA,,272876.9,8.1,8.7
58,10:00:00,03/01/2024 10:00:00 SA,,272884.1,7.2,6.8
59,11:00:00,03/01/2024 11:00:00 SA,,272893.3,9.2,8.8
60,12:00:00,03/01/2024 12:00:00 CH,,272902.4,9.1,8.7
61,13:00:00,03/01/2024 1:00:00 CH,,272909.0,6.6,6.8
62,14:00:00,03/01/2024 2:00:00 CH,,272915.2,6.2,5.6
63,15:00:00,03/01/2024 3:00:00 CH,,272921.8,6.6,6.3
64,16:00:00,03/01/2024 4:00:00 CH,,272929.3,7.5,7.5
65,17:00:00,03/01/2024 5:00:00 CH,,272936.9,7.6,7.5
66,18:00:00,03/01/2024 6:00:00 CH,,272949.7,12.8,13.1
67,19:00:00,03/01/2024 7:00:00 CH,,272966.2,16.5,16.0
68,20:00:00,03/01/2024 8:00:00 CH,,272979.9,13.7,12.6
69,21:00:00,03/01/2024 9:00:00 CH,,272991.5,11.6,11.5
70,22:00:00,03/01/2024 10:00:00 CH,,273001.9,10.4,10.7
71,23:00:00,03/01/2024 11:00:00 CH,,273010.2,8.3,8.1
72,00:00:00,04/01/2024 12:00:00 SA,,273014.5,4.3,4.1
73,01:00:00,04/01/2024 1:00:00 SA,,273017.4,2.9,3.0
74,02:00:00,04/01/2024 2:00:00 SA,,273020.0,2.6,2.8
75,03:00:00,04/01/2024 3:00:00 SA,,273022.4,2.4,2.4
76,04:00:00,04/01/2024 4:00:00 SA,,273024.7,2.3,2.1
77,05:00:00,04/01/2024 5:00:00 SA,,273027.8,3.1,2.9
78,06:00:00,04/01/2024 6:00:00 SA,,273033.9,6.1,5.5
79,07:00:00,04/01/2024 7:00:00 SA,,273044.8,10.9,10.4
80,08:00:00,04/01/2024 8:00:00 SA,,273054.6,9.8,9.9
81,09:00:00,04/01/2024 9:00:00 SA,,273063.0,8.4,8.2
82,10:00:00,04/01/2024 10:00:00 SA,,273070.4,7.4,7.4
83,11:00:00,04/01/2024 11:00:00 SA,,273078.3,7.9,7.7
84,12:00:00,04/01/2024 12:00:00 CH,,273086.9,8.6,8.8
85,13:00:00,04/01/2024 1:00:00 CH,,273094.4,7.5,7.4
86,14:00:00,04/01/2024 2:00:00 CH,,273102.6,8.2,8.0
87,15:00:00,04/01/2024 3:00:00 CH,,273112.0,9.4,9.4
88,16:00:00,04/01/2024 4:00:00 CH,,273119.7,7.7,8.2
89,17:00:00,04/01/2024 5:00:00 CH,,273127.5,7.8,7.9
90,18:00:00,04/01/2024 6:00:00 CH,,273139.2,11.7,11.1
91,19:00:00,04/01/2024 7:00:00 CH,,273154.6,15.4,15.9
92,20:00:00,04/01/2024 8:00:00 CH,,273169.2,14.6,14.2
93,21:00:00,04/01/2024 9:00:00 CH,,273181.2,12.0,12.1
94,22:00:00,04/01/2024 10:00:00 CH,,273191.4,10.2,10.6
95,23:00:00,04/01/2024 11:00:00 CH,,273199.2,7.8,8.1
96,00:00:00,05/01/2024 12:00:00 SA,,273203.4,4.2,4.2
97,01:00:00,05/01/2024 1:00:00 SA,,273206.3,2.9,2.9
98,02:00:00,05/01/2024 2:00:00 SA,,273208.7,2.4,2.4
99,03:00:00,05/01/2024 3:00:00 SA,,273211.0,2.3,2.2
100,04:00:00,05/01/2024 4:00:00 SA,,273213.1,2.1,2.0
101,05:00:00,05/01/2024 5:00:00 SA,,273215.7,2.6,2.4
102,06:00:00,05/01/2024 6:00:00 SA,,273220.5,4.8,4.7
103,07:00:00,05/01/2024 7:00:00 SA,,273232.4,11.9,12.1
104,08:00:00,05/01/2024 8:00:00 SA,,273242.5,10.1,10.2
105,09:00:00,05/01/2024 9:00:00 SA,,273252.5,10.0,10.0
106,10:00:00,05/01/2024 10:00:00 SA,,273259.6,7.1,6.8
107,11:00:00,05/01/2024 11:00:00 SA,,273268.5,8.9,9.2
108,12:00:00,05/01/2024 12:00:00 CH,,273277.0,8.5,8.4
109,13:00:00,05/01/2024 1:00:00 CH,,273284.0,7.0,6.8
110,14:00:00,05/01/2024 2:00:00 CH,,273292.4,8.4,8.7
111,15:00:00,05/01/2024 3:00:00 CH,,273300.2,7.8,8.2
112,16:00:00,05/01/2024 4:00:00 CH,,273309.3,9.1,9.1
113,17:00:00,05/01/2024 5:00:00 CH,,273316.3,7.0,6.3
114,18:00:00,05/01/2024 6:00:00 CH,,273328.5,12.2,12.0
115,19:00:00,05/01/2024 7:00:00 CH,,273343.8,15.3,14.8
116,20:00:00,05/01/2024 8:00:00 CH,,273356.8,13.0,13.4
117,21:00:00,05/01/2024 9:00:00 CH,,273368.8,12.0,12.3
118,22:00:00,05/01/2024 10:00:00 CH,,273380.3,11.5,11.4
119,23:00:00,05/01/2024 11:00:00 CH,,273389.7,9.4,9.8
120,00:00:00,06/01/2024 12:00:00 SA,,273394.9,5.2,5.3
121,01:00:00,06/01/2024 1:00:00 SA,,273397.9,3.0,3.0
122,02:00:00,06/01/2024 2:00:00 SA,,273400.2,2.3,2.0
123,03:00:00,06/01/2024 3:00:00 SA,,273402.4,2.2,2.3
124,04:00:00,06/01/2024 4:00:00 SA,,273404.5,2.1,2.2
125,05:00:00,06/01/2024 5:00:00 SA,,273407.3,2.8,2.7
126,06:00:00,06/01/2024 6:00:00 SA,,273411.7,4.4,4.0
127,07:00:00,06/01/2024 7:00:00 SA,,273421.4,9.7,9.4
128,08:00:00,06/01/2024 8:00:00 SA,,273432.9,11.5,11.6
129,09:00:00,06/01/2024 9:00:00 SA,,273444.3,11.4,11.4
130,10:00:00,06/01/2024 10:00:00 SA,,273454.2,9.9,10.0
131,11:00:00,06/01/2024 11:00:00 SA,,273464.3,10.1,10.2
132,12:00:00,06/01/2024 12:00:00 CH,,273473.4,9.1,9.5
133,13:00:00,06/01/2024 1:00:00 CH,,273482.7,9.3,9.8
134,14:00:00,06/01/2024 2:00:00 CH,,273490.9,8.2,7.8
135,15:00:00,06/01/2024 3:00:00 CH,,273500.4,9.5,9.5
136,16:00:00,06/01/2024 4:00:00 CH,,273509.2,8.8,8.3
137,17:00:00,06/01/2024 5:00:00 CH,,273518.7,9.5,8.7
138,18:00:00,06/01/2024 6:00:00 CH,,273532.5,13.8,13.7
139,19:00:00,06/01/2024 7:00:00 CH,,273548.0,15.5,15.5
140,20:00:00,06/01/2024 8:00:00 CH,,273560.1,12.1,11.8
141,21:00:00,06/01/2024 9:00:00 CH,,273570.3,10.2,10.0
142,22:00:00,06/01/2024 10:00:00 CH,,273579.9,9.6,10.1
143,23:00:00,06/01/2024 11:00:00 CH,,273587.8,7.9,8.0
144,00:00:00,07/01/2024 12:00:00 SA,,273592.3,4.5,4.4
145,01:00:00,07/01/2024 1:00:00 SA,,273595.3,3.0,3.2
146,02:00:00,07/01/2024 2:00:00 SA,,273597.9,2.6,2.5
147,03:00:00,07/01/2024 3:00:00 SA,,273600.2,2.3,2.2
148,04:00:00,07/01/2024 4:00:00 SA,,273602.4,2.2,2.1
149,05:00:00,07/01/2024 5:00:00 SA,,273605.0,2.6,2.6
150,06:00:00,07/01/2024 6:00:00 SA,,273609.1,4.1,3.7
151,07:00:00,07/01/2024 7:00:00 SA,,273616.0,6.9,6.0
152,08:00:00,07/01/2024 8:00:00 SA,,273630.1,14.1,13.5
153,09:00:00,07/01/2024 9:00:00 SA,,273646.4,16.3,16.0
154,10:00:00,07/01/2024 10:00:00 SA,,273660.4,14.0,13.7
155,11:00:00,07/01/2024 11:00:00 SA,,273671.4,11.0,10.6
156,12:00:00,07/01/2024 12:00:00 CH,,273681.9,10.5,10.6
157,13:00:00,07/01/2024 1:00:00 CH,,273691.0,9.1,9.0
158,14:00:00,07/01/2024 2:00:00 CH,,273698.1,7.1,7.4
159,15:00:00,07/01/2024 3:00:00 CH,,273706.0,7.9,7.9
160,16:00:00,07/01/2024 4:00:00 CH,,273714.9,8.9,8.8
161,17:00:00,07/01/2024 5:00:00 CH,,273726.7,11.8,12.3
162,18:00:00,07/01/2024 6:00:00 CH,,273742.6,15.9,15.8
163,19:00:00,07/01/2024 7:00:00 CH,,273758.5,15.9,16.2
164,20:00:00,07/01/2024 8:00:00 CH,,273772.2,13.7,14.0
165,21:00:00,07/01/2024 9:00:00 CH,,273783.2,11.0,10.9
166,22:00:00,07/01/2024 10:00:00 CH,,273793.2,10.0,10.6
167,23:00:00,07/01/2024 11:00:00 CH,,273801.0,7.8,8.1
168,00:00:00,08/01/2024 12:00:00 SA,,273805.0,4.0,4.0
169,01:00:00,08/01/2024 1:00:00 SA,,273807.9,2.9,3.0
170,02:00:00,08/01/2024 2:00:00 SA,,273810.5,2.6,2.6
171,03:00:00,08/01/2024 3:00:00 SA,,273812.9,2.4,2.6
172,04:00:00,08/01/2024 4:00:00 SA,,273815.4,2.5,2.6
173,05:00:00,08/01/2024 5:00:00 SA,,273818.1,2.7,2.6
174,06:00:00,08/01/2024 6:00:00 SA,,273823.6,5.5,5.5
175,07:00:00,08/01/2024 7:00:00 SA,,273834.1,10.5,10.3
176,08:00:00,08/01/2024 8:00:00 SA,,273844.4,10.3,9.9
177,09:00:00,08/01/2024 9:00:00 SA,,273857.5,13.1,13.1
178,10:00:00,08/01/2024 10:00:00 SA,,273866.1,8.6,8.6
179,11:00:00,08/01/2024 11:00:00 SA,,273873.7,7.6,7.5
180,12:00:00,08/01/2024 12:00:00 CH,,273881.3,7.6,7.4
181,13:00:00,08/01/2024 1:00:00 CH,,273888.3,7.0,7.5
182,14:00:00,08/01/2024 2:00:00 CH,,273894.8,6.5,6.2
183,15:00:00,08/01/2024 3:00:00 CH,,273903.3,8.5,8.8
184,16:00:00,08/01/2024 4:00:00 CH,,273910.1,6.8,6.6
185,17:00:00,08/01/2024 5:00:00 CH,,273920.2,10.1,10.3
186,18:00:00,08/01/2024 6:00:00 CH,,273933.7,13.5,13.0
187,19:00:00,08/01/2024 7:00:00 CH,,273950.0,16.3,16.4
188,20:00:00,08/01/2024 8:00:00 CH,,273963.7,13.7,13.4
189,21:00:00,08/01/2024 9:00:00 CH,,273974.5,10.8,10.7
190,22:00:00,08/01/2024 10:00:00 CH,,273984.2,9.7,9.4
191,23:00:00,08/01/2024 11:00:00 CH,,273992.7,8.5,9.1
192,00:00:00,09/01/2024 12:00:00 SA,,273997.5,4.8,4.9
193,01:00:00,09/01/2024 1:00:00 SA,,274000.2,2.7,2.3
194,02:00:00,09/01/2024 2:00:00 SA,,274002.4,2.2,2.3
195,03:00:00,09/01/2024 3:00:00 SA,,274004.5,2.1,2.2
196,04:00:00,09/01/2024 4:00:00 SA,,274006.6,2.1,2.0
197,05:00:00,09/01/2024 5:00:00 SA,,274009.4,2.8,3.0
198,06:00:00,09/01/2024 6:00:00 SA,,274014.9,5.5,5.2
199,07:00:00,09/01/2024 7:00:00 SA,,274026.8,11.9,12.1
200,08:00:00,09/01/2024 8:00:00 SA,,274037.2,10.4,10.4
201,09:00:00,09/01/2024 9:00:00 SA,,274047.8,10.6,10.4
202,10:00:00,09/01/2024 10:00:00 SA,,274056.3,8.5,8.7
203,11:00:00,09/01/2024 11:00:00 SA,,274063.8,7.5,7.2
204,12:00:00,09/01/2024 12:00:00 CH,,274071.9,8.1,7.8
205,13:00:00,09/01/2024 1:00:00 CH,,274078.8,6.9,6.4
206,14:00:00,09/01/2024 2:00:00 CH,,274084.6,5.8,6.1
207,15:00:00,09/01/2024 3:00:00 CH,,274089.8,5.2,4.7
208,16:00:00,09/01/2024 4:00:00 CH,,274098.6,8.8,8.7
209,17:00:00,09/01/2024 5:00:00 CH,,274106.4,7.8,8.6
210,18:00:00,09/01/2024 6:00:00 CH,,274119.0,12.6,13.1
211,19:00:00,09/01/2024 7:00:00 CH,,274135.0,16.0,14.8
212,20:00:00,09/01/2024 8:00:00 CH,,274148.7,13.7,13.7
213,21:00:00,09/01/2024 9:00:00 CH,,274162.1,13.4,12.5
214,22:00:00,09/01/2024 10:00:00 CH,,274173.3,11.2,11.2
215,23:00:00,09/01/2024 11:00:00 CH,,274184.5,11.2,11.3
216,00:00:00,10/01/2024 12:00:00 SA,,274190.4,5.9,5.9
217,01:00:00,10/01/2024 1:00:00 SA,,274195.5,5.1,5.4
218,02:00:00,10/01/2024 2:00:00 SA,,274199.7,4.2,3.9
219,03:00:00,10/01/2024 3:00:00 SA,,274204.0,4.3,4.4
220,04:00:00,10/01/2024 4:00:00 SA,,274207.6,3.6,3.6
221,05:00:00,10/01/2024 5:00:00 SA,,274211.0,3.4,3.4
222,06:00:00,10/01/2024 6:00:00 SA,,274216.6,5.6,5.5
223,07:00:00,10/01/2024 7:00:00 SA,,274227.6,11.0,10.5
224,08:00:00,10/01/2024 8:00:00 SA,,274237.4,9.8,9.1
225,09:00:00,10/01/2024 9:00:00 SA,,274248.0,10.6,11.2
226,10:00:00,10/01/2024 10:00:00 SA,,274255.1,7.1,7.1
227,11:00:00,10/01/2024 11:00:00 SA,,274262.2,7.1,6.1
228,12:00:00,10/01/2024 12:00:00 CH,,274270.7,8.5,8.4
229,13:00:00,10/01/2024 1:00:00 CH,,274277.3,6.6,6.7
230,14:00:00,10/01/2024 2:00:00 CH,,274283.0,5.7,5.6
231,15:00:00,10/01/2024 3:00:00 CH,,274290.3,7.3,7.2
232,16:00:00,10/01/2024 4:00:00 CH,,274295.8,5.5,5.2
233,17:00:00,10/01/2024 5:00:00 CH,,274302.7,6.9,6.7
234,18:00:00,10/01/2024 6:00:00 CH,,274315.2,12.5,11.5
235,19:00:00,10/01/2024 7:00:00 CH,,274329.7,14.5,13.9
236,20:00:00,10/01/2024 8:00:00 CH,,274341.5,11.8,12.0
237,21:00:00,10/01/2024 9:00:00 CH,,274352.3,10.8,10.6
238,22:00:00,10/01/2024 10:00:00 CH,,274361.7,9.4,9.7
239,23:00:00,10/01/2024 11:00:00 CH,,274369.8,8.1,8.4
240,00:00:00,11/01/2024 12:00:00 SA,,274374.7,4.9,5.2
241,01:00:00,11/01/2024 1:00:00 SA,,274377.8,3.1,2.7
242,02:00:00,11/01/2024 2:00:00 SA,,274380.6,2.8,2.9
243,03:00:00,11/01/2024 3:00:00 SA,,274383.6,3.0,3.1
244,04:00:00,11/01/2024 4:00:00 SA,,274386.0,2.4,2.2
245,05:00:00,11/01/2024 5:00:00 SA,,274388.7,2.7,2.5
246,06:00:00,11/01/2024 6:00:00 SA,,274393.8,5.1,4.7
247,07:00:00,11/01/2024 7:00:00 SA,,274403.9,10.1,9.0
248,08:00:00,11/01/2024 8:00:00 SA,,274412.0,8.1,7.9
249,09:00:00,11/01/2024 9:00:00 SA,,274423.1,11.1,11.1
250,10:00:00,11/01/2024 10:00:00 SA,,274431.7,8.6,9.2
251,11:00:00,11/01/2024 11:00:00 SA,,274439.1,7.4,7.8
252,12:00:00,11/01/2024 12:00:00 CH,,274446.3,7.2,7.7
253,13:00:00,11/01/2024 1:00:00 CH,,274451.7,5.4,5.5
254,14:00:00,11/01/2024 2:00:00 CH,,274456.2,4.5,4.7
255,15:00:00,11/01/2024 3:00:00 CH,,274460.4,4.2,3.7
256,16:00:00,11/01/2024 4:00:00 CH,,274465.2,4.8,4.4
257,17:00:00,11/01/2024 5:00:00 CH,,274471.3,6.1,5.6
258,18:00:00,11/01/2024 6:00:00 CH,,274482.8,11.5,10.6
259,19:00:00,11/01/2024 7:00:00 CH,,274496.7,13.9,14.3
260,20:00:00,11/01/2024 8:00:00 CH,,274507.6,10.9,11.3
261,21:00:00,11/01/2024 9:00:00 CH,,274518.2,10.6,10.6
262,22:00:00,11/01/2024 10:00:00 CH,,274527.2,9.0,9.0
263,23:00:00,11/01/2024 11:00:00 CH,,274535.6,8.4,9.1
264,00:00:00,12/01/2024 12:00:00 SA,,274538.8,3.2,3.1
265,01:00:00,12/01/2024 1:00:00 SA,,274540.4,1.6,1.5
266,02:00:00,12/01/2024 2:00:00 SA,,274541.8,1.4,1.3
267,03:00:00,12/01/2024 3:00:00 SA,,274544.1,2.3,2.3
268,04:00:00,12/01/2024 4:00:00 SA,,274545.3,1.2,1.4
269,05:00:00,12/01/2024 5:00:00 SA,,274547.1,1.8,1.8
270,06:00:00,12/01/2024 6:00:00 SA,,274551.2,4.1,4.0
271,07:00:00,12/01/2024 7:00:00 SA,,274560.8,9.6,9.0
272,08:00:00,12/01/2024 8:00:00 SA,,274569.4,8.6,8.3
273,09:00:00,12/01/2024 9:00:00 SA,,274579.5,10.1,10.5
274,10:00:00,12/01/2024 10:00:00 SA,,274585.4,5.9,6.0
275,11:00:00,12/01/2024 11:00:00 SA,,274592.6,7.2,6.7
276,12:00:00,12/01/2024 12:00:00 CH,,274600.5,7.9,7.2
277,13:00:00,12/01/2024 1:00:00 CH,,274611.3,10.8,10.7
278,14:00:00,12/01/2024 2:00:00 CH,,274617.3,6.0,5.1
279,15:00:00,12/01/2024 3:00:00 CH,,274624.8,7.5,7.3
280,16:00:00,12/01/2024 4:00:00 CH,,274632.7,7.9,7.7
281,17:00:00,12/01/2024 5:00:00 CH,,274641.6,8.9,8.8
282,18:00:00,12/01/2024 6:00:00 CH,,274652.2,10.6,9.8
283,19:00:00,12/01/2024 7:00:00 CH,,274665.5,13.3,13.6
284,20:00:00,12/01/2024 8:00:00 CH,,274678.3,12.8,12.7
285,21:00:00,12/01/2024 9:00:00 CH,,274687.6,9.3,9.3
286,22:00:00,12/01/2024 10:00:00 CH,,274696.5,8.9,8.8
287,23:00:00,12/01/2024 11:00:00 CH,,274703.7,7.2,7.6
288,00:00:00,13/01/2024 12:00:00 SA,,274708.5,4.8,4.4
289,01:00:00,13/01/2024 1:00:00 SA,,274711.8,3.3,2.9
290,02:00:00,13/01/2024 2:00:00 SA,,274714.5,2.7,2.6
291,03:00:00,13/01/2024 3:00:00 SA,,274717.1,2.6,2.5
292,04:00:00,13/01/2024 4:00:00 SA,,274719.6,2.5,2.5
293,05:00:00,13/01/2024 5:00:00 SA,,274722.4,2.8,2.8
294,06:00:00,13/01/2024 6:00:00 SA,,274725.9,3.5,3.1
295,07:00:00,13/01/2024 7:00:00 SA,,274734.2,8.3,8.8
296,08:00:00,13/01/2024 8:00:00 SA,,274744.5,10.3,10.1
297,09:00:00,13/01/2024 9:00:00 SA,,274755.7,11.2,11.1
298,10:00:00,13/01/2024 10:00:00 SA,,274763.9,8.2,6.9
299,11:00:00,13/01/2024 11:00:00 SA,,274772.6,8.7,9.2
300,12:00:00,13/01/2024 12:00:00 CH,,274779.8,7.2,7.5
301,13:00:00,13/01/2024 1:00:00 CH,,274786.6,6.8,6.8
302,14:00:00,13/01/2024 2:00:00 CH,,274792.8,6.2,6.4
303,15:00:00,13/01/2024 3:00:00 CH,,274798.4,5.6,5.3
304,16:00:00,13/01/2024 4:00:00 CH,,274805.4,7.0,6.9
305,17:00:00,13/01/2024 5:00:00 CH,,274813.5,8.1,8.1
306,18:00:00,13/01/2024 6:00:00 CH,,274825.3,11.8,11.6
307,19:00:00,13/01/2024 7:00:00 CH,,274836.3,11.0,10.7
308,20:00:00,13/01/2024 8:00:00 CH,,274845.2,8.9,8.9
309,21:00:00,13/01/2024 9:00:00 CH,,274853.2,8.0,8.5
310,22:00:00,13/01/2024 10:00:00 CH,,274859.5,6.3,6.1
311,23:00:00,13/01/2024 11:00:00 CH,,274865.9,6.4,6.6
312,00:00:00,14/01/2024 12:00:00 SA,,274870.0,4.1,4.2
313,01:00:00,14/01/2024 1:00:00 SA,,274872.1,2.1,2.2
314,02:00:00,14/01/2024 2:00:00 SA,,274873.7,1.6,1.6
315,03:00:00,14/01/2024 3:00:00 SA,,274875.2,1.5,1.4
316,04:00:00,14/01/2024 4:00:00 SA,,274876.4,1.2,1.2
317,05:00:00,14/01/2024 5:00:00 SA,,274877.9,1.5,1.5
318,06:00:00,14/01/2024 6:00:00 SA,,274880.0,2.1,1.8
319,07:00:00,14/01/2024 7:00:00 SA,,274885.2,5.2,4.8
320,08:00:00,14/01/2024 8:00:00 SA,,274896.4,11.2,11.3
321,09:00:00,14/01/2024 9:00:00 SA,,274909.9,13.5,13.5
322,10:00:00,14/01/2024 10:00:00 SA,,274919.7,9.8,10.3
323,11:00:00,14/01/2024 11:00:00 SA,,274928.9,9.2,9.5
324,12:00:00,14/01/2024 12:00:00 CH,,274937.2,8.3,8.0
325,13:00:00,14/01/2024 1:00:00 CH,,274944.7,7.5,7.6
326,14:00:00,14/01/2024 2:00:00 CH,,274950.4,5.7,5.7
327,15:00:00,14/01/2024 3:00:00 CH,,274957.0,6.6,6.6
328,16:00:00,14/01/2024 4:00:00 CH,,274966.3,9.3,8.8
329,17:00:00,14/01/2024 5:00:00 CH,,274975.3,9.0,8.5
330,18:00:00,14/01/2024 6:00:00 CH,,274986.6,11.3,10.8
331,19:00:00,14/01/2024 7:00:00 CH,,275000.3,13.7,14.2
332,20:00:00,14/01/2024 8:00:00 CH,,275011.8,11.5,11.1
333,21:00:00,14/01/2024 9:00:00 CH,,275021.8,10.0,10.1
334,22:00:00,14/01/2024 10:00:00 CH,,275030.3,8.5,7.9
335,23:00:00,14/01/2024 11:00:00 CH,,275037.0,6.7,6.3
336,00:00:00,15/01/2024 12:00:00 SA,,275042.2,5.2,4.9
337,01:00:00,15/01/2024 1:00:00 SA,,275045.6,3.4,3.2
338,02:00:00,15/01/2024 2:00:00 SA,,275048.1,2.5,2.5
339,03:00:00,15/01/2024 3:00:00 SA,,275049.8,1.7,1.9
340,04:00:00,15/01/2024 4:00:00 SA,,275050.9,1.1,1.1
341,05:00:00,15/01/2024 5:00:00 SA,,275052.5,1.6,1.6
342,06:00:00,15/01/2024 6:00:00 SA,,275056.9,4.4,3.8
343,07:00:00,15/01/2024 7:00:00 SA,,275066.6,9.7,9.6
344,08:00:00,15/01/2024 8:00:00 SA,,275076.6,10.0,9.6
345,09:00:00,15/01/2024 9:00:00 SA,,275085.3,8.7,8.6
346,10:00:00,15/01/2024 10:00:00 SA,,275093.8,8.5,8.5
347,11:00:00,15/01/2024 11:00:00 SA,,275103.6,9.8,10.1
348,12:00:00,15/01/2024 12:00:00 CH,,275113.1,9.5,9.6
349,13:00:00,15/01/2024 1:00:00 CH,,275121.1,8.0,7.7
350,14:00:00,15/01/2024 2:00:00 CH,,275126.6,5.5,5.6
351,15:00:00,15/01/2024 3:00:00 CH,,275133.5,6.9,6.7
352,16:00:00,15/01/2024 4:00:00 CH,,275138.9,5.4,5.0
353,17:00:00,15/01/2024 5:00:00 CH,,275144.8,5.9,6.1
354,18:00:00,15/01/2024 6:00:00 CH,,275153.9,9.1,8.8
355,19:00:00,15/01/2024 7:00:00 CH,,275169.5,15.6,15.3
356,20:00:00,15/01/2024 8:00:00 CH,,275181.5,12.0,11.4
357,21:00:00,15/01/2024 9:00:00 CH,,275191.5,10.0,10.4
358,22:00:00,15/01/2024 10:00:00 CH,,275200.8,9.3,9.0
359,23:00:00,15/01/2024 11:00:00 CH,,275209.0,8.2,8.8
360,00:00:00,16/01/2024 12:00:00 SA,,275213.0,4.0,4.4
361,01:00:00,16/01/2024 1:00:00 SA,,275214.9,1.9,1.8
362,02:00:00,16/01/2024 2:00:00 SA,,275216.3,1.4,1.2
363,03:00:00,16/01/2024 3:00:00 SA,,275217.6,1.3,1.1
364,04:00:00,16/01/2024 4:00:00 SA,,275218.7,1.1,1.3
365,05:00:00,16/01/2024 5:00:00 SA,,275220.4,1.7,1.7
366,06:00:00,16/01/2024 6:00:00 SA,,275224.4,4.0,3.5
367,07:00:00,16/01/2024 7:00:00 SA,,275233.4,9.0,8.9
368,08:00:00,16/01/2024 8:00:00 SA,,275241.7,8.3,8.0
369,09:00:00,16/01/2024 9:00:00 SA,,275252.4,10.7,10.3
370,10:00:00,16/01/2024 10:00:00 SA,,275262.0,9.6,9.8
371,11:00:00,16/01/2024 11:00:00 SA,,275269.1,7.1,7.5
372,12:00:00,16/01/2024 12:00:00 CH,,275276.8,7.7,7.4
373,13:00:00,16/01/2024 1:00:00 CH,,275282.8,6.0,5.7
374,14:00:00,16/01/2024 2:00:00 CH,,275288.1,5.3,5.2
375,15:00:00,16/01/2024 3:00:00 CH,,275294.1,6.0,5.9
376,16:00:00,16/01/2024 4:00:00 CH,,275301.7,7.6,7.4
377,17:00:00,16/01/2024 5:00:00 CH,,275308.8,7.1,6.6
378,18:00:00,16/01/2024 6:00:00 CH,,275320.3,11.5,11.0
379,19:00:00,16/01/2024 7:00:00 CH,,275335.2,14.9,14.8
380,20:00:00,16/01/2024 8:00:00 CH,,275347.3,12.1,12.0
381,21:00:00,16/01/2024 9:00:00 CH,,275358.7,11.4,11.0
382,22:00:00,16/01/2024 10:00:00 CH,,275369.2,10.5,10.2
383,23:00:00,16/01/2024 11:00:00 CH,,275376.2,7.0,6.9
384,00:00:00,17/01/2024 12:00:00 SA,,275380.0,3.8,3.9
385,01:00:00,17/01/2024 1:00:00 SA,,275382.0,2.0,2.2
386,02:00:00,17/01/2024 2:00:00 SA,,275383.5,1.5,1.6
387,03:00:00,17/01/2024 3:00:00 SA,,275385.3,1.8,1.7
388,04:00:00,17/01/2024 4:00:00 SA,,275386.8,1.5,1.4
389,05:00:00,17/01/2024 5:00:00 SA,,275388.5,1.7,1.6
390,06:00:00,17/01/2024 6:00:00 SA,,275392.8,4.3,3.6
391,07:00:00,17/01/2024 7:00:00 SA,,275405.0,12.2,11.7
392,08:00:00,17/01/2024 8:00:00 SA,,275413.7,8.7,8.6
393,09:00:00,17/01/2024 9:00:00 SA,,275423.5,9.8,10.0
394,10:00:00,17/01/2024 10:00:00 SA,,275430.5,7.0,6.7
395,11:00:00,17/01/2024 11:00:00 SA,,275437.1,6.6,6.3
396,12:00:00,17/01/2024 12:00:00 CH,,275444.0,6.9,6.5
397,13:00:00,17/01/2024 1:00:00 CH,,275450.0,6.0,6.1
398,14:00:00,17/01/2024 2:00:00 CH,,275458.4,8.4,7.9
399,15:00:00,17/01/2024 3:00:00 CH,,275466.3,7.9,8.6
400,16:00:00,17/01/2024 4:00:00 CH,,275472.5,6.2,6.3
401,17:00:00,17/01/2024 5:00:00 CH,,275480.8,8.3,7.9
402,18:00:00,17/01/2024 6:00:00 CH,,275492.0,11.2,10.6
403,19:00:00,17/01/2024 7:00:00 CH,,275506.7,14.7,14.0
404,20:00:00,17/01/2024 8:00:00 CH,,275519.7,13.0,12.2
405,21:00:00,17/01/2024 9:00:00 CH,,275530.9,11.2,10.9
406,22:00:00,17/01/2024 10:00:00 CH,,275541.1,10.2,9.3
407,23:00:00,17/01/2024 11:00:00 CH,,275548.0,6.9,7.2
408,00:00:00,18/01/2024 12:00:00 SA,,275551.6,3.6,3.4
409,01:00:00,18/01/2024 1:00:00 SA,,275553.5,1.9,1.9
410,02:00:00,18/01/2024 2:00:00 SA,,275554.9,1.4,1.2
411,03:00:00,18/01/2024 3:00:00 SA,,275556.2,1.3,1.3
412,04:00:00,18/01/2024 4:00:00 SA,,275557.4,1.2,1.3
413,05:00:00,18/01/2024 5:00:00 SA,,275559.2,1.8,1.8
414,06:00:00,18/01/2024 6:00:00 SA,,275563.2,4.0,3.5
415,07:00:00,18/01/2024 7:00:00 SA,,275572.9,9.7,9.3
416,08:00:00,18/01/2024 8:00:00 SA,,275581.6,8.7,8.7
417,09:00:00,18/01/2024 9:00:00 SA,,275589.2,7.6,6.6
418,10:00:00,18/01/2024 10:00:00 SA,,275595.9,6.7,7.1
419,11:00:00,18/01/2024 11:00:00 SA,,275602.9,7.0,6.9
420,12:00:00,18/01/2024 12:00:00 CH,,275610.1,7.2,7.1
421,13:00:00,18/01/2024 1:00:00 CH,,275616.3,6.2,5.9
422,14:00:00,18/01/2024 2:00:00 CH,,275623.3,7.0,7.2
423,15:00:00,18/01/2024 3:00:00 CH,,275629.1,5.8,4.9
424,16:00:00,18/01/2024 4:00:00 CH,,275634.8,5.7,5.7
425,17:00:00,18/01/2024 5:00:00 CH,,275643.4,8.6,8.7
426,18:00:00,18/01/2024 6:00:00 CH,,275657.0,13.6,13.5
427,19:00:00,18/01/2024 7:00:00 CH,,275672.8,15.8,15.3
428,20:00:00,18/01/2024 8:00:00 CH,,275685.3,12.5,12.1
429,21:00:00,18/01/2024 9:00:00 CH,,275696.6,11.3,11.3
430,22:00:00,18/01/2024 10:00:00 CH,,275705.1,8.5,8.0
431,23:00:00,18/01/2024 11:00:00 CH,,275712.2,7.1,7.2
432,00:00:00,19/01/2024 12:00:00 SA,,275715.8,3.6,3.7
433,01:00:00,19/01/2024 1:00:00 SA,,275717.7,1.9,1.9
434,02:00:00,19/01/2024 2:00:00 SA,,275719.1,1.4,1.2
435,03:00:00,19/01/2024 3:00:00 SA,,275720.3,1.2,1.0
436,04:00:00,19/01/2024 4:00:00 SA,,275721.4,1.1,1.3
437,05:00:00,19/01/2024 5:00:00 SA,,275723.3,1.9,1.5
438,06:00:00,19/01/2024 6:00:00 SA,,275727.9,4.6,4.0
439,07:00:00,19/01/2024 7:00:00 SA,,275739.2,11.3,11.3
440,08:00:00,19/01/2024 8:00:00 SA,,275750.9,11.7,12.2
441,09:00:00,19/01/2024 9:00:00 SA,,275758.7,7.8,7.7
442,10:00:00,19/01/2024 10:00:00 SA,,275766.3,7.6,7.2
443,11:00:00,19/01/2024 11:00:00 SA,,275773.0,6.7,6.2
444,12:00:00,19/01/2024 12:00:00 CH,,275780.4,7.4,7.2
445,13:00:00,19/01/2024 1:00:00 CH,,275788.0,7.6,7.3
446,14:00:00,19/01/2024 2:00:00 CH,,275795.8,7.8,7.2
447,15:00:00,19/01/2024 3:00:00 CH,,275802.6,6.8,6.8
448,16:00:00,19/01/2024 4:00:00 CH,,275807.9,5.3,5.3
449,17:00:00,19/01/2024 5:00:00 CH,,275814.1,6.2,5.9
450,18:00:00,19/01/2024 6:00:00 CH,,275825.2,11.1,10.8
451,19:00:00,19/01/2024 7:00:00 CH,,275839.2,14.0,13.4
452,20:00:00,19/01/2024 8:00:00 CH,,275851.5,12.3,12.5
453,21:00:00,19/01/2024 9:00:00 CH,,275861.5,10.0,9.9
454,22:00:00,19/01/2024 10:00:00 CH,,275870.6,9.1,9.5
455,23:00:00,19/01/2024 11:00:00 CH,,275878.2,7.6,7.4
456,00:00:00,20/01/2024 12:00:00 SA,,275882.7,4.5,4.4
457,01:00:00,20/01/2024 1:00:00 SA,,275885.9,3.2,3.1
458,02:00:00,20/01/2024 2:00:00 SA,,275888.0,2.1,2.2
459,03:00:00,20/01/2024 3:00:00 SA,,275889.4,1.4,1.1
460,04:00:00,20/01/2024 4:00:00 SA,,275890.7,1.3,1.3
461,05:00:00,20/01/2024 5:00:00 SA,,275893.2,2.5,2.2
462,06:00:00,20/01/2024 6:00:00 SA,,275897.1,3.9,3.6
463,07:00:00,20/01/2024 7:00:00 SA,,275906.6,9.5,8.8
464,08:00:00,20/01/2024 8:00:00 SA,,275917.6,11.0,10.5
465,09:00:00,20/01/2024 9:00:00 SA,,275930.6,13.0,12.9
466,10:00:00,20/01/2024 10:00:00 SA,,275942.2,11.6,11.8
467,11:00:00,20/01/2024 11:00:00 SA,,275953.4,11.2,11.5
468,12:00:00,20/01/2024 12:00:00 CH,,275962.7,9.3,8.9
469,13:00:00,20/01/2024 1:00:00 CH,,275971.6,8.9,9.1
470,14:00:00,20/01/2024 2:00:00 CH,,275977.7,6.1,5.6
471,15:00:00,20/01/2024 3:00:00 CH,,275984.4,6.7,6.9
472,16:00:00,20/01/2024 4:00:00 CH,,275991.8,7.4,7.2
473,17:00:00,20/01/2024 5:00:00 CH,,276001.1,9.3,9.0
474,18:00:00,20/01/2024 6:00:00 CH,,276016.2,15.1,14.2
475,19:00:00,20/01/2024 7:00:00 CH,,276031.3,15.1,15.4
476,20:00:00,20/01/2024 8:00:00 CH,,276042.4,11.1,10.4
477,21:00:00,20/01/2024 9:00:00 CH,,276051.8,9.4,10.4
478,22:00:00,20/01/2024 10:00:00 CH,,276059.9,8.1,7.8
479,23:00:00,20/01/2024 11:00:00 CH,,276068.3,8.4,8.4
480,00:00:00,21/01/2024 12:00:00 SA,,276072.7,4.4,4.4
481,01:00:00,21/01/2024 1:00:00 SA,,276074.8,2.1,2.2
482,02:00:00,21/01/2024 2:00:00 SA,,276076.3,1.5,1.6
483,03:00:00,21/01/2024 3:00:00 SA,,276077.6,1.3,1.2
484,04:00:00,21/01/2024 4:00:00 SA,,276078.9,1.3,1.1
485,05:00:00,21/01/2024 5:00:00 SA,,276081.0,2.1,1.9
486,06:00:00,21/01/2024 6:00:00 SA,,276083.6,2.6,2.2
487,07:00:00,21/01/2024 7:00:00 SA,,276090.6,7.0,6.5
488,08:00:00,21/01/2024 8:00:00 SA,,276102.3,11.7,11.8
489,09:00:00,21/01/2024 9:00:00 SA,,276112.4,10.1,10.9
490,10:00:00,21/01/2024 10:00:00 SA,,276121.8,9.4,9.4
491,11:00:00,21/01/2024 11:00:00 SA,,276130.5,8.7,8.3
492,12:00:00,21/01/2024 12:00:00 CH,,276137.7,7.2,7.2
493,13:00:00,21/01/2024 1:00:00 CH,,276145.9,8.2,7.7
494,14:00:00,21/01/2024 2:00:00 CH,,276150.8,4.9,4.7
495,15:00:00,21/01/2024 3:00:00 CH,,276157.0,6.2,6.2
496,16:00:00,21/01/2024 4:00:00 CH,,276163.5,6.5,5.6
497,17:00:00,21/01/2024 5:00:00 CH,,276173.6,10.1,9.8
498,18:00:00,21/01/2024 6:00:00 CH,,276186.3,12.7,12.2
499,19:00:00,21/01/2024 7:00:00 CH,,276199.6,13.3,13.1
500,20:00:00,21/01/2024 8:00:00 CH,,276209.9,10.3,9.9
501,21:00:00,21/01/2024 9:00:00 CH,,276219.4,9.5,9.2
502,22:00:00,21/01/2024 10:00:00 CH,,276228.6,9.2,8.9
503,23:00:00,21/01/2024 11:00:00 CH,,276237.6,9.0,9.2
504,00:00:00,22/01/2024 12:00:00 SA,,276241.0,3.4,3.2
505,01:00:00,22/01/2024 1:00:00 SA,,276243.0,2.0,2.0
506,02:00:00,22/01/2024 2:00:00 SA,,276244.6,1.6,1.4
507,03:00:00,22/01/2024 3:00:00 SA,,276246.2,1.6,1.4
508,04:00:00,22/01/2024 4:00:00 SA,,276247.5,1.3,1.2
509,05:00:00,22/01/2024 5:00:00 SA,,276249.1,1.6,1.6
510,06:00:00,22/01/2024 6:00:00 SA,,276253.1,4.0,3.9
511,07:00:00,22/01/2024 7:00:00 SA,,276262.7,9.6,9.8
512,08:00:00,22/01/2024 8:00:00 SA,,276272.5,9.8,9.9
513,09:00:00,22/01/2024 9:00:00 SA,,276284.5,12.0,11.9
514,10:00:00,22/01/2024 10:00:00 SA,,276290.3,5.8,5.9
515,11:00:00,22/01/2024 11:00:00 SA,,276297.1,6.8,6.7
516,12:00:00,22/01/2024 12:00:00 CH,,276304.0,6.9,7.0
517,13:00:00,22/01/2024 1:00:00 CH,,276310.2,6.2,6.2
518,14:00:00,22/01/2024 2:00:00 CH,,276315.7,5.5,5.2
519,15:00:00,22/01/2024 3:00:00 CH,,276319.7,4.0,4.1
520,16:00:00,22/01/2024 4:00:00 CH,,276325.1,5.4,5.6
521,17:00:00,22/01/2024 5:00:00 CH,,276331.3,6.2,6.5
522,18:00:00,22/01/2024 6:00:00 CH,,276341.0,9.7,10.0
523,19:00:00,22/01/2024 7:00:00 CH,,276353.8,12.8,12.5
524,20:00:00,22/01/2024 8:00:00 CH,,276365.6,11.8,12.7
525,21:00:00,22/01/2024 9:00:00 CH,,276376.1,10.5,10.3
526,22:00:00,22/01/2024 10:00:00 CH,,276384.7,8.6,8.3
527,23:00:00,22/01/2024 11:00:00 CH,,276389.1,4.4,5.5
528,00:00:00,23/01/2024 12:00:00 SA,,276391.4,2.3,4.5
529,01:00:00,23/01/2024 1:00:00 SA,,276396.3,4.9,4.8
530,02:00:00,23/01/2024 2:00:00 SA,,276398.5,2.2,2.1
531,03:00:00,23/01/2024 3:00:00 SA,,276400.4,1.9,1.7
532,04:00:00,23/01/2024 4:00:00 SA,,276402.3,1.9,1.9
533,05:00:00,23/01/2024 5:00:00 SA,,276404.4,2.1,1.9
534,06:00:00,23/01/2024 6:00:00 SA,,276408.0,3.6,3.5
535,07:00:00,23/01/2024 7:00:00 SA,,276416.4,8.4,8.5
536,08:00:00,23/01/2024 8:00:00 SA,,276424.4,8.0,8.3
537,09:00:00,23/01/2024 9:00:00 SA,,276432.4,8.0,7.8
538,10:00:00,23/01/2024 10:00:00 SA,,276438.4,6.0,6.0
539,11:00:00,23/01/2024 11:00:00 SA,,276444.6,6.2,6.2
540,12:00:00,23/01/2024 12:00:00 CH,,276452.1,7.5,8.3
541,13:00:00,23/01/2024 1:00:00 CH,,276459.3,7.2,6.7
542,14:00:00,23/01/2024 2:00:00 CH,,276465.9,6.6,6.4
543,15:00:00,23/01/2024 3:00:00 CH,,276472.5,6.6,6.5
544,16:00:00,23/01/2024 4:00:00 CH,,276478.6,6.1,6.0
545,17:00:00,23/01/2024 5:00:00 CH,,276486.1,7.5,7.0
546,18:00:00,23/01/2024 6:00:00 CH,,276495.7,9.6,10.0
547,19:00:00,23/01/2024 7:00:00 CH,,276508.9,13.2,13.8
548,20:00:00,23/01/2024 8:00:00 CH,,276519.9,11.0,11.6
549,21:00:00,23/01/2024 9:00:00 CH,,276531.4,11.5,11.5
550,22:00:00,23/01/2024 10:00:00 CH,,276540.2,8.8,8.9
551,23:00:00,23/01/2024 11:00:00 CH,,276546.9,6.7,7.2
552,00:00:00,24/01/2024 12:00:00 SA,,276550.8,3.9,3.8
553,01:00:00,24/01/2024 1:00:00 SA,,276552.7,1.9,2.0
554,02:00:00,24/01/2024 2:00:00 SA,,276554.1,1.4,1.4
555,03:00:00,24/01/2024 3:00:00 SA,,276555.5,1.4,1.4
556,04:00:00,24/01/2024 4:00:00 SA,,276556.9,1.4,1.2
557,05:00:00,24/01/2024 5:00:00 SA,,276558.6,1.7,1.6
558,06:00:00,24/01/2024 6:00:00 SA,,276562.9,4.3,4.2
559,07:00:00,24/01/2024 7:00:00 SA,,276572.1,9.2,9.3
560,08:00:00,24/01/2024 8:00:00 SA,,276581.9,9.8,10.3
561,09:00:00,24/01/2024 9:00:00 SA,,276589.5,7.6,7.5
562,10:00:00,24/01/2024 10:00:00 SA,,276596.9,7.4,6.8
563,11:00:00,24/01/2024 11:00:00 SA,,276603.8,6.9,6.3
564,12:00:00,24/01/2024 12:00:00 CH,,276611.1,7.3,7.3
565,13:00:00,24/01/2024 1:00:00 CH,,276618.8,7.7,8.0
566,14:00:00,24/01/2024 2:00:00 CH,,276624.3,5.5,5.2
567,15:00:00,24/01/2024 3:00:00 CH,,276631.2,6.9,6.4
568,16:00:00,24/01/2024 4:00:00 CH,,276638.9,7.7,7.7
569,17:00:00,24/01/2024 5:00:00 CH,,276647.1,8.2,7.9
570,18:00:00,24/01/2024 6:00:00 CH,,276656.2,9.1,8.9
571,19:00:00,24/01/2024 7:00:00 CH,,276668.6,12.4,12.3
572,20:00:00,24/01/2024 8:00:00 CH,,276680.4,11.8,11.7
573,21:00:00,24/01/2024 9:00:00 CH,,276691.5,11.1,10.5
574,22:00:00,24/01/2024 10:00:00 CH,,276701.1,9.6,9.7
575,23:00:00,24/01/2024 11:00:00 CH,,276708.2,7.1,7.5
576,00:00:00,25/01/2024 12:00:00 SA,,276711.6,3.4,3.5
577,01:00:00,25/01/2024 1:00:00 SA,,276713.5,1.9,2.0
578,02:00:00,25/01/2024 2:00:00 SA,,276714.7,1.2,1.3
579,03:00:00,25/01/2024 3:00:00 SA,,276715.8,1.1,1.2
580,04:00:00,25/01/2024 4:00:00 SA,,276717.0,1.2,1.3
581,05:00:00,25/01/2024 5:00:00 SA,,276718.2,1.2,1.2
582,06:00:00,25/01/2024 6:00:00 SA,,276721.7,3.5,3.1
583,07:00:00,25/01/2024 7:00:00 SA,,276730.2,8.5,8.1
584,08:00:00,25/01/2024 8:00:00 SA,,276738.8,8.6,8.2
585,09:00:00,25/01/2024 9:00:00 SA,,276747.3,8.5,8.7
586,10:00:00,25/01/2024 10:00:00 SA,,276755.2,7.9,7.6
587,11:00:00,25/01/2024 11:00:00 SA,,276763.6,8.4,8.9
588,12:00:00,25/01/2024 12:00:00 CH,,276772.0,8.4,8.8
589,13:00:00,25/01/2024 1:00:00 CH,,276778.5,6.5,6.5
590,14:00:00,25/01/2024 2:00:00 CH,,276783.7,5.2,5.4
591,15:00:00,25/01/2024 3:00:00 CH,,276788.3,4.6,4.4
592,16:00:00,25/01/2024 4:00:00 CH,,276793.8,5.5,5.6
593,17:00:00,25/01/2024 5:00:00 CH,,276799.9,6.1,6.6
594,18:00:00,25/01/2024 6:00:00 CH,,276809.6,9.7,9.2
595,19:00:00,25/01/2024 7:00:00 CH,,276822.8,13.2,14.0
596,20:00:00,25/01/2024 8:00:00 CH,,276834.6,11.8,12.2
597,21:00:00,25/01/2024 9:00:00 CH,,276845.8,11.2,11.2
598,22:00:00,25/01/2024 10:00:00 CH,,276855.6,9.8,10.0
599,23:00:00,25/01/2024 11:00:00 CH,,276861.3,5.7,5.7
600,00:00:00,26/01/2024 12:00:00 SA,,276863.9,2.6,2.6
601,01:00:00,26/01/2024 1:00:00 SA,,276865.6,1.7,1.6
602,02:00:00,26/01/2024 2:00:00 SA,,276867.0,1.4,1.2
603,03:00:00,26/01/2024 3:00:00 SA,,276868.3,1.3,1.2
604,04:00:00,26/01/2024 4:00:00 SA,,276869.6,1.3,1.1
605,05:00:00,26/01/2024 5:00:00 SA,,276871.0,1.4,1.2
606,06:00:00,26/01/2024 6:00:00 SA,,276874.2,3.2,3.1
607,07:00:00,26/01/2024 7:00:00 SA,,276882.9,8.7,9.0
608,08:00:00,26/01/2024 8:00:00 SA,,276891.6,8.7,8.1
609,09:00:00,26/01/2024 9:00:00 SA,,276904.3,12.7,12.6
610,10:00:00,26/01/2024 10:00:00 SA,,276913.4,9.1,8.8
611,11:00:00,26/01/2024 11:00:00 SA,,276921.9,8.5,8.8
612,12:00:00,26/01/2024 12:00:00 CH,,276928.6,6.7,6.6
613,13:00:00,26/01/2024 1:00:00 CH,,276935.0,6.4,6.6
614,14:00:00,26/01/2024 2:00:00 CH,,276940.9,5.9,5.4
615,15:00:00,26/01/2024 3:00:00 CH,,276947.6,6.7,7.2
616,16:00:00,26/01/2024 4:00:00 CH,,276952.5,4.9,4.3
617,17:00:00,26/01/2024 5:00:00 CH,,276959.5,7.0,6.3
618,18:00:00,26/01/2024 6:00:00 CH,,276969.7,10.2,10.0
619,19:00:00,26/01/2024 7:00:00 CH,,276983.9,14.2,13.9
620,20:00:00,26/01/2024 8:00:00 CH,,276995.1,11.2,10.4
621,21:00:00,26/01/2024 9:00:00 CH,,277005.3,10.2,10.6
622,22:00:00,26/01/2024 10:00:00 CH,,277013.9,8.6,8.4
623,23:00:00,26/01/2024 11:00:00 CH,,277020.7,6.8,6.9
624,00:00:00,27/01/2024 12:00:00 SA,,277025.3,4.6,4.5
625,01:00:00,27/01/2024 1:00:00 SA,,277028.7,3.4,3.7
626,02:00:00,27/01/2024 2:00:00 SA,,277030.2,1.5,1.6
627,03:00:00,27/01/2024 3:00:00 SA,,277031.5,1.3,1.2
628,04:00:00,27/01/2024 4:00:00 SA,,277032.7,1.2,0.9
629,05:00:00,27/01/2024 5:00:00 SA,,277034.2,1.5,1.0
630,06:00:00,27/01/2024 6:00:00 SA,,277036.8,2.6,2.7
631,07:00:00,27/01/2024 7:00:00 SA,,277043.1,6.3,6.2
632,08:00:00,27/01/2024 8:00:00 SA,,277051.8,8.7,9.1
633,09:00:00,27/01/2024 9:00:00 SA,,277061.0,9.2,9.0
634,10:00:00,27/01/2024 10:00:00 SA,,277068.7,7.7,7.6
635,11:00:00,27/01/2024 11:00:00 SA,,277076.3,7.6,7.6
636,12:00:00,27/01/2024 12:00:00 CH,,277083.4,7.1,7.0
637,13:00:00,27/01/2024 1:00:00 CH,,277090.9,7.5,6.8
638,14:00:00,27/01/2024 2:00:00 CH,,277096.4,5.5,5.6
639,15:00:00,27/01/2024 3:00:00 CH,,277101.0,4.6,4.3
640,16:00:00,27/01/2024 4:00:00 CH,,277106.5,5.5,5.0
641,17:00:00,27/01/2024 5:00:00 CH,,277113.9,7.4,6.8
642,18:00:00,27/01/2024 6:00:00 CH,,277122.9,9.0,8.8
643,19:00:00,27/01/2024 7:00:00 CH,,277134.7,11.8,11.9
644,20:00:00,27/01/2024 8:00:00 CH,,277145.2,10.5,11.0
645,21:00:00,27/01/2024 9:00:00 CH,,277155.7,10.5,9.7
646,22:00:00,27/01/2024 10:00:00 CH,,277163.1,7.4,7.3
647,23:00:00,27/01/2024 11:00:00 CH,,277169.8,6.7,6.5
648,00:00:00,28/01/2024 12:00:00 SA,,277173.7,3.9,4.0
649,01:00:00,28/01/2024 1:00:00 SA,,277177.3,3.6,3.4
650,02:00:00,28/01/2024 2:00:00 SA,,277179.0,1.7,1.8
651,03:00:00,28/01/2024 3:00:00 SA,,277180.5,1.5,1.3
652,04:00:00,28/01/2024 4:00:00 SA,,277182.0,1.5,1.4
653,05:00:00,28/01/2024 5:00:00 SA,,277183.5,1.5,1.6
654,06:00:00,28/01/2024 6:00:00 SA,,277186.3,2.8,2.7
655,07:00:00,28/01/2024 7:00:00 SA,,277191.2,4.9,5.0
656,08:00:00,28/01/2024 8:00:00 SA,,277200.3,9.1,9.4
657,09:00:00,28/01/2024 9:00:00 SA,,277209.1,8.8,9.0
658,10:00:00,28/01/2024 10:00:00 SA,,277217.8,8.7,8.5
659,11:00:00,28/01/2024 11:00:00 SA,,277227.2,9.4,9.5
660,12:00:00,28/01/2024 12:00:00 CH,,277236.7,9.5,9.1
661,13:00:00,28/01/2024 1:00:00 CH,,277243.8,7.1,6.9
662,14:00:00,28/01/2024 2:00:00 CH,,277250.5,6.7,6.1
663,15:00:00,28/01/2024 3:00:00 CH,,277259.5,9.0,9.2
664,16:00:00,28/01/2024 4:00:00 CH,,277266.4,6.9,7.5
665,17:00:00,28/01/2024 5:00:00 CH,,277275.3,8.9,8.7
666,18:00:00,28/01/2024 6:00:00 CH,,277287.9,12.6,12.8
667,19:00:00,28/01/2024 7:00:00 CH,,277302.0,14.1,14.1
668,20:00:00,28/01/2024 8:00:00 CH,,277313.9,11.9,11.9
669,21:00:00,28/01/2024 9:00:00 CH,,277323.5,9.6,9.7
670,22:00:00,28/01/2024 10:00:00 CH,,277332.2,8.7,8.9
671,23:00:00,28/01/2024 11:00:00 CH,,277338.2,6.0,5.8
672,00:00:00,29/01/2024 12:00:00 SA,,277342.1,3.9,4.2
673,01:00:00,29/01/2024 1:00:00 SA,,277344.1,2.0,1.9
674,02:00:00,29/01/2024 2:00:00 SA,,277345.5,1.4,1.2
675,03:00:00,29/01/2024 3:00:00 SA,,277346.9,1.4,1.1
676,04:00:00,29/01/2024 4:00:00 SA,,277348.1,1.2,1.2
677,05:00:00,29/01/2024 5:00:00 SA,,277349.7,1.6,1.5
678,06:00:00,29/01/2024 6:00:00 SA,,277353.2,3.5,3.0
679,07:00:00,29/01/2024 7:00:00 SA,,277362.1,8.9,8.4
680,08:00:00,29/01/2024 8:00:00 SA,,277370.4,8.3,7.7
681,09:00:00,29/01/2024 9:00:00 SA,,277380.0,9.6,9.0
682,10:00:00,29/01/2024 10:00:00 SA,,277388.2,8.2,8.4
683,11:00:00,29/01/2024 11:00:00 SA,,277394.7,6.5,6.0
684,12:00:00,29/01/2024 12:00:00 CH,,277402.4,7.7,7.8
685,13:00:00,29/01/2024 1:00:00 CH,,277409.1,6.7,6.1
686,14:00:00,29/01/2024 2:00:00 CH,,277415.8,6.7,6.6
687,15:00:00,29/01/2024 3:00:00 CH,,277425.7,9.9,9.6
688,16:00:00,29/01/2024 4:00:00 CH,,277433.1,7.4,7.6
689,17:00:00,29/01/2024 5:00:00 CH,,277440.3,7.2,7.1
690,18:00:00,29/01/2024 6:00:00 CH,,277452.5,12.2,12.5
691,19:00:00,29/01/2024 7:00:00 CH,,277468.0,15.5,15.2
692,20:00:00,29/01/2024 8:00:00 CH,,277480.6,12.6,12.7
693,21:00:00,29/01/2024 9:00:00 CH,,277492.0,11.4,11.2
694,22:00:00,29/01/2024 10:00:00 CH,,277503.2,11.2,10.5
695,23:00:00,29/01/2024 11:00:00 CH,,277512.0,8.8,9.2
696,00:00:00,30/01/2024 12:00:00 SA,,277518.9,6.9,7.3
697,01:00:00,30/01/2024 1:00:00 SA,,277522.0,3.1,3.2
698,02:00:00,30/01/2024 2:00:00 SA,,277524.8,2.8,2.4
699,03:00:00,30/01/2024 3:00:00 SA,,277527.0,2.2,2.2
700,04:00:00,30/01/2024 4:00:00 SA,,277529.2,2.2,2.2
701,05:00:00,30/01/2024 5:00:00 SA,,277531.8,2.6,2.2
702,06:00:00,30/01/2024 6:00:00 SA,,277536.0,4.2,3.8
703,07:00:00,30/01/2024 7:00:00 SA,,277546.4,10.4,10.3
704,08:00:00,30/01/2024 8:00:00 SA,,277555.5,9.1,8.9
705,09:00:00,30/01/2024 9:00:00 SA,,277563.3,7.8,7.4
706,10:00:00,30/01/2024 10:00:00 SA,,277569.7,6.4,6.5
707,11:00:00,30/01/2024 11:00:00 SA,,277576.7,7.0,6.6
708,12:00:00,30/01/2024 12:00:00 CH,,277584.9,8.2,7.8
709,13:00:00,30/01/2024 1:00:00 CH,,277594.5,9.6,9.7
710,14:00:00,30/01/2024 2:00:00 CH,,277602.7,8.2,8.1
711,15:00:00,30/01/2024 3:00:00 CH,,277608.0,5.3,5.4
712,16:00:00,30/01/2024 4:00:00 CH,,277612.5,4.5,4.2
713,17:00:00,30/01/2024 5:00:00 CH,,277618.6,6.1,5.7
714,18:00:00,30/01/2024 6:00:00 CH,,277628.3,9.7,9.1
715,19:00:00,30/01/2024 7:00:00 CH,,277641.5,13.2,13.6
716,20:00:00,30/01/2024 8:00:00 CH,,277653.1,11.6,11.9
717,21:00:00,30/01/2024 9:00:00 CH,,277664.7,11.6,11.0
718,22:00:00,30/01/2024 10:00:00 CH,,277675.6,10.9,11.1
719,23:00:00,30/01/2024 11:00:00 CH,,277684.1,8.5,8.5
720,00:00:00,31/01/2024 12:00:00 SA,,277688.8,4.7,4.8
721,01:00:00,31/01/2024 1:00:00 SA,,277691.5,2.7,2.5
722,02:00:00,31/01/2024 2:00:00 SA,,277693.4,1.9,2.0
723,03:00:00,31/01/2024 3:00:00 SA,,277695.1,1.7,1.4
724,04:00:00,31/01/2024 4:00:00 SA,,277696.8,1.7,1.7
725,05:00:00,31/01/2024 5:00:00 SA,,277699.1,2.3,2.3
726,06:00:00,31/01/2024 6:00:00 SA,,277703.5,4.4,3.8
727,07:00:00,31/01/2024 7:00:00 SA,,277714.6,11.1,10.4
728,08:00:00,31/01/2024 8:00:00 SA,,277723.8,9.2,9.5
729,09:00:00,31/01/2024 9:00:00 SA,,277733.2,9.4,9.4
730,10:00:00,31/01/2024 10:00:00 SA,,277739.5,6.3,5.8
731,11:00:00,31/01/2024 11:00:00 SA,,277746.2,6.7,6.8
732,12:00:00,31/01/2024 12:00:00 CH,,277753.6,7.4,7.5
733,13:00:00,31/01/2024 1:00:00 CH,,277760.3,6.7,7.0
734,14:00:00,31/01/2024 2:00:00 CH,,277766.1,5.8,5.6
735,15:00:00,31/01/2024 3:00:00 CH,,277773.0,6.9,6.9
736,16:00:00,31/01/2024 4:00:00 CH,,277780.0,7.0,7.2
737,17:00:00,31/01/2024 5:00:00 CH,,277787.3,7.3,7.2
738,18:00:00,31/01/2024 6:00:00 CH,,277796.8,9.5,8.9
739,19:00:00,31/01/2024 7:00:00 CH,,277809.5,12.7,11.3
740,20:00:00,31/01/2024 8:00:00 CH,,277820.6,11.1,11.6
741,21:00:00,31/01/2024 9:00:00 CH,,277830.6,10.0,9.7
742,22:00:00,31/01/2024 10:00:00 CH,,277840.7,10.1,10.3
743,23:00:00,31/01/2024 11:00:00 CH,,277851.5,10.8,11.3
744,00:00:00,01/02/2024 12:00:00 SA,,277856.3,4.8,5.1
745,01:00:00,01/02/2024 1:00:00 SA,,277858.7,2.4,2.1
746,02:00:00,01/02/2024 2:00:00 SA,,277860.5,1.8,1.7
747,03:00:00,01/02/2024 3:00:00 SA,,277862.2,1.7,1.5
748,04:00:00,01/02/2024 4:00:00 SA,,277863.7,1.5,1.5
749,05:00:00,01/02/2024 5:00:00 SA,,277865.7,2.0,1.8
750,06:00:00,01/02/2024 6:00:00 SA,,277869.7,4.0,3.6
751,07:00:00,01/02/2024 7:00:00 SA,,277879.9,10.2,9.9
752,09:00:00,01/02/2024 9:00:00 SA,,277898.8,18.9,0.0
753,10:00:00,01/02/2024 10:00:00 SA,,277908.3,9.5,9.5
754,11:00:00,01/02/2024 11:00:00 SA,,277915.2,6.9,7.0
755,12:00:00,01/02/2024 12:00:00 CH,,277922.4,7.2,7.2
756,13:00:00,01/02/2024 1:00:00 CH,,277930.7,8.3,6.9
757,14:00:00,01/02/2024 2:00:00 CH,,277938.7,8.0,8.3
758,15:00:00,01/02/2024 3:00:00 CH,,277944.7,6.0,6.0
759,16:00:00,01/02/2024 4:00:00 CH,,277951.0,6.3,5.7
760,17:00:00,01/02/2024 5:00:00 CH,,277958.0,7.0,7.0
761,18:00:00,01/02/2024 6:00:00 CH,,277968.3,10.3,10.1
762,19:00:00,01/02/2024 7:00:00 CH,,277981.7,13.4,12.8
763,20:00:00,01/02/2024 8:00:00 CH,,277994.9,13.2,13.1
764,21:00:00,01/02/2024 9:00:00 CH,,278006.1,11.2,12.0
765,22:00:00,01/02/2024 10:00:00 CH,,278015.4,9.3,8.9
766,23:00:00,01/02/2024 11:00:00 CH,,278023.3,7.9,8.3
767,00:00:00,02/02/2024 12:00:00 SA,,278029.3,6.0,6.1
768,01:00:00,02/02/2024 1:00:00 SA,,278032.1,2.8,3.0
769,02:00:00,02/02/2024 2:00:00 SA,,278033.7,1.6,1.6
770,03:00:00,02/02/2024 3:00:00 SA,,278035.1,1.4,1.3
771,04:00:00,02/02/2024 4:00:00 SA,,278036.5,1.4,1.2
772,05:00:00,02/02/2024 5:00:00 SA,,278038.5,2.0,2.2
773,06:00:00,02/02/2024 6:00:00 SA,,278043.3,4.8,4.4
774,07:00:00,02/02/2024 7:00:00 SA,,278053.1,9.8,10.0
775,08:00:00,02/02/2024 8:00:00 SA,,278062.5,9.4,9.8
776,09:00:00,02/02/2024 9:00:00 SA,,278075.8,13.3,13.1
777,10:00:00,02/02/2024 10:00:00 SA,,278085.5,9.7,9.6
778,11:00:00,02/02/2024 11:00:00 SA,,278095.1,9.6,10.3
779,12:00:00,02/02/2024 12:00:00 CH,,278102.8,7.7,7.1
780,13:00:00,02/02/2024 1:00:00 CH,,278110.3,7.5,7.0
781,14:00:00,02/02/2024 2:00:00 CH,,278116.3,6.0,5.9
782,15:00:00,02/02/2024 3:00:00 CH,,278122.0,5.7,5.7
783,16:00:00,02/02/2024 4:00:00 CH,,278129.7,7.7,7.3
784,17:00:00,02/02/2024 5:00:00 CH,,278138.6,8.9,9.1
785,18:00:00,02/02/2024 6:00:00 CH,,278148.8,10.2,10.4
786,19:00:00,02/02/2024 7:00:00 CH,,278161.3,12.5,12.5
787,20:00:00,02/02/2024 8:00:00 CH,,278171.9,10.6,10.4
788,21:00:00,02/02/2024 9:00:00 CH,,278182.0,10.1,10.3
789,22:00:00,02/02/2024 10:00:00 CH,,278191.8,9.8,9.9
790,23:00:00,02/02/2024 11:00:00 CH,,278199.6,7.8,7.9
791,00:00:00,03/02/2024 12:00:00 SA,,278204.3,4.7,4.6
792,01:00:00,03/02/2024 1:00:00 SA,,278206.9,2.6,2.8
793,02:00:00,03/02/2024 2:00:00 SA,,278208.6,1.7,1.5
794,03:00:00,03/02/2024 3:00:00 SA,,278210.1,1.5,1.3
795,04:00:00,03/02/2024 4:00:00 SA,,278211.4,1.3,1.5
796,05:00:00,03/02/2024 5:00:00 SA,,278213.1,1.7,1.6
797,06:00:00,03/02/2024 6:00:00 SA,,278215.9,2.8,2.7
798,07:00:00,03/02/2024 7:00:00 SA,,278223.8,7.9,8.3
799,08:00:00,03/02/2024 8:00:00 SA,,278234.9,11.1,11.1
800,09:00:00,03/02/2024 9:00:00 SA,,278250.4,15.5,15.4
801,10:00:00,03/02/2024 10:00:00 SA,,278262.0,11.6,11.9
802,11:00:00,03/02/2024 11:00:00 SA,,278272.6,10.6,10.5
803,12:00:00,03/02/2024 12:00:00 CH,,278283.8,11.2,11.4
804,13:00:00,03/02/2024 1:00:00 CH,,278292.9,9.1,9.6
805,14:00:00,03/02/2024 2:00:00 CH,,278300.2,7.3,7.5
806,15:00:00,03/02/2024 3:00:00 CH,,278306.3,6.1,5.7
807,16:00:00,03/02/2024 4:00:00 CH,,278316.2,9.9,8.6
808,17:00:00,03/02/2024 5:00:00 CH,,278327.8,11.6,11.8
809,18:00:00,03/02/2024 6:00:00 CH,,278341.4,13.6,14.1
810,19:00:00,03/02/2024 7:00:00 CH,,278355.3,13.9,14.5
811,20:00:00,03/02/2024 8:00:00 CH,,278366.3,11.0,10.6
812,21:00:00,03/02/2024 9:00:00 CH,,278376.4,10.1,9.2
813,22:00:00,03/02/2024 10:00:00 CH,,278385.4,9.0,9.3
814,23:00:00,03/02/2024 11:00:00 CH,,278394.3,8.9,8.6
815,00:00:00,04/02/2024 12:00:00 SA,,278403.1,8.8,9.1
816,01:00:00,04/02/2024 1:00:00 SA,,278408.3,5.2,5.0
817,02:00:00,04/02/2024 2:00:00 SA,,278411.0,2.7,2.9
818,03:00:00,04/02/2024 3:00:00 SA,,278414.1,3.1,3.3
819,04:00:00,04/02/2024 4:00:00 SA,,278415.7,1.6,1.6
820,05:00:00,04/02/2024 5:00:00 SA,,278418.5,2.8,2.7
821,06:00:00,04/02/2024 6:00:00 SA,,278422.2,3.7,4.0
822,07:00:00,04/02/2024 7:00:00 SA,,278429.1,6.9,5.9
823,08:00:00,04/02/2024 8:00:00 SA,,278441.1,12.0,11.4
824,09:00:00,04/02/2024 9:00:00 SA,,278453.6,12.5,12.8
825,10:00:00,04/02/2024 10:00:00 SA,,278468.9,15.3,15.3
826,11:00:00,04/02/2024 11:00:00 SA,,278483.2,14.3,14.8
827,12:00:00,04/02/2024 12:00:00 CH,,278493.6,10.4,10.0
828,13:00:00,04/02/2024 1:00:00 CH,,278502.0,8.4,8.1
829,14:00:00,04/02/2024 2:00:00 CH,,278510.0,8.0,6.8
830,15:00:00,04/02/2024 3:00:00 CH,,278518.4,8.4,8.2
831,16:00:00,04/02/2024 4:00:00 CH,,278529.5,11.1,11.2
832,17:00:00,04/02/2024 5:00:00 CH,,278540.4,10.9,10.7
833,18:00:00,04/02/2024 6:00:00 CH,,278555.1,14.7,14.8
834,19:00:00,04/02/2024 7:00:00 CH,,278571.7,16.6,16.0
835,20:00:00,04/02/2024 8:00:00 CH,,278585.6,13.9,13.8
836,21:00:00,04/02/2024 9:00:00 CH,,278595.3,9.7,9.3
837,22:00:00,04/02/2024 10:00:00 CH,,278604.6,9.3,9.3
838,23:00:00,04/02/2024 11:00:00 CH,,278613.2,8.6,7.9
839,00:00:00,05/02/2024 12:00:00 SA,,278619.1,5.9,5.8
840,01:00:00,05/02/2024 1:00:00 SA,,278622.6,3.5,3.5
841,02:00:00,05/02/2024 2:00:00 SA,,278625.1,2.5,2.5
842,03:00:00,05/02/2024 3:00:00 SA,,278627.4,2.3,2.1
843,04:00:00,05/02/2024 4:00:00 SA,,278629.5,2.1,2.1
844,05:00:00,05/02/2024 5:00:00 SA,,278632.0,2.5,2.3
845,06:00:00,05/02/2024 6:00:00 SA,,278636.4,4.4,4.1
846,07:00:00,05/02/2024 7:00:00 SA,,278646.4,10.0,9.7
847,08:00:00,05/02/2024 8:00:00 SA,,278656.8,10.4,10.1
848,09:00:00,05/02/2024 9:00:00 SA,,0.0,-278656.8,8.0
849,10:00:00,05/02/2024 10:00:00 SA,,278674.1,278674.1,8.4
850,11:00:00,05/02/2024 11:00:00 SA,,278684.1,10.0,9.8
851,12:00:00,05/02/2024 12:00:00 CH,,278693.4,9.3,9.6
852,13:00:00,05/02/2024 1:00:00 CH,,278703.2,9.8,10.3
853,14:00:00,05/02/2024 2:00:00 CH,,278709.3,6.1,6.0
854,15:00:00,05/02/2024 3:00:00 CH,,278715.5,6.2,6.1
855,16:00:00,05/02/2024 4:00:00 CH,,278721.7,6.2,6.4
856,17:00:00,05/02/2024 5:00:00 CH,,278730.0,8.3,8.4
857,18:00:00,05/02/2024 6:00:00 CH,,278741.7,11.7,11.9
858,19:00:00,05/02/2024 7:00:00 CH,,278755.4,13.7,14.2
859,20:00:00,05/02/2024 8:00:00 CH,,278767.7,12.3,11.8
860,21:00:00,05/02/2024 9:00:00 CH,,278778.5,10.8,11.2
861,22:00:00,05/02/2024 10:00:00 CH,,278787.3,8.8,8.6
862,23:00:00,05/02/2024 11:00:00 CH,,278797.9,10.6,10.2
863,00:00:00,06/02/2024 12:00:00 SA,,278802.8,4.9,4.6
864,01:00:00,06/02/2024 1:00:00 SA,,278805.5,2.7,2.9
865,02:00:00,06/02/2024 2:00:00 SA,,278807.4,1.9,1.5
866,03:00:00,06/02/2024 3:00:00 SA,,278808.9,1.5,1.5
867,04:00:00,06/02/2024 4:00:00 SA,,278810.4,1.5,1.7
868,05:00:00,06/02/2024 5:00:00 SA,,278812.6,2.2,2.1
869,06:00:00,06/02/2024 6:00:00 SA,,278817.1,4.5,4.4
870,07:00:00,06/02/2024 7:00:00 SA,,278827.9,10.8,10.1
871,08:00:00,06/02/2024 8:00:00 SA,,278837.1,9.2,8.7
872,09:00:00,06/02/2024 9:00:00 SA,,278844.8,7.7,7.9
873,10:00:00,06/02/2024 10:00:00 SA,,278853.1,8.3,8.7
874,11:00:00,06/02/2024 11:00:00 SA,,278862.7,9.6,9.5
875,12:00:00,06/02/2024 12:00:00 CH,,278873.3,10.6,9.6
876,13:00:00,06/02/2024 1:00:00 CH,,278882.0,8.7,8.4
877,14:00:00,06/02/2024 2:00:00 CH,,278890.3,8.3,8.4
878,15:00:00,06/02/2024 3:00:00 CH,,278900.4,10.1,9.6
879,16:00:00,06/02/2024 4:00:00 CH,,278908.2,7.8,7.8
880,17:00:00,06/02/2024 5:00:00 CH,,278916.6,8.4,8.3
881,18:00:00,06/02/2024 6:00:00 CH,,278928.2,11.6,11.1
882,19:00:00,06/02/2024 7:00:00 CH,,278941.9,13.7,14.4
883,20:00:00,06/02/2024 8:00:00 CH,,278953.8,11.9,11.4
884,21:00:00,06/02/2024 9:00:00 CH,,278965.0,11.2,11.5
885,22:00:00,06/02/2024 10:00:00 CH,,278974.7,9.7,9.1
886,23:00:00,06/02/2024 11:00:00 CH,,278982.9,8.2,8.6
887,00:00:00,07/02/2024 12:00:00 SA,,278989.2,6.3,6.3
888,01:00:00,07/02/2024 1:00:00 SA,,278992.9,3.7,3.8
889,02:00:00,07/02/2024 2:00:00 SA,,278996.4,3.5,3.6
890,03:00:00,07/02/2024 3:00:00 SA,,278997.7,1.3,1.4
891,04:00:00,07/02/2024 4:00:00 SA,,278999.2,1.5,1.4
892,05:00:00,07/02/2024 5:00:00 SA,,279001.1,1.9,2.0
893,06:00:00,07/02/2024 6:00:00 SA,,279005.3,4.2,4.4
894,07:00:00,07/02/2024 7:00:00 SA,,279013.6,8.3,8.3
895,08:00:00,07/02/2024 8:00:00 SA,,279024.7,11.1,10.7
896,09:00:00,07/02/2024 9:00:00 SA,,279036.6,11.9,12.4
897,10:00:00,07/02/2024 10:00:00 SA,,279046.3,9.7,8.8
898,11:00:00,07/02/2024 11:00:00 SA,,279054.1,7.8,8.6
899,12:00:00,07/02/2024 12:00:00 CH,,279064.0,9.9,10.4
900,13:00:00,07/02/2024 1:00:00 CH,,279072.7,8.7,8.1
901,14:00:00,07/02/2024 2:00:00 CH,,279081.8,9.1,8.8
902,15:00:00,07/02/2024 3:00:00 CH,,279090.2,8.4,8.1
903,16:00:00,07/02/2024 4:00:00 CH,,279097.1,6.9,6.6
904,17:00:00,07/02/2024 5:00:00 CH,,279105.7,8.6,8.1
905,18:00:00,07/02/2024 6:00:00 CH,,279118.9,13.2,13.2
906,19:00:00,07/02/2024 7:00:00 CH,,279132.6,13.7,12.8
907,20:00:00,07/02/2024 8:00:00 CH,,279143.4,10.8,10.7
908,21:00:00,07/02/2024 9:00:00 CH,,279153.2,9.8,9.6
909,22:00:00,07/02/2024 10:00:00 CH,,279162.3,9.1,9.2
910,23:00:00,07/02/2024 11:00:00 CH,,279170.9,8.6,9.1
911,00:00:00,08/02/2024 12:00:00 SA,,279177.8,6.9,6.7
912,01:00:00,08/02/2024 1:00:00 SA,,279183.0,5.2,5.2
913,02:00:00,08/02/2024 2:00:00 SA,,279185.4,2.4,2.1
914,03:00:00,08/02/2024 3:00:00 SA,,279187.3,1.9,1.8
915,04:00:00,08/02/2024 4:00:00 SA,,279189.4,2.1,2.3
916,05:00:00,08/02/2024 5:00:00 SA,,279191.7,2.3,2.1
917,06:00:00,08/02/2024 6:00:00 SA,,279194.8,3.1,2.7
918,07:00:00,08/02/2024 7:00:00 SA,,279201.5,6.7,6.8
919,08:00:00,08/02/2024 8:00:00 SA,,279210.8,9.3,9.1
920,09:00:00,08/02/2024 9:00:00 SA,,279222.9,12.1,11.6
921,10:00:00,08/02/2024 10:00:00 SA,,279235.0,12.1,13.4
922,11:00:00,08/02/2024 11:00:00 SA,,279247.1,12.1,12.5
923,12:00:00,08/02/2024 12:00:00 CH,,279256.1,9.0,9.2
924,13:00:00,08/02/2024 1:00:00 CH,,279264.2,8.1,8.1
925,14:00:00,08/02/2024 2:00:00 CH,,279274.4,10.2,9.4
926,15:00:00,08/02/2024 3:00:00 CH,,279283.3,8.9,8.7
927,16:00:00,08/02/2024 4:00:00 CH,,279292.1,8.8,8.6
928,17:00:00,08/02/2024 5:00:00 CH,,279302.3,10.2,9.7
929,18:00:00,08/02/2024 6:00:00 CH,,279314.8,12.5,12.4
930,19:00:00,08/02/2024 7:00:00 CH,,279328.8,14.0,14.3
931,20:00:00,08/02/2024 8:00:00 CH,,279339.1,10.3,9.7
932,21:00:00,08/02/2024 9:00:00 CH,,279349.8,10.7,11.0
933,22:00:00,08/02/2024 10:00:00 CH,,279359.3,9.5,9.5
934,23:00:00,08/02/2024 11:00:00 CH,,279368.0,8.7,9.1
935,00:00:00,09/02/2024 12:00:00 SA,,279375.0,7.0,6.8
936,01:00:00,09/02/2024 1:00:00 SA,,279378.2,3.2,3.0
937,02:00:00,09/02/2024 2:00:00 SA,,279380.8,2.6,2.7
938,03:00:00,09/02/2024 3:00:00 SA,,279382.9,2.1,2.1
939,04:00:00,09/02/2024 4:00:00 SA,,279384.8,1.9,1.8
940,05:00:00,09/02/2024 5:00:00 SA,,279386.9,2.1,2.0
941,06:00:00,09/02/2024 6:00:00 SA,,279389.5,2.6,2.4
942,07:00:00,09/02/2024 7:00:00 SA,,279395.4,5.9,5.8
943,08:00:00,09/02/2024 8:00:00 SA,,279405.9,10.5,10.7
944,09:00:00,09/02/2024 9:00:00 SA,,279416.1,10.2,10.5
945,10:00:00,09/02/2024 10:00:00 SA,,279428.7,12.6,12.6
946,11:00:00,09/02/2024 11:00:00 SA,,279441.6,12.9,12.3
947,12:00:00,09/02/2024 12:00:00 CH,,279454.2,12.6,13.5
948,13:00:00,09/02/2024 1:00:00 CH,,279464.4,10.2,10.2
949,14:00:00,09/02/2024 2:00:00 CH,,279474.6,10.2,10.1
950,15:00:00,09/02/2024 3:00:00 CH,,279486.1,11.5,11.9
951,16:00:00,09/02/2024 4:00:00 CH,,279499.3,13.2,13.3
952,17:00:00,09/02/2024 5:00:00 CH,,279514.0,14.7,14.5
953,18:00:00,09/02/2024 6:00:00 CH,,279533.1,19.1,19.7
954,19:00:00,09/02/2024 7:00:00 CH,,279550.5,17.4,17.8
955,20:00:00,09/02/2024 8:00:00 CH,,279566.7,16.2,15.3
956,21:00:00,09/02/2024 9:00:00 CH,,279580.5,13.8,13.1
957,22:00:00,09/02/2024 10:00:00 CH,,279592.8,12.3,12.8
958,23:00:00,09/02/2024 11:00:00 CH,,279604.5,11.7,11.8
959,00:00:00,10/02/2024 12:00:00 SA,,279612.9,8.4,8.5
960,01:00:00,10/02/2024 1:00:00 SA,,279617.6,4.7,4.7
961,02:00:00,10/02/2024 2:00:00 SA,,279622.7,5.1,5.0
962,03:00:00,10/02/2024 3:00:00 SA,,279626.3,3.6,3.1
963,04:00:00,10/02/2024 4:00:00 SA,,279628.8,2.5,2.5
964,05:00:00,10/02/2024 5:00:00 SA,,279630.9,2.1,1.8
965,06:00:00,10/02/2024 6:00:00 SA,,279633.1,2.2,2.1
966,07:00:00,10/02/2024 7:00:00 SA,,279636.8,3.7,3.4
967,08:00:00,10/02/2024 8:00:00 SA,,279643.2,6.4,5.5
968,09:00:00,10/02/2024 9:00:00 SA,,279651.3,8.1,7.9
969,10:00:00,10/02/2024 10:00:00 SA,,279658.5,7.2,7.6
970,11:00:00,10/02/2024 11:00:00 SA,,279665.6,7.1,7.0
971,12:00:00,10/02/2024 12:00:00 CH,,279671.4,5.8,5.9
972,13:00:00,10/02/2024 1:00:00 CH,,279675.8,4.4,4.1
973,14:00:00,10/02/2024 2:00:00 CH,,279679.8,4.0,4.2
974,15:00:00,10/02/2024 3:00:00 CH,,279683.1,3.3,3.2
975,16:00:00,10/02/2024 4:00:00 CH,,279687.0,3.9,4.1
976,17:00:00,10/02/2024 5:00:00 CH,,279691.8,4.8,4.1
977,18:00:00,10/02/2024 6:00:00 CH,,279698.6,6.8,6.3
978,19:00:00,10/02/2024 7:00:00 CH,,279706.6,8.0,7.9
979,20:00:00,10/02/2024 8:00:00 CH,,279714.9,8.3,8.1
980,21:00:00,10/02/2024 9:00:00 CH,,279722.0,7.1,7.3
981,22:00:00,10/02/2024 10:00:00 CH,,279728.6,6.6,6.3
982,23:00:00,10/02/2024 11:00:00 CH,,279735.4,6.8,6.5
983,00:00:00,11/02/2024 12:00:00 SA,,279739.3,3.9,3.9
984,01:00:00,11/02/2024 1:00:00 SA,,279742.1,2.8,3.0
985,02:00:00,11/02/2024 2:00:00 SA,,279744.0,1.9,1.8
986,03:00:00,11/02/2024 3:00:00 SA,,279745.6,1.6,1.4
987,04:00:00,11/02/2024 4:00:00 SA,,279746.9,1.3,1.2
988,05:00:00,11/02/2024 5:00:00 SA,,279748.3,1.4,1.4
989,06:00:00,11/02/2024 6:00:00 SA,,279750.6,2.3,2.0
990,07:00:00,11/02/2024 7:00:00 SA,,279755.1,4.5,4.4
991,08:00:00,11/02/2024 8:00:00 SA,,279763.1,8.0,7.9
992,09:00:00,11/02/2024 9:00:00 SA,,279772.0,8.9,8.3
993,10:00:00,11/02/2024 10:00:00 SA,,279779.8,7.8,7.9
994,11:00:00,11/02/2024 11:00:00 SA,,279786.6,6.8,6.7
995,12:00:00,11/02/2024 12:00:00 CH,,279792.7,6.1,6.3
996,13:00:00,11/02/2024 1:00:00 CH,,279797.6,4.9,4.6
997,14:00:00,11/02/2024 2:00:00 CH,,279802.6,5.0,5.0
998,15:00:00,11/02/2024 3:00:00 CH,,279807.6,5.0,4.9
999,16:00:00,11/02/2024 4:00:00 CH,,279813.2,5.6,5.3
1000,17:00:00,11/02/2024 5:00:00 CH,,279819.6,6.4,6.5
1001,18:00:00,11/02/2024 6:00:00 CH,,279827.4,7.8,7.5
1002,19:00:00,11/02/2024 7:00:00 CH,,279836.2,8.8,9.0
1003,20:00:00,11/02/2024 8:00:00 CH,,279843.9,7.7,8.2
1004,21:00:00,11/02/2024 9:00:00 CH,,279851.5,7.6,7.3
1005,22:00:00,11/02/2024 10:00:00 CH,,279858.8,7.3,7.4
1006,23:00:00,11/02/2024 11:00:00 CH,,279866.0,7.2,7.7
1007,00:00:00,12/02/2024 12:00:00 SA,,279870.0,4.0,4.2
1008,01:00:00,12/02/2024 1:00:00 SA,,279872.7,2.7,2.5
1009,02:00:00,12/02/2024 2:00:00 SA,,279874.5,1.8,1.8
1010,03:00:00,12/02/2024 3:00:00 SA,,279876.1,1.6,1.6
1011,04:00:00,12/02/2024 4:00:00 SA,,279877.6,1.5,1.4
1012,05:00:00,12/02/2024 5:00:00 SA,,279879.3,1.7,1.7
1013,06:00:00,12/02/2024 6:00:00 SA,,279881.5,2.2,1.9
1014,07:00:00,12/02/2024 7:00:00 SA,,279885.6,4.1,3.8
1015,08:00:00,12/02/2024 8:00:00 SA,,279893.6,8.0,8.0
1016,09:00:00,12/02/2024 9:00:00 SA,,279905.0,11.4,11.6
1017,10:00:00,12/02/2024 10:00:00 SA,,279914.0,9.0,9.3
1018,11:00:00,12/02/2024 11:00:00 SA,,279922.1,8.1,8.4
1019,12:00:00,12/02/2024 12:00:00 CH,,279929.1,7.0,7.0
1020,13:00:00,12/02/2024 1:00:00 CH,,279931.4,2.3,5.5
1021,14:00:00,12/02/2024 2:00:00 CH,,279931.4,0.0,6.4
1022,15:00:00,12/02/2024 3:00:00 CH,,279931.4,0.0,6.4
1023,16:00:00,12/02/2024 4:00:00 CH,,279931.4,0.0,6.4
1024,17:00:00,12/02/2024 5:00:00 CH,,279931.4,0.0,6.4
1025,18:00:00,12/02/2024 6:00:00 CH,,279939.8,8.4,9.3
1026,19:00:00,12/02/2024 7:00:00 CH,,279951.4,11.6,12.1
1027,20:00:00,12/02/2024 8:00:00 CH,,279959.1,7.7,7.7
1028,21:00:00,12/02/2024 9:00:00 CH,,279967.0,7.9,7.8
1029,22:00:00,12/02/2024 10:00:00 CH,,279973.5,6.5,6.8
1030,23:00:00,12/02/2024 11:00:00 CH,,279980.2,6.7,6.5
1031,00:00:00,13/02/2024 12:00:00 SA,,279984.8,4.6,4.9
1032,01:00:00,13/02/2024 1:00:00 SA,,279987.4,2.6,2.7
1033,02:00:00,13/02/2024 2:00:00 SA,,279989.3,1.9,1.9
1034,03:00:00,13/02/2024 3:00:00 SA,,279990.8,1.5,1.4
1035,04:00:00,13/02/2024 4:00:00 SA,,279992.3,1.5,1.3
1036,05:00:00,13/02/2024 5:00:00 SA,,279994.0,1.7,1.5
1037,06:00:00,13/02/2024 6:00:00 SA,,279996.4,2.4,2.1
1038,07:00:00,13/02/2024 7:00:00 SA,,280001.7,5.3,5.3
1039,08:00:00,13/02/2024 8:00:00 SA,,280010.2,8.5,8.7
1040,09:00:00,13/02/2024 9:00:00 SA,,280021.1,10.9,10.9
1041,10:00:00,13/02/2024 10:00:00 SA,,280033.0,11.9,12.0
1042,11:00:00,13/02/2024 11:00:00 SA,,280041.2,8.2,8.6
1043,12:00:00,13/02/2024 12:00:00 CH,,280048.3,7.1,7.3
1044,13:00:00,13/02/2024 1:00:00 CH,,280054.0,5.7,5.8
1045,14:00:00,13/02/2024 2:00:00 CH,,280059.6,5.6,5.2
1046,15:00:00,13/02/2024 3:00:00 CH,,280067.0,7.4,7.3
1047,16:00:00,13/02/2024 4:00:00 CH,,280073.0,6.0,6.4
1048,17:00:00,13/02/2024 5:00:00 CH,,280080.8,7.8,7.8
1049,18:00:00,13/02/2024 6:00:00 CH,,280091.0,10.2,9.0
1050,19:00:00,13/02/2024 7:00:00 CH,,280102.2,11.2,10.5
1051,20:00:00,13/02/2024 8:00:00 CH,,280111.9,9.7,9.4
1052,21:00:00,13/02/2024 9:00:00 CH,,280120.2,8.3,8.7
1053,22:00:00,13/02/2024 10:00:00 CH,,280127.4,7.2,7.0
1054,23:00:00,13/02/2024 11:00:00 CH,,280133.4,6.0,5.7
1055,00:00:00,14/02/2024 12:00:00 SA,,280138.0,4.6,4.9
1056,01:00:00,14/02/2024 1:00:00 SA,,280140.5,2.5,2.6
1057,02:00:00,14/02/2024 2:00:00 SA,,280142.2,1.7,1.5
1058,03:00:00,14/02/2024 3:00:00 SA,,280143.8,1.6,1.6
1059,04:00:00,14/02/2024 4:00:00 SA,,280145.3,1.5,1.4
1060,05:00:00,14/02/2024 5:00:00 SA,,280147.2,1.9,1.6
1061,06:00:00,14/02/2024 6:00:00 SA,,280149.9,2.7,2.4
1062,07:00:00,14/02/2024 7:00:00 SA,,280155.7,5.8,5.3
1063,08:00:00,14/02/2024 8:00:00 SA,,280164.5,8.8,8.8
1064,09:00:00,14/02/2024 9:00:00 SA,,280175.8,11.3,11.7
1065,10:00:00,14/02/2024 10:00:00 SA,,280186.5,10.7,10.7
1066,11:00:00,14/02/2024 11:00:00 SA,,280196.9,10.4,10.8
1067,12:00:00,14/02/2024 12:00:00 CH,,280204.6,7.7,7.8
1068,13:00:00,14/02/2024 1:00:00 CH,,280212.2,7.6,7.2
1069,14:00:00,14/02/2024 2:00:00 CH,,280218.5,6.3,6.2
1070,15:00:00,14/02/2024 3:00:00 CH,,280224.4,5.9,5.9
1071,16:00:00,14/02/2024 4:00:00 CH,,280231.2,6.8,7.0
1072,17:00:00,14/02/2024 5:00:00 CH,,280239.9,8.7,8.4
1073,18:00:00,14/02/2024 6:00:00 CH,,280253.2,13.3,12.9
1074,19:00:00,14/02/2024 7:00:00 CH,,280266.9,13.7,14.3
1075,20:00:00,14/02/2024 8:00:00 CH,,280278.4,11.5,11.1
1076,21:00:00,14/02/2024 9:00:00 CH,,280286.8,8.4,8.9
1077,22:00:00,14/02/2024 10:00:00 CH,,280295.2,8.4,8.6
1078,23:00:00,14/02/2024 11:00:00 CH,,280302.8,7.6,7.6
1079,00:00:00,15/02/2024 12:00:00 SA,,280307.3,4.5,4.2
1080,01:00:00,15/02/2024 1:00:00 SA,,280309.5,2.2,2.3
1081,02:00:00,15/02/2024 2:00:00 SA,,280311.4,1.9,1.7
1082,03:00:00,15/02/2024 3:00:00 SA,,280312.9,1.5,1.4
1083,04:00:00,15/02/2024 4:00:00 SA,,280314.3,1.4,1.5
1084,05:00:00,15/02/2024 5:00:00 SA,,280316.0,1.7,1.5
1085,06:00:00,15/02/2024 6:00:00 SA,,280320.1,4.1,4.1
1086,07:00:00,15/02/2024 7:00:00 SA,,280329.6,9.5,9.6
1087,08:00:00,15/02/2024 8:00:00 SA,,280338.7,9.1,9.0
1088,09:00:00,15/02/2024 9:00:00 SA,,280347.5,8.8,8.8
1089,10:00:00,15/02/2024 10:00:00 SA,,280355.3,7.8,8.5
1090,11:00:00,15/02/2024 11:00:00 SA,,280362.6,7.3,7.4
1091,12:00:00,15/02/2024 12:00:00 CH,,280370.4,7.8,8.1
1092,13:00:00,15/02/2024 1:00:00 CH,,280378.1,7.7,7.8
1093,14:00:00,15/02/2024 2:00:00 CH,,280383.9,5.8,5.5
1094,15:00:00,15/02/2024 3:00:00 CH,,280389.7,5.8,6.0
1095,16:00:00,15/02/2024 4:00:00 CH,,280398.6,8.9,8.5
1096,17:00:00,15/02/2024 5:00:00 CH,,280406.5,7.9,7.5
1097,18:00:00,15/02/2024 6:00:00 CH,,280418.1,11.6,10.7
1098,19:00:00,15/02/2024 7:00:00 CH,,280433.5,15.4,15.4
1099,20:00:00,15/02/2024 8:00:00 CH,,280445.7,12.2,12.0
1100,21:00:00,15/02/2024 9:00:00 CH,,280456.9,11.2,10.8
1101,22:00:00,15/02/2024 10:00:00 CH,,280466.9,10.0,9.5
1102,23:00:00,15/02/2024 11:00:00 CH,,280474.5,7.6,7.8
1103,00:00:00,16/02/2024 12:00:00 SA,,280479.2,4.7,5.0
1104,01:00:00,16/02/2024 1:00:00 SA,,280481.5,2.3,2.5
1105,02:00:00,16/02/2024 2:00:00 SA,,280483.5,2.0,2.1
1106,03:00:00,16/02/2024 3:00:00 SA,,280485.1,1.6,1.7
1107,04:00:00,16/02/2024 4:00:00 SA,,280486.7,1.6,1.5
1108,05:00:00,16/02/2024 5:00:00 SA,,280488.7,2.0,2.0
1109,06:00:00,16/02/2024 6:00:00 SA,,280492.4,3.7,3.4
1110,07:00:00,16/02/2024 7:00:00 SA,,280501.2,8.8,8.3
1111,08:00:00,16/02/2024 8:00:00 SA,,280510.2,9.0,9.1
1112,09:00:00,16/02/2024 9:00:00 SA,,280518.7,8.5,8.3
1113,10:00:00,16/02/2024 10:00:00 SA,,280525.5,6.8,7.4
1114,11:00:00,16/02/2024 11:00:00 SA,,280534.0,8.5,7.8
1115,12:00:00,16/02/2024 12:00:00 CH,,280543.1,9.1,9.7
1116,13:00:00,16/02/2024 1:00:00 CH,,280550.2,7.1,7.1
1117,14:00:00,16/02/2024 2:00:00 CH,,280557.6,7.4,7.7
1118,15:00:00,16/02/2024 3:00:00 CH,,280563.6,6.0,5.6
1119,16:00:00,16/02/2024 4:00:00 CH,,280569.4,5.8,5.6
1120,17:00:00,16/02/2024 5:00:00 CH,,280576.0,6.6,6.8
1121,18:00:00,16/02/2024 6:00:00 CH,,280587.3,11.3,10.8
1122,19:00:00,16/02/2024 7:00:00 CH,,280601.7,14.4,14.1
1123,20:00:00,16/02/2024 8:00:00 CH,,280614.2,12.5,12.5
1124,21:00:00,16/02/2024 9:00:00 CH,,280626.4,12.2,12.4
1125,22:00:00,16/02/2024 10:00:00 CH,,280635.2,8.8,9.2
1126,23:00:00,16/02/2024 11:00:00 CH,,280644.3,9.1,8.9
1127,00:00:00,17/02/2024 12:00:00 SA,,280648.0,3.7,3.8
1128,01:00:00,17/02/2024 1:00:00 SA,,280650.3,2.3,2.1
1129,02:00:00,17/02/2024 2:00:00 SA,,280652.4,2.1,1.9
1130,03:00:00,17/02/2024 3:00:00 SA,,280654.2,1.8,1.9
1131,04:00:00,17/02/2024 4:00:00 SA,,280656.1,1.9,1.5
1132,05:00:00,17/02/2024 5:00:00 SA,,280658.2,2.1,2.1
1133,06:00:00,17/02/2024 6:00:00 SA,,280661.9,3.7,3.3
1134,07:00:00,17/02/2024 7:00:00 SA,,280669.9,8.0,7.7
1135,08:00:00,17/02/2024 8:00:00 SA,,280682.3,12.4,12.4
1136,09:00:00,17/02/2024 9:00:00 SA,,280695.2,12.9,11.8
1137,10:00:00,17/02/2024 10:00:00 SA,,280704.2,9.0,9.5
1138,11:00:00,17/02/2024 11:00:00 SA,,280712.0,7.8,7.5
1139,12:00:00,17/02/2024 12:00:00 CH,,280720.6,8.6,8.9
1140,13:00:00,17/02/2024 1:00:00 CH,,280727.9,7.3,7.7
1141,14:00:00,17/02/2024 2:00:00 CH,,280733.4,5.5,5.8
1142,15:00:00,17/02/2024 3:00:00 CH,,280740.4,7.0,7.5
1143,16:00:00,17/02/2024 4:00:00 CH,,280746.2,5.8,5.7
1144,17:00:00,17/02/2024 5:00:00 CH,,280754.8,8.6,8.1
1145,18:00:00,17/02/2024 6:00:00 CH,,280765.6,10.8,10.8
1146,19:00:00,17/02/2024 7:00:00 CH,,280778.7,13.1,12.9
1147,20:00:00,17/02/2024 8:00:00 CH,,280789.2,10.5,11.1
1148,21:00:00,17/02/2024 9:00:00 CH,,280798.8,9.6,9.9
1149,22:00:00,17/02/2024 10:00:00 CH,,280806.6,7.8,7.6
1150,23:00:00,17/02/2024 11:00:00 CH,,280812.8,6.2,5.9
1151,00:00:00,18/02/2024 12:00:00 SA,,280816.2,3.4,3.1
1152,01:00:00,18/02/2024 1:00:00 SA,,280818.3,2.1,2.2
1153,02:00:00,18/02/2024 2:00:00 SA,,280819.8,1.5,1.4
1154,03:00:00,18/02/2024 3:00:00 SA,,280821.0,1.2,1.4
1155,04:00:00,18/02/2024 4:00:00 SA,,280822.1,1.1,1.1
1156,05:00:00,18/02/2024 5:00:00 SA,,280823.6,1.5,1.4
1157,06:00:00,18/02/2024 6:00:00 SA,,280825.9,2.3,2.3
1158,07:00:00,18/02/2024 7:00:00 SA,,280832.4,6.5,5.7
1159,08:00:00,18/02/2024 8:00:00 SA,,280842.0,9.6,8.9
1160,09:00:00,18/02/2024 9:00:00 SA,,280851.0,9.0,8.7
1161,10:00:00,18/02/2024 10:00:00 SA,,280858.7,7.7,7.9
1162,11:00:00,18/02/2024 11:00:00 SA,,280867.8,9.1,9.0
1163,12:00:00,18/02/2024 12:00:00 CH,,280875.8,8.0,8.4
1164,13:00:00,18/02/2024 1:00:00 CH,,280883.0,7.2,6.8
1165,14:00:00,18/02/2024 2:00:00 CH,,280888.3,5.3,4.7
1166,15:00:00,18/02/2024 3:00:00 CH,,280894.2,5.9,6.1
1167,16:00:00,18/02/2024 4:00:00 CH,,280902.6,8.4,8.6
1168,17:00:00,18/02/2024 5:00:00 CH,,280912.4,9.8,9.4
1169,18:00:00,18/02/2024 6:00:00 CH,,280927.4,15.0,14.4
1170,19:00:00,18/02/2024 7:00:00 CH,,280941.3,13.9,13.7
1171,20:00:00,18/02/2024 8:00:00 CH,,280952.8,11.5,12.2
1172,21:00:00,18/02/2024 9:00:00 CH,,280962.1,9.3,9.1
1173,22:00:00,18/02/2024 10:00:00 CH,,280971.6,9.5,9.5
1174,23:00:00,18/02/2024 11:00:00 CH,,280978.4,6.8,7.1
1175,00:00:00,19/02/2024 12:00:00 SA,,280982.1,3.7,3.5
1176,01:00:00,19/02/2024 1:00:00 SA,,280984.3,2.2,2.1
1177,02:00:00,19/02/2024 2:00:00 SA,,280985.7,1.4,1.3
1178,03:00:00,19/02/2024 3:00:00 SA,,280987.0,1.3,1.4
1179,04:00:00,19/02/2024 4:00:00 SA,,280988.3,1.3,1.3
1180,05:00:00,19/02/2024 5:00:00 SA,,280989.8,1.5,1.7
1181,06:00:00,19/02/2024 6:00:00 SA,,280994.1,4.3,3.9
1182,07:00:00,19/02/2024 7:00:00 SA,,281004.2,10.1,10.6
1183,08:00:00,19/02/2024 8:00:00 SA,,281013.3,9.1,9.1
1184,09:00:00,19/02/2024 9:00:00 SA,,281023.9,10.6,11.0
1185,10:00:00,19/02/2024 10:00:00 SA,,281035.4,11.5,11.7
1186,11:00:00,19/02/2024 11:00:00 SA,,281045.1,9.7,9.7
1187,12:00:00,19/02/2024 12:00:00 CH,,281053.7,8.6,9.3
1188,13:00:00,19/02/2024 1:00:00 CH,,281062.2,8.5,8.6
1189,14:00:00,19/02/2024 2:00:00 CH,,281069.6,7.4,7.5
1190,15:00:00,19/02/2024 3:00:00 CH,,281075.3,5.7,5.6
1191,16:00:00,19/02/2024 4:00:00 CH,,281082.7,7.4,7.1
1192,17:00:00,19/02/2024 5:00:00 CH,,281089.1,6.4,6.5
1193,18:00:00,19/02/2024 6:00:00 CH,,281099.4,10.3,9.6
1194,19:00:00,19/02/2024 7:00:00 CH,,281112.3,12.9,13.3
1195,20:00:00,19/02/2024 8:00:00 CH,,281125.4,13.1,12.7
1196,21:00:00,19/02/2024 9:00:00 CH,,281136.3,10.9,10.6
1197,22:00:00,19/02/2024 10:00:00 CH,,281145.7,9.4,9.5
1198,23:00:00,19/02/2024 11:00:00 CH,,281152.7,7.0,6.8
1199,00:00:00,20/02/2024 12:00:00 SA,,281156.8,4.1,4.0
1200,01:00:00,20/02/2024 1:00:00 SA,,281159.8,3.0,3.1
1201,02:00:00,20/02/2024 2:00:00 SA,,281161.6,1.8,1.8
1202,03:00:00,20/02/2024 3:00:00 SA,,281163.3,1.7,1.6
1203,04:00:00,20/02/2024 4:00:00 SA,,281164.8,1.5,1.4
1204,05:00:00,20/02/2024 5:00:00 SA,,281166.8,2.0,1.6
1205,06:00:00,20/02/2024 6:00:00 SA,,281171.3,4.5,4.0
1206,07:00:00,20/02/2024 7:00:00 SA,,281181.9,10.6,10.4
1207,08:00:00,20/02/2024 8:00:00 SA,,281192.3,10.4,10.6
1208,09:00:00,20/02/2024 9:00:00 SA,,281200.0,7.7,8.1
1209,10:00:00,20/02/2024 10:00:00 SA,,281206.6,6.6,6.0
1210,11:00:00,20/02/2024 11:00:00 SA,,281214.0,7.4,8.0
1211,12:00:00,20/02/2024 12:00:00 CH,,281221.6,7.6,8.1
1212,13:00:00,20/02/2024 1:00:00 CH,,281227.8,6.2,6.1
1213,14:00:00,20/02/2024 2:00:00 CH,,281233.9,6.1,6.1
1214,15:00:00,20/02/2024 3:00:00 CH,,281239.9,6.0,5.7
1215,16:00:00,20/02/2024 4:00:00 CH,,281246.8,6.9,7.3
1216,17:00:00,20/02/2024 5:00:00 CH,,281253.2,6.4,6.3
1217,18:00:00,20/02/2024 6:00:00 CH,,281264.8,11.6,10.9
1218,19:00:00,20/02/2024 7:00:00 CH,,281281.1,16.3,15.8
1219,20:00:00,20/02/2024 8:00:00 CH,,281293.1,12.0,11.7
1220,21:00:00,20/02/2024 9:00:00 CH,,281305.2,12.1,12.6
1221,22:00:00,20/02/2024 10:00:00 CH,,281314.9,9.7,11.3
1222,23:00:00,20/02/2024 11:00:00 CH,,281321.1,6.2,5.6
1223,00:00:00,21/02/2024 12:00:00 SA,,281324.8,3.7,4.0
1224,01:00:00,21/02/2024 1:00:00 SA,,281326.6,1.8,1.9
1225,02:00:00,21/02/2024 2:00:00 SA,,281328.8,2.2,2.0
1226,03:00:00,21/02/2024 3:00:00 SA,,281331.1,2.3,2.7
1227,04:00:00,21/02/2024 4:00:00 SA,,281332.4,1.3,1.2
1228,05:00:00,21/02/2024 5:00:00 SA,,281334.1,1.7,1.4
1229,06:00:00,21/02/2024 6:00:00 SA,,281338.5,4.4,3.9
1230,07:00:00,21/02/2024 7:00:00 SA,,281348.9,10.4,10.8
1231,08:00:00,21/02/2024 8:00:00 SA,,281357.1,8.2,8.0
1232,09:00:00,21/02/2024 9:00:00 SA,,281363.2,6.1,5.8
1233,10:00:00,21/02/2024 10:00:00 SA,,281369.1,5.9,5.3
1234,11:00:00,21/02/2024 11:00:00 SA,,281376.5,7.4,8.0
1235,12:00:00,21/02/2024 12:00:00 CH,,281384.4,7.9,7.5
1236,13:00:00,21/02/2024 1:00:00 CH,,281390.3,5.9,5.5
1237,14:00:00,21/02/2024 2:00:00 CH,,281399.7,9.4,9.5
1238,15:00:00,21/02/2024 3:00:00 CH,,281408.4,8.7,8.6
1239,16:00:00,21/02/2024 4:00:00 CH,,281414.7,6.3,6.3
1240,17:00:00,21/02/2024 5:00:00 CH,,281420.5,5.8,5.6
1241,18:00:00,21/02/2024 6:00:00 CH,,281431.1,10.6,10.0
1242,19:00:00,21/02/2024 7:00:00 CH,,281447.9,16.8,17.3
1243,20:00:00,21/02/2024 8:00:00 CH,,281459.7,11.8,12.3
1244,21:00:00,21/02/2024 9:00:00 CH,,281469.8,10.1,10.4
1245,22:00:00,21/02/2024 10:00:00 CH,,281478.5,8.7,7.9
1246,23:00:00,21/02/2024 11:00:00 CH,,281488.1,9.6,9.8
1247,00:00:00,22/02/2024 12:00:00 SA,,281493.6,5.5,5.6
1248,01:00:00,22/02/2024 1:00:00 SA,,281495.8,2.2,2.0
1249,02:00:00,22/02/2024 2:00:00 SA,,281497.3,1.5,1.7
1250,03:00:00,22/02/2024 3:00:00 SA,,281498.7,1.4,1.2
1251,04:00:00,22/02/2024 4:00:00 SA,,281499.9,1.2,1.4
1252,05:00:00,22/02/2024 5:00:00 SA,,281501.7,1.8,1.4
1253,06:00:00,22/02/2024 6:00:00 SA,,281505.8,4.1,3.6
1254,07:00:00,22/02/2024 7:00:00 SA,,281516.5,10.7,11.0
1255,08:00:00,22/02/2024 8:00:00 SA,,281525.8,9.3,9.6
1256,09:00:00,22/02/2024 9:00:00 SA,,281534.0,8.2,8.3
1257,10:00:00,22/02/2024 10:00:00 SA,,281540.9,6.9,6.7
1258,11:00:00,22/02/2024 11:00:00 SA,,281549.7,8.8,9.1
1259,12:00:00,22/02/2024 12:00:00 CH,,281558.6,8.9,8.2
1260,13:00:00,22/02/2024 1:00:00 CH,,281564.5,5.9,5.9
1261,14:00:00,22/02/2024 2:00:00 CH,,281573.1,8.6,8.6
1262,15:00:00,22/02/2024 3:00:00 CH,,281579.6,6.5,6.2
1263,16:00:00,22/02/2024 4:00:00 CH,,281584.9,5.3,5.2
1264,17:00:00,22/02/2024 5:00:00 CH,,281591.1,6.2,5.3
1265,18:00:00,22/02/2024 6:00:00 CH,,281602.5,11.4,11.3
1266,19:00:00,22/02/2024 7:00:00 CH,,281615.8,13.3,12.5
1267,20:00:00,22/02/2024 8:00:00 CH,,281628.3,12.5,12.2
1268,21:00:00,22/02/2024 9:00:00 CH,,281640.7,12.4,11.5
1269,22:00:00,22/02/2024 10:00:00 CH,,281650.1,9.4,9.8
1270,23:00:00,22/02/2024 11:00:00 CH,,281659.0,8.9,9.0
1271,00:00:00,23/02/2024 12:00:00 SA,,281662.8,3.8,3.8
1272,01:00:00,23/02/2024 1:00:00 SA,,281666.1,3.3,3.2
1273,02:00:00,23/02/2024 2:00:00 SA,,281667.7,1.6,1.2
1274,03:00:00,23/02/2024 3:00:00 SA,,281669.7,2.0,2.0
1275,04:00:00,23/02/2024 4:00:00 SA,,281671.0,1.3,1.0
1276,05:00:00,23/02/2024 5:00:00 SA,,281672.6,1.6,1.5
1277,06:00:00,23/02/2024 6:00:00 SA,,281676.9,4.3,3.8
1278,07:00:00,23/02/2024 7:00:00 SA,,281687.2,10.3,11.0
1279,08:00:00,23/02/2024 8:00:00 SA,,281696.2,9.0,8.4
1280,09:00:00,23/02/2024 9:00:00 SA,,281706.3,10.1,10.4
1281,10:00:00,23/02/2024 10:00:00 SA,,281713.0,6.7,6.9
1282,11:00:00,23/02/2024 11:00:00 SA,,281719.7,6.7,6.6
1283,12:00:00,23/02/2024 12:00:00 CH,,281726.9,7.2,7.0
1284,13:00:00,23/02/2024 1:00:00 CH,,281732.9,6.0,5.5
1285,14:00:00,23/02/2024 2:00:00 CH,,281740.0,7.1,7.0
1286,15:00:00,23/02/2024 3:00:00 CH,,281745.7,5.7,5.6
1287,16:00:00,23/02/2024 4:00:00 CH,,281751.2,5.5,5.1
1288,17:00:00,23/02/2024 5:00:00 CH,,281758.3,7.1,6.7
1289,18:00:00,23/02/2024 6:00:00 CH,,281769.7,11.4,11.1
1290,19:00:00,23/02/2024 7:00:00 CH,,281783.0,13.3,12.3
1291,20:00:00,23/02/2024 8:00:00 CH,,281794.5,11.5,11.6
1292,21:00:00,23/02/2024 9:00:00 CH,,281804.3,9.8,9.6
1293,22:00:00,23/02/2024 10:00:00 CH,,281812.6,8.3,8.3
1294,23:00:00,23/02/2024 11:00:00 CH,,281820.5,7.9,7.3
1295,00:00:00,24/02/2024 12:00:00 SA,,281824.6,4.1,4.6
1296,01:00:00,24/02/2024 1:00:00 SA,,281828.4,3.8,3.6
1297,02:00:00,24/02/2024 2:00:00 SA,,281831.1,2.7,2.4
1298,03:00:00,24/02/2024 3:00:00 SA,,281832.9,1.8,1.9
1299,04:00:00,24/02/2024 4:00:00 SA,,281834.1,1.2,1.1
1300,05:00:00,24/02/2024 5:00:00 SA,,281836.1,2.0,1.9
1301,06:00:00,24/02/2024 6:00:00 SA,,281839.9,3.8,3.4
1302,07:00:00,24/02/2024 7:00:00 SA,,281848.1,8.2,8.0
1303,08:00:00,24/02/2024 8:00:00 SA,,281856.1,8.0,8.6
1304,09:00:00,24/02/2024 9:00:00 SA,,281866.5,10.4,9.3
1305,10:00:00,24/02/2024 10:00:00 SA,,281874.0,7.5,7.5
1306,11:00:00,24/02/2024 11:00:00 SA,,281883.5,9.5,9.4
1307,12:00:00,24/02/2024 12:00:00 CH,,281890.8,7.3,7.1
1308,13:00:00,24/02/2024 1:00:00 CH,,281897.8,7.0,6.8
1309,14:00:00,24/02/2024 2:00:00 CH,,281903.0,5.2,4.8
1310,15:00:00,24/02/2024 3:00:00 CH,,281907.8,4.8,3.9
1311,16:00:00,24/02/2024 4:00:00 CH,,281914.3,6.5,6.5
1312,17:00:00,24/02/2024 5:00:00 CH,,281921.4,7.1,6.9
1313,18:00:00,24/02/2024 6:00:00 CH,,281930.8,9.4,8.4
1314,19:00:00,24/02/2024 7:00:00 CH,,281941.5,10.7,11.2
1315,20:00:00,24/02/2024 8:00:00 CH,,281951.4,9.9,9.9
1316,21:00:00,24/02/2024 9:00:00 CH,,281959.5,8.1,7.5
1317,22:00:00,24/02/2024 10:00:00 CH,,281967.5,8.0,7.9
1318,23:00:00,24/02/2024 11:00:00 CH,,281973.9,6.4,6.8
1319,00:00:00,25/02/2024 12:00:00 SA,,281977.7,3.8,4.1
1320,01:00:00,25/02/2024 1:00:00 SA,,281980.0,2.3,2.1
1321,02:00:00,25/02/2024 2:00:00 SA,,281981.7,1.7,1.7
1322,03:00:00,25/02/2024 3:00:00 SA,,281983.1,1.4,1.4
1323,04:00:00,25/02/2024 4:00:00 SA,,281984.6,1.5,1.3
1324,05:00:00,25/02/2024 5:00:00 SA,,281986.6,2.0,1.7
1325,06:00:00,25/02/2024 6:00:00 SA,,281989.0,2.4,2.5
1326,07:00:00,25/02/2024 7:00:00 SA,,281994.1,5.1,4.8
1327,08:00:00,25/02/2024 8:00:00 SA,,282002.6,8.5,8.1
1328,09:00:00,25/02/2024 9:00:00 SA,,282014.1,11.5,11.5
1329,10:00:00,25/02/2024 10:00:00 SA,,282022.7,8.6,9.3
1330,11:00:00,25/02/2024 11:00:00 SA,,282031.8,9.1,9.0
1331,12:00:00,25/02/2024 12:00:00 CH,,282039.9,8.1,7.4
1332,13:00:00,25/02/2024 1:00:00 CH,,282048.0,8.1,8.4
1333,14:00:00,25/02/2024 2:00:00 CH,,282054.2,6.2,5.7
1334,15:00:00,25/02/2024 3:00:00 CH,,282060.1,5.9,5.8
1335,16:00:00,25/02/2024 4:00:00 CH,,282065.8,5.7,5.8
1336,17:00:00,25/02/2024 5:00:00 CH,,282075.5,9.7,8.8
1337,18:00:00,25/02/2024 6:00:00 CH,,282087.2,11.7,11.6
1338,19:00:00,25/02/2024 7:00:00 CH,,282101.4,14.2,14.6
1339,20:00:00,25/02/2024 8:00:00 CH,,282113.0,11.6,11.0
1340,21:00:00,25/02/2024 9:00:00 CH,,282123.6,10.6,10.7
1341,22:00:00,25/02/2024 10:00:00 CH,,282132.2,8.6,8.2
1342,23:00:00,25/02/2024 11:00:00 CH,,282138.2,6.0,6.2
1343,00:00:00,26/02/2024 12:00:00 SA,,282141.9,3.7,3.2
1344,01:00:00,26/02/2024 1:00:00 SA,,282145.9,4.0,3.9
1345,02:00:00,26/02/2024 2:00:00 SA,,282147.6,1.7,1.6
1346,03:00:00,26/02/2024 3:00:00 SA,,282149.1,1.5,1.4
1347,04:00:00,26/02/2024 4:00:00 SA,,282150.6,1.5,1.1
1348,05:00:00,26/02/2024 5:00:00 SA,,282152.3,1.7,1.7
1349,06:00:00,26/02/2024 6:00:00 SA,,282155.9,3.6,3.1
1350,07:00:00,26/02/2024 7:00:00 SA,,282164.9,9.0,8.5
1351,08:00:00,26/02/2024 8:00:00 SA,,282173.3,8.4,8.7
1352,09:00:00,26/02/2024 9:00:00 SA,,282180.1,6.8,7.5
1353,10:00:00,26/02/2024 10:00:00 SA,,282186.5,6.4,6.7
1354,11:00:00,26/02/2024 11:00:00 SA,,282193.6,7.1,7.1
1355,12:00:00,26/02/2024 12:00:00 CH,,282200.9,7.3,8.2
1356,13:00:00,26/02/2024 1:00:00 CH,,282207.4,6.5,6.2
1357,14:00:00,26/02/2024 2:00:00 CH,,282213.4,6.0,6.1
1358,15:00:00,26/02/2024 3:00:00 CH,,282218.2,4.8,4.7
1359,16:00:00,26/02/2024 4:00:00 CH,,282223.8,5.6,5.0
1360,17:00:00,26/02/2024 5:00:00 CH,,282231.8,8.0,7.3
1361,18:00:00,26/02/2024 6:00:00 CH,,282243.4,11.6,12.2
1362,19:00:00,26/02/2024 7:00:00 CH,,282256.2,12.8,12.5
1363,20:00:00,26/02/2024 8:00:00 CH,,282268.1,11.9,12.6
1364,21:00:00,26/02/2024 9:00:00 CH,,282278.6,10.5,10.6
1365,22:00:00,26/02/2024 10:00:00 CH,,282286.8,8.2,8.8
1366,23:00:00,26/02/2024 11:00:00 CH,,282292.7,5.9,6.0
1367,00:00:00,27/02/2024 12:00:00 SA,,282296.2,3.5,3.5
1368,01:00:00,27/02/2024 1:00:00 SA,,282299.2,3.0,3.0
1369,02:00:00,27/02/2024 2:00:00 SA,,282300.9,1.7,1.5
1370,03:00:00,27/02/2024 3:00:00 SA,,282302.3,1.4,1.1
1371,04:00:00,27/02/2024 4:00:00 SA,,282303.5,1.2,1.0
1372,05:00:00,27/02/2024 5:00:00 SA,,282305.3,1.8,1.5
1373,06:00:00,27/02/2024 6:00:00 SA,,282309.0,3.7,3.4
1374,07:00:00,27/02/2024 7:00:00 SA,,282318.5,9.5,9.3
1375,08:00:00,27/02/2024 8:00:00 SA,,282326.9,8.4,8.4
1376,09:00:00,27/02/2024 9:00:00 SA,,282335.2,8.3,8.0
1377,10:00:00,27/02/2024 10:00:00 SA,,282342.2,7.0,7.0
1378,11:00:00,27/02/2024 11:00:00 SA,,282351.9,9.7,9.5
1379,12:00:00,27/02/2024 12:00:00 CH,,282360.2,8.3,8.0
1380,13:00:00,27/02/2024 1:00:00 CH,,282367.2,7.0,6.9
1381,14:00:00,27/02/2024 2:00:00 CH,,282374.4,7.2,6.9
1382,15:00:00,27/02/2024 3:00:00 CH,,282382.4,8.0,8.2
1383,16:00:00,27/02/2024 4:00:00 CH,,282389.0,6.6,6.4
1384,17:00:00,27/02/2024 5:00:00 CH,,282395.4,6.4,6.3
1385,18:00:00,27/02/2024 6:00:00 CH,,282406.9,11.5,11.6
1386,19:00:00,27/02/2024 7:00:00 CH,,282420.4,13.5,12.4
1387,20:00:00,27/02/2024 8:00:00 CH,,282433.4,13.0,12.6
1388,21:00:00,27/02/2024 9:00:00 CH,,282446.5,13.1,12.4
1389,22:00:00,27/02/2024 10:00:00 CH,,282456.7,10.2,10.2
1390,23:00:00,27/02/2024 11:00:00 CH,,282464.3,7.6,7.2
1391,00:00:00,28/02/2024 12:00:00 SA,,282467.9,3.6,3.8
1392,01:00:00,28/02/2024 1:00:00 SA,,282470.5,2.6,2.7
1393,02:00:00,28/02/2024 2:00:00 SA,,282472.5,2.0,2.0
1394,03:00:00,28/02/2024 3:00:00 SA,,282474.5,2.0,1.9
1395,04:00:00,28/02/2024 4:00:00 SA,,282476.5,2.0,2.0
1396,05:00:00,28/02/2024 5:00:00 SA,,282479.0,2.5,2.3
1397,06:00:00,28/02/2024 6:00:00 SA,,282483.3,4.3,3.8
1398,07:00:00,28/02/2024 7:00:00 SA,,282493.4,10.1,9.8
1399,08:00:00,28/02/2024 8:00:00 SA,,282502.4,9.0,9.4
1400,09:00:00,28/02/2024 9:00:00 SA,,282510.6,8.2,8.1
1401,10:00:00,28/02/2024 10:00:00 SA,,282518.7,8.1,7.3
1402,11:00:00,28/02/2024 11:00:00 SA,,282527.3,8.6,8.6
1403,12:00:00,28/02/2024 12:00:00 CH,,282534.2,6.9,6.8
1404,13:00:00,28/02/2024 1:00:00 CH,,282540.6,6.4,6.1
1405,14:00:00,28/02/2024 2:00:00 CH,,282545.7,5.1,5.2
1406,15:00:00,28/02/2024 3:00:00 CH,,282549.8,4.1,3.7
1407,16:00:00,28/02/2024 4:00:00 CH,,282554.4,4.6,4.1
1408,17:00:00,28/02/2024 5:00:00 CH,,282559.9,5.5,5.4
1409,18:00:00,28/02/2024 6:00:00 CH,,282570.5,10.6,10.1
1410,19:00:00,28/02/2024 7:00:00 CH,,282584.8,14.3,14.7
1411,20:00:00,28/02/2024 8:00:00 CH,,282597.1,12.3,12.1
1412,21:00:00,28/02/2024 9:00:00 CH,,282608.9,11.8,11.3
1413,22:00:00,28/02/2024 10:00:00 CH,,282618.6,9.7,8.8
1414,23:00:00,28/02/2024 11:00:00 CH,,282625.3,6.7,7.3
1415,00:00:00,29/02/2024 12:00:00 SA,,282628.7,3.4,3.2
1416,01:00:00,29/02/2024 1:00:00 SA,,282630.7,2.0,2.1
1417,02:00:00,29/02/2024 2:00:00 SA,,282632.1,1.4,1.4
1418,03:00:00,29/02/2024 3:00:00 SA,,282633.5,1.4,1.2
1419,04:00:00,29/02/2024 4:00:00 SA,,282634.9,1.4,1.2
1420,05:00:00,29/02/2024 5:00:00 SA,,282636.7,1.8,1.4
1421,06:00:00,29/02/2024 6:00:00 SA,,282640.5,3.8,3.7
1422,07:00:00,29/02/2024 7:00:00 SA,,282649.5,9.0,8.9
1423,08:00:00,29/02/2024 8:00:00 SA,,282658.1,8.6,8.5
1424,09:00:00,29/02/2024 9:00:00 SA,,282665.4,7.3,7.5
1425,10:00:00,29/02/2024 10:00:00 SA,,282671.1,5.7,5.4
1426,11:00:00,29/02/2024 11:00:00 SA,,282677.3,6.2,5.8
1427,12:00:00,29/02/2024 12:00:00 CH,,282684.4,7.1,7.2
1428,13:00:00,29/02/2024 1:00:00 CH,,282690.6,6.2,6.5
1429,14:00:00,29/02/2024 2:00:00 CH,,282695.4,4.8,4.8
1430,15:00:00,29/02/2024 3:00:00 CH,,282702.1,6.7,7.1
1431,16:00:00,29/02/2024 4:00:00 CH,,282708.5,6.4,6.3
1432,17:00:00,29/02/2024 5:00:00 CH,,282716.4,7.9,8.0
1433,18:00:00,29/02/2024 6:00:00 CH,,282726.6,10.2,9.9
1434,19:00:00,29/02/2024 7:00:00 CH,,282739.5,12.9,13.3
1435,20:00:00,29/02/2024 8:00:00 CH,,282750.7,11.2,10.5
1436,21:00:00,29/02/2024 9:00:00 CH,,282763.2,12.5,12.4
1437,22:00:00,29/02/2024 10:00:00 CH,,282772.6,9.4,9.9
1438,23:00:00,29/02/2024 11:00:00 CH,,282780.8,8.2,8.6
1439,00:00:00,01/03/2024 12:00:00 SA,,282784.0,3.2,3.3
1440,01:00:00,01/03/2024 1:00:00 SA,,282785.8,1.8,1.9
1441,02:00:00,01/03/2024 2:00:00 SA,,282787.3,1.5,1.3
1442,03:00:00,01/03/2024 3:00:00 SA,,282788.7,1.4,1.4
1443,04:00:00,01/03/2024 4:00:00 SA,,282790.0,1.3,1.2
1444,05:00:00,01/03/2024 5:00:00 SA,,282791.6,1.6,1.6
1445,06:00:00,01/03/2024 6:00:00 SA,,282795.2,3.6,3.4
1446,07:00:00,01/03/2024 7:00:00 SA,,282804.5,9.3,9.1
1447,09:00:00,01/03/2024 9:00:00 SA,,282821.0,16.5,0.0
1448,10:00:00,01/03/2024 10:00:00 SA,,282827.6,6.6,6.8
1449,11:00:00,01/03/2024 11:00:00 SA,,282835.0,7.4,7.0
1450,12:00:00,01/03/2024 12:00:00 CH,,282842.2,7.2,7.3
1451,13:00:00,01/03/2024 1:00:00 CH,,282851.1,8.9,8.9
1452,14:00:00,01/03/2024 2:00:00 CH,,282855.9,4.8,4.7
1453,15:00:00,01/03/2024 3:00:00 CH,,282861.8,5.9,6.0
1454,16:00:00,01/03/2024 4:00:00 CH,,282868.3,6.5,6.3
1455,17:00:00,01/03/2024 5:00:00 CH,,282874.3,6.0,5.7
1456,18:00:00,01/03/2024 6:00:00 CH,,282883.9,9.6,9.7
1457,19:00:00,01/03/2024 7:00:00 CH,,282896.9,13.0,13.3
1458,20:00:00,01/03/2024 8:00:00 CH,,282909.5,12.6,12.9
1459,21:00:00,01/03/2024 9:00:00 CH,,282919.9,10.4,10.3
1460,22:00:00,01/03/2024 10:00:00 CH,,282929.2,9.3,9.0
1461,23:00:00,01/03/2024 11:00:00 CH,,282936.2,7.0,6.7
1462,00:00:00,02/03/2024 12:00:00 SA,,282939.3,3.1,3.1
1463,01:00:00,02/03/2024 1:00:00 SA,,282941.4,2.1,1.8
1464,02:00:00,02/03/2024 2:00:00 SA,,282942.7,1.3,1.2
1465,03:00:00,02/03/2024 3:00:00 SA,,282943.9,1.2,1.2
1466,04:00:00,02/03/2024 4:00:00 SA,,282945.1,1.2,1.0
1467,05:00:00,02/03/2024 5:00:00 SA,,282946.7,1.6,1.6
1468,06:00:00,02/03/2024 6:00:00 SA,,282949.2,2.5,2.6
1469,07:00:00,02/03/2024 7:00:00 SA,,282956.6,7.4,6.4
1470,08:00:00,02/03/2024 8:00:00 SA,,282965.8,9.2,9.1
1471,09:00:00,02/03/2024 9:00:00 SA,,282974.7,8.9,9.0
1472,10:00:00,02/03/2024 10:00:00 SA,,282986.6,11.9,11.7
1473,11:00:00,02/03/2024 11:00:00 SA,,282996.8,10.2,9.8
1474,12:00:00,02/03/2024 12:00:00 CH,,283005.3,8.5,8.9
1475,13:00:00,02/03/2024 1:00:00 CH,,283012.7,7.4,7.9
1476,14:00:00,02/03/2024 2:00:00 CH,,283019.5,6.8,7.0
1477,15:00:00,02/03/2024 3:00:00 CH,,283026.3,6.8,6.4
1478,16:00:00,02/03/2024 4:00:00 CH,,283032.7,6.4,6.3
1479,17:00:00,02/03/2024 5:00:00 CH,,283040.5,7.8,7.5
1480,18:00:00,02/03/2024 6:00:00 CH,,283051.7,11.2,11.5
1481,19:00:00,02/03/2024 7:00:00 CH,,283064.1,12.4,11.8
1482,20:00:00,02/03/2024 8:00:00 CH,,283074.5,10.4,10.9
1483,21:00:00,02/03/2024 9:00:00 CH,,283083.6,9.1,9.0
1484,22:00:00,02/03/2024 10:00:00 CH,,283091.5,7.9,7.5
1485,23:00:00,02/03/2024 11:00:00 CH,,283097.9,6.4,6.6
1486,00:00:00,03/03/2024 12:00:00 SA,,283101.8,3.9,4.1
1487,01:00:00,03/03/2024 1:00:00 SA,,283103.8,2.0,2.2
1488,02:00:00,03/03/2024 2:00:00 SA,,283105.3,1.5,1.3
1489,03:00:00,03/03/2024 3:00:00 SA,,283106.6,1.3,1.1
1490,04:00:00,03/03/2024 4:00:00 SA,,283107.8,1.2,1.2
1491,05:00:00,03/03/2024 5:00:00 SA,,283109.4,1.6,1.5
1492,06:00:00,03/03/2024 6:00:00 SA,,283111.5,2.1,2.1
1493,07:00:00,03/03/2024 7:00:00 SA,,283116.2,4.7,4.6
1494,08:00:00,03/03/2024 8:00:00 SA,,283126.6,10.4,10.3
1495,09:00:00,03/03/2024 9:00:00 SA,,283138.0,11.4,11.9
1496,10:00:00,03/03/2024 10:00:00 SA,,283149.7,11.7,10.7
1497,11:00:00,03/03/2024 11:00:00 SA,,283161.8,12.1,11.8
1498,12:00:00,03/03/2024 12:00:00 CH,,283174.5,12.7,13.0
1499,13:00:00,03/03/2024 1:00:00 CH,,283184.5,10.0,9.9
1500,14:00:00,03/03/2024 2:00:00 CH,,283193.7,9.2,9.0
1501,15:00:00,03/03/2024 3:00:00 CH,,283202.4,8.7,8.8
1502,16:00:00,03/03/2024 4:00:00 CH,,283212.0,9.6,9.6
1503,17:00:00,03/03/2024 5:00:00 CH,,283222.5,10.5,10.3
1504,18:00:00,03/03/2024 6:00:00 CH,,283234.2,11.7,11.9
1505,19:00:00,03/03/2024 7:00:00 CH,,283247.4,13.2,13.1
1506,20:00:00,03/03/2024 8:00:00 CH,,283258.7,11.3,11.5
1507,21:00:00,03/03/2024 9:00:00 CH,,283269.7,11.0,10.4
1508,22:00:00,03/03/2024 10:00:00 CH,,283278.5,8.8,9.0
1509,23:00:00,03/03/2024 11:00:00 CH,,283287.8,9.3,9.1
1510,00:00:00,04/03/2024 12:00:00 SA,,283291.7,3.9,4.2
1511,01:00:00,04/03/2024 1:00:00 SA,,283294.0,2.3,2.3
1512,02:00:00,04/03/2024 2:00:00 SA,,283295.6,1.6,1.6
1513,03:00:00,04/03/2024 3:00:00 SA,,283297.1,1.5,1.4
1514,04:00:00,04/03/2024 4:00:00 SA,,283298.3,1.2,1.2
1515,05:00:00,04/03/2024 5:00:00 SA,,283299.8,1.5,1.8
1516,06:00:00,04/03/2024 6:00:00 SA,,283303.6,3.8,3.1
1517,07:00:00,04/03/2024 7:00:00 SA,,283312.2,8.6,8.4
1518,08:00:00,04/03/2024 8:00:00 SA,,283319.5,7.3,7.2
1519,09:00:00,04/03/2024 9:00:00 SA,,283325.6,6.1,6.2
1520,10:00:00,04/03/2024 10:00:00 SA,,283330.8,5.2,5.4
1521,11:00:00,04/03/2024 11:00:00 SA,,283337.6,6.8,6.9
1522,12:00:00,04/03/2024 12:00:00 CH,,283344.8,7.2,6.8
1523,13:00:00,04/03/2024 1:00:00 CH,,283351.4,6.6,6.5
1524,14:00:00,04/03/2024 2:00:00 CH,,283358.6,7.2,7.0
1525,15:00:00,04/03/2024 3:00:00 CH,,283365.5,6.9,6.8
1526,16:00:00,04/03/2024 4:00:00 CH,,283369.8,4.3,4.2
1527,17:00:00,04/03/2024 5:00:00 CH,,283376.2,6.4,5.8
1528,18:00:00,04/03/2024 6:00:00 CH,,283386.4,10.2,10.8
1529,19:00:00,04/03/2024 7:00:00 CH,,283398.8,12.4,13.3
1530,20:00:00,04/03/2024 8:00:00 CH,,283410.5,11.7,11.5
1531,21:00:00,04/03/2024 9:00:00 CH,,283423.9,13.4,14.0
1532,22:00:00,04/03/2024 10:00:00 CH,,283434.6,10.7,11.7
1533,23:00:00,04/03/2024 11:00:00 CH,,283442.9,8.3,8.2
1534,00:00:00,05/03/2024 12:00:00 SA,,283447.0,4.1,3.7
1535,01:00:00,05/03/2024 1:00:00 SA,,283449.7,2.7,2.6
1536,02:00:00,05/03/2024 2:00:00 SA,,283451.8,2.1,2.1
1537,03:00:00,05/03/2024 3:00:00 SA,,283453.8,2.0,1.9
1538,04:00:00,05/03/2024 4:00:00 SA,,283455.8,2.0,1.9
1539,05:00:00,05/03/2024 5:00:00 SA,,283458.5,2.7,2.3
1540,06:00:00,05/03/2024 6:00:00 SA,,283463.0,4.5,4.1
1541,07:00:00,05/03/2024 7:00:00 SA,,283473.8,10.8,10.2
1542,08:00:00,05/03/2024 8:00:00 SA,,283482.6,8.8,8.3
1543,09:00:00,05/03/2024 9:00:00 SA,,283493.9,11.3,11.3
1544,10:00:00,05/03/2024 10:00:00 SA,,0.0,-283493.9,8.8
1545,11:00:00,05/03/2024 11:00:00 SA,,283510.7,283510.7,7.8
1546,12:00:00,05/03/2024 12:00:00 CH,,283520.6,9.9,10.2
1547,13:00:00,05/03/2024 1:00:00 CH,,283528.4,7.8,7.8
1548,14:00:00,05/03/2024 2:00:00 CH,,283536.7,8.3,8.5
1549,15:00:00,05/03/2024 3:00:00 CH,,283545.1,8.4,8.9
1550,16:00:00,05/03/2024 4:00:00 CH,,283550.3,5.2,5.3
1551,17:00:00,05/03/2024 5:00:00 CH,,283556.4,6.1,6.6
1552,18:00:00,05/03/2024 6:00:00 CH,,283567.2,10.8,10.2
1553,19:00:00,05/03/2024 7:00:00 CH,,283584.9,17.7,17.6
1554,20:00:00,05/03/2024 8:00:00 CH,,283598.4,13.5,12.8
1555,21:00:00,05/03/2024 9:00:00 CH,,283610.4,12.0,11.6
1556,22:00:00,05/03/2024 10:00:00 CH,,283620.6,10.2,10.4
1557,23:00:00,05/03/2024 11:00:00 CH,,283627.7,7.1,7.1
1558,00:00:00,06/03/2024 12:00:00 SA,,283631.7,4.0,4.0
1559,01:00:00,06/03/2024 1:00:00 SA,,283634.6,2.9,2.7
1560,02:00:00,06/03/2024 2:00:00 SA,,283636.5,1.9,1.9
1561,03:00:00,06/03/2024 3:00:00 SA,,283637.8,1.3,1.3
1562,04:00:00,06/03/2024 4:00:00 SA,,283639.1,1.3,1.3
1563,05:00:00,06/03/2024 5:00:00 SA,,283641.0,1.9,1.7
1564,06:00:00,06/03/2024 6:00:00 SA,,283645.4,4.4,4.4
1565,07:00:00,06/03/2024 7:00:00 SA,,283656.5,11.1,10.8
1566,08:00:00,06/03/2024 8:00:00 SA,,283666.7,10.2,10.4
1567,09:00:00,06/03/2024 9:00:00 SA,,283674.9,8.2,7.6
1568,10:00:00,06/03/2024 10:00:00 SA,,283680.6,5.7,5.0
1569,11:00:00,06/03/2024 11:00:00 SA,,283687.9,7.3,7.2
1570,12:00:00,06/03/2024 12:00:00 CH,,283696.9,9.0,8.0
1571,13:00:00,06/03/2024 1:00:00 CH,,283704.3,7.4,6.9
1572,14:00:00,06/03/2024 2:00:00 CH,,283711.1,6.8,6.5
1573,15:00:00,06/03/2024 3:00:00 CH,,283717.7,6.6,6.6
1574,16:00:00,06/03/2024 4:00:00 CH,,283725.1,7.4,7.8
1575,17:00:00,06/03/2024 5:00:00 CH,,283733.9,8.8,8.2
1576,18:00:00,06/03/2024 6:00:00 CH,,283746.8,12.9,13.1
1577,19:00:00,06/03/2024 7:00:00 CH,,283761.9,15.1,15.1
1578,20:00:00,06/03/2024 8:00:00 CH,,283774.3,12.4,13.2
1579,21:00:00,06/03/2024 9:00:00 CH,,283785.8,11.5,11.0
1580,22:00:00,06/03/2024 10:00:00 CH,,283796.4,10.6,10.0
1581,23:00:00,06/03/2024 11:00:00 CH,,283806.5,10.1,10.1
1582,00:00:00,07/03/2024 12:00:00 SA,,283810.7,4.2,3.8
1583,01:00:00,07/03/2024 1:00:00 SA,,283815.0,4.3,4.3
1584,02:00:00,07/03/2024 2:00:00 SA,,283817.4,2.4,2.3
1585,03:00:00,07/03/2024 3:00:00 SA,,283821.4,4.0,3.7
1586,04:00:00,07/03/2024 4:00:00 SA,,283823.5,2.1,1.9
1587,05:00:00,07/03/2024 5:00:00 SA,,283826.0,2.5,2.7
1588,06:00:00,07/03/2024 6:00:00 SA,,283831.0,5.0,4.6
1589,07:00:00,07/03/2024 7:00:00 SA,,283842.9,11.9,11.6
1590,08:00:00,07/03/2024 8:00:00 SA,,283856.1,13.2,13.8
1591,09:00:00,07/03/2024 9:00:00 SA,,283863.8,7.7,8.1
1592,10:00:00,07/03/2024 10:00:00 SA,,283870.2,6.4,6.1
1593,11:00:00,07/03/2024 11:00:00 SA,,283877.1,6.9,6.9
1594,12:00:00,07/03/2024 12:00:00 CH,,283884.3,7.2,7.1
1595,13:00:00,07/03/2024 1:00:00 CH,,283890.4,6.1,6.1
1596,14:00:00,07/03/2024 2:00:00 CH,,283896.3,5.9,4.9
1597,15:00:00,07/03/2024 3:00:00 CH,,283902.0,5.7,6.0
1598,16:00:00,07/03/2024 4:00:00 CH,,283907.8,5.8,5.6
1599,17:00:00,07/03/2024 5:00:00 CH,,283913.7,5.9,5.6
1600,18:00:00,07/03/2024 6:00:00 CH,,283926.0,12.3,11.1
1601,19:00:00,07/03/2024 7:00:00 CH,,283940.4,14.4,15.0
1602,20:00:00,07/03/2024 8:00:00 CH,,283951.9,11.5,12.0
1603,21:00:00,07/03/2024 9:00:00 CH,,283962.5,10.6,9.6
1604,22:00:00,07/03/2024 10:00:00 CH,,283971.8,9.3,9.1
1605,23:00:00,07/03/2024 11:00:00 CH,,283979.1,7.3,7.2
1606,00:00:00,08/03/2024 12:00:00 SA,,283982.9,3.8,3.8
1607,01:00:00,08/03/2024 1:00:00 SA,,283984.9,2.0,2.0
1608,02:00:00,08/03/2024 2:00:00 SA,,283987.1,2.2,2.2
1609,03:00:00,08/03/2024 3:00:00 SA,,283988.4,1.3,1.4
1610,04:00:00,08/03/2024 4:00:00 SA,,283989.6,1.2,1.2
1611,05:00:00,08/03/2024 5:00:00 SA,,283991.4,1.8,1.8
1612,06:00:00,08/03/2024 6:00:00 SA,,283995.7,4.3,4.0
1613,07:00:00,08/03/2024 7:00:00 SA,,284005.6,9.9,9.3
1614,08:00:00,08/03/2024 8:00:00 SA,,284018.3,12.7,11.6
1615,09:00:00,08/03/2024 9:00:00 SA,,284031.7,13.4,13.8
1616,10:00:00,08/03/2024 10:00:00 SA,,284040.1,8.4,8.1
1617,11:00:00,08/03/2024 11:00:00 SA,,284046.0,5.9,6.1
1618,12:00:00,08/03/2024 12:00:00 CH,,284052.4,6.4,6.7
1619,13:00:00,08/03/2024 1:00:00 CH,,284058.0,5.6,5.6
1620,14:00:00,08/03/2024 2:00:00 CH,,284063.4,5.4,4.9
1621,15:00:00,08/03/2024 3:00:00 CH,,284068.7,5.3,5.0
1622,16:00:00,08/03/2024 4:00:00 CH,,284073.0,4.3,3.9
1623,17:00:00,08/03/2024 5:00:00 CH,,284080.2,7.2,7.0
1624,18:00:00,08/03/2024 6:00:00 CH,,284092.3,12.1,12.8
1625,19:00:00,08/03/2024 7:00:00 CH,,284106.2,13.9,14.1
1626,20:00:00,08/03/2024 8:00:00 CH,,284116.5,10.3,10.5
1627,21:00:00,08/03/2024 9:00:00 CH,,284125.4,8.9,8.9
1628,22:00:00,08/03/2024 10:00:00 CH,,284134.4,9.0,8.9
1629,23:00:00,08/03/2024 11:00:00 CH,,284142.0,7.6,8.0
1630,00:00:00,09/03/2024 12:00:00 SA,,284146.2,4.2,4.0
1631,01:00:00,09/03/2024 1:00:00 SA,,284148.2,2.0,2.0
1632,02:00:00,09/03/2024 2:00:00 SA,,284151.4,3.2,2.9
1633,03:00:00,09/03/2024 3:00:00 SA,,284153.2,1.8,2.1
1634,04:00:00,09/03/2024 4:00:00 SA,,284154.6,1.4,1.3
1635,05:00:00,09/03/2024 5:00:00 SA,,284156.2,1.6,1.5
1636,06:00:00,09/03/2024 6:00:00 SA,,284159.4,3.2,2.9
1637,07:00:00,09/03/2024 7:00:00 SA,,284167.9,8.5,7.5
1638,08:00:00,09/03/2024 8:00:00 SA,,284177.0,9.1,8.9
1639,09:00:00,09/03/2024 9:00:00 SA,,284185.2,8.2,8.1
1640,10:00:00,09/03/2024 10:00:00 SA,,284193.4,8.2,7.8
1641,11:00:00,09/03/2024 11:00:00 SA,,284201.2,7.8,8.3
1642,12:00:00,09/03/2024 12:00:00 CH,,284209.1,7.9,8.2
1643,13:00:00,09/03/2024 1:00:00 CH,,284216.9,7.8,7.4
1644,14:00:00,09/03/2024 2:00:00 CH,,284223.4,6.5,6.5
1645,15:00:00,09/03/2024 3:00:00 CH,,284229.1,5.7,5.4
1646,16:00:00,09/03/2024 4:00:00 CH,,284237.0,7.9,7.9
1647,17:00:00,09/03/2024 5:00:00 CH,,284244.9,7.9,7.2
1648,18:00:00,09/03/2024 6:00:00 CH,,284256.8,11.9,11.9
1649,19:00:00,09/03/2024 7:00:00 CH,,284270.3,13.5,12.8
1650,20:00:00,09/03/2024 8:00:00 CH,,284280.9,10.6,9.7
1651,21:00:00,09/03/2024 9:00:00 CH,,284291.1,10.2,10.5
1652,22:00:00,09/03/2024 10:00:00 CH,,284298.8,7.7,8.4
1653,23:00:00,09/03/2024 11:00:00 CH,,284307.9,9.1,9.1
1654,00:00:00,10/03/2024 12:00:00 SA,,284311.5,3.6,3.6
1655,01:00:00,10/03/2024 1:00:00 SA,,284315.3,3.8,3.8
1656,02:00:00,10/03/2024 2:00:00 SA,,284317.1,1.8,1.3
1657,03:00:00,10/03/2024 3:00:00 SA,,284318.9,1.8,1.9
1658,04:00:00,10/03/2024 4:00:00 SA,,284320.1,1.2,1.2
1659,05:00:00,10/03/2024 5:00:00 SA,,284321.6,1.5,1.3
1660,06:00:00,10/03/2024 6:00:00 SA,,284324.0,2.4,2.2
1661,07:00:00,10/03/2024 7:00:00 SA,,284328.7,4.7,4.1
1662,08:00:00,10/03/2024 8:00:00 SA,,284336.7,8.0,7.4
1663,09:00:00,10/03/2024 9:00:00 SA,,284346.1,9.4,9.7
1664,10:00:00,10/03/2024 10:00:00 SA,,284354.5,8.4,8.4
1665,11:00:00,10/03/2024 11:00:00 SA,,284362.9,8.4,8.8
1666,12:00:00,10/03/2024 12:00:00 CH,,284370.4,7.5,6.8
1667,13:00:00,10/03/2024 1:00:00 CH,,284377.3,6.9,7.4
1668,14:00:00,10/03/2024 2:00:00 CH,,284383.9,6.6,6.5
1669,15:00:00,10/03/2024 3:00:00 CH,,284389.9,6.0,5.8
1670,16:00:00,10/03/2024 4:00:00 CH,,284398.1,8.2,8.0
1671,17:00:00,10/03/2024 5:00:00 CH,,284408.0,9.9,10.0
1672,18:00:00,10/03/2024 6:00:00 CH,,284420.0,12.0,12.2
1673,19:00:00,10/03/2024 7:00:00 CH,,284433.5,13.5,13.3
1674,20:00:00,10/03/2024 8:00:00 CH,,284445.6,12.1,12.3
1675,21:00:00,10/03/2024 9:00:00 CH,,284456.8,11.2,10.7
1676,22:00:00,10/03/2024 10:00:00 CH,,284467.0,10.2,10.2
1677,23:00:00,10/03/2024 11:00:00 CH,,284473.5,6.5,6.7
1678,00:00:00,11/03/2024 12:00:00 SA,,284477.3,3.8,3.8
1679,01:00:00,11/03/2024 1:00:00 SA,,284479.6,2.3,2.3
1680,02:00:00,11/03/2024 2:00:00 SA,,284481.6,2.0,2.0
1681,03:00:00,11/03/2024 3:00:00 SA,,284483.3,1.7,1.8
1682,04:00:00,11/03/2024 4:00:00 SA,,284485.2,1.9,1.9
1683,05:00:00,11/03/2024 5:00:00 SA,,284487.3,2.1,1.8
1684,06:00:00,11/03/2024 6:00:00 SA,,284491.6,4.3,4.2
1685,07:00:00,11/03/2024 7:00:00 SA,,284501.0,9.4,8.5
1686,08:00:00,11/03/2024 8:00:00 SA,,284511.1,10.1,9.8
1687,09:00:00,11/03/2024 9:00:00 SA,,284520.3,9.2,9.1
1688,10:00:00,11/03/2024 10:00:00 SA,,284528.0,7.7,7.8
1689,11:00:00,11/03/2024 11:00:00 SA,,284536.7,8.7,8.2
1690,12:00:00,11/03/2024 12:00:00 CH,,284544.0,7.3,7.4
1691,13:00:00,11/03/2024 1:00:00 CH,,284551.1,7.1,6.9
1692,14:00:00,11/03/2024 2:00:00 CH,,284558.5,7.4,7.7
1693,15:00:00,11/03/2024 3:00:00 CH,,284563.9,5.4,5.4
1694,16:00:00,11/03/2024 4:00:00 CH,,284569.5,5.6,4.8
1695,17:00:00,11/03/2024 5:00:00 CH,,284575.8,6.3,6.4
1696,18:00:00,11/03/2024 6:00:00 CH,,284588.8,13.0,12.1
1697,19:00:00,11/03/2024 7:00:00 CH,,284602.7,13.9,13.0
1698,20:00:00,11/03/2024 8:00:00 CH,,284616.2,13.5,14.2
1699,21:00:00,11/03/2024 9:00:00 CH,,284627.8,11.6,11.7
1700,22:00:00,11/03/2024 10:00:00 CH,,284637.4,9.6,9.6
1701,23:00:00,11/03/2024 11:00:00 CH,,284644.3,6.9,6.1
1702,00:00:00,12/03/2024 12:00:00 SA,,284648.1,3.8,3.6
1703,01:00:00,12/03/2024 1:00:00 SA,,284649.9,1.8,1.6
1704,02:00:00,12/03/2024 2:00:00 SA,,284651.3,1.4,1.4
1705,03:00:00,12/03/2024 3:00:00 SA,,284652.6,1.3,1.0
1706,04:00:00,12/03/2024 4:00:00 SA,,284654.0,1.4,1.4
1707,05:00:00,12/03/2024 5:00:00 SA,,284655.8,1.8,1.6
1708,06:00:00,12/03/2024 6:00:00 SA,,284659.9,4.1,4.0
1709,07:00:00,12/03/2024 7:00:00 SA,,284670.4,10.5,9.8
1710,08:00:00,12/03/2024 8:00:00 SA,,284680.6,10.2,9.9
1711,09:00:00,12/03/2024 9:00:00 SA,,284692.3,11.7,12.0
1712,10:00:00,12/03/2024 10:00:00 SA,,284701.0,8.7,9.1
1713,11:00:00,12/03/2024 11:00:00 SA,,284709.5,8.5,8.5
1714,12:00:00,12/03/2024 12:00:00 CH,,284717.6,8.1,8.1
1715,13:00:00,12/03/2024 1:00:00 CH,,284724.5,6.9,7.1
1716,14:00:00,12/03/2024 2:00:00 CH,,284731.4,6.9,6.6
1717,15:00:00,12/03/2024 3:00:00 CH,,284738.9,7.5,7.4
1718,16:00:00,12/03/2024 4:00:00 CH,,284744.7,5.8,5.0
1719,17:00:00,12/03/2024 5:00:00 CH,,284751.7,7.0,6.8
1720,18:00:00,12/03/2024 6:00:00 CH,,284762.9,11.2,10.7
1721,19:00:00,12/03/2024 7:00:00 CH,,284778.0,15.1,15.1
1722,20:00:00,12/03/2024 8:00:00 CH,,284791.9,13.9,13.2
1723,21:00:00,12/03/2024 9:00:00 CH,,284803.2,11.3,11.5
1724,22:00:00,12/03/2024 10:00:00 CH,,284812.9,9.7,9.4
1725,23:00:00,12/03/2024 11:00:00 CH,,284820.1,7.2,7.6
1726,00:00:00,13/03/2024 12:00:00 SA,,284823.5,3.4,3.3
1727,01:00:00,13/03/2024 1:00:00 SA,,284825.5,2.0,1.8
1728,02:00:00,13/03/2024 2:00:00 SA,,284827.2,1.7,1.8
1729,03:00:00,13/03/2024 3:00:00 SA,,284828.6,1.4,1.3
1730,04:00:00,13/03/2024 4:00:00 SA,,284830.1,1.5,1.5
1731,05:00:00,13/03/2024 5:00:00 SA,,284831.9,1.8,1.6
1732,06:00:00,13/03/2024 6:00:00 SA,,284836.6,4.7,4.8
1733,07:00:00,13/03/2024 7:00:00 SA,,284846.8,10.2,9.5
1734,08:00:00,13/03/2024 8:00:00 SA,,284857.2,10.4,10.0
1735,09:00:00,13/03/2024 9:00:00 SA,,284866.1,8.9,8.6
1736,10:00:00,13/03/2024 10:00:00 SA,,284873.8,7.7,8.0
1737,11:00:00,13/03/2024 11:00:00 SA,,284880.6,6.8,7.0
1738,12:00:00,13/03/2024 12:00:00 CH,,284887.6,7.0,6.4
1739,13:00:00,13/03/2024 1:00:00 CH,,284893.8,6.2,6.3
1740,14:00:00,13/03/2024 2:00:00 CH,,284898.7,4.9,4.5
1741,15:00:00,13/03/2024 3:00:00 CH,,284905.2,6.5,5.8
1742,16:00:00,13/03/2024 4:00:00 CH,,284914.5,9.3,9.3
1743,17:00:00,13/03/2024 5:00:00 CH,,284921.4,6.9,6.4
1744,18:00:00,13/03/2024 6:00:00 CH,,284934.1,12.7,12.9
1745,19:00:00,13/03/2024 7:00:00 CH,,284949.6,15.5,14.8
1746,20:00:00,13/03/2024 8:00:00 CH,,284961.7,12.1,13.1
1747,21:00:00,13/03/2024 9:00:00 CH,,284972.7,11.0,11.4
1748,22:00:00,13/03/2024 10:00:00 CH,,284980.9,8.2,8.4
1749,23:00:00,13/03/2024 11:00:00 CH,,284987.0,6.1,5.5
1750,00:00:00,14/03/2024 12:00:00 SA,,284990.7,3.7,3.6
1751,01:00:00,14/03/2024 1:00:00 SA,,284993.5,2.8,3.1
1752,02:00:00,14/03/2024 2:00:00 SA,,284995.1,1.6,1.5
1753,03:00:00,14/03/2024 3:00:00 SA,,284996.6,1.5,1.3
1754,04:00:00,14/03/2024 4:00:00 SA,,284998.0,1.4,1.1
1755,05:00:00,14/03/2024 5:00:00 SA,,284999.8,1.8,1.7
1756,06:00:00,14/03/2024 6:00:00 SA,,285004.6,4.8,4.6
1757,07:00:00,14/03/2024 7:00:00 SA,,285014.1,9.5,10.6
1758,08:00:00,14/03/2024 8:00:00 SA,,285023.2,9.1,9.2
1759,09:00:00,14/03/2024 9:00:00 SA,,285033.8,10.6,11.1
1760,10:00:00,14/03/2024 10:00:00 SA,,285045.0,11.2,10.7
1761,11:00:00,14/03/2024 11:00:00 SA,,285052.1,7.1,6.9
1762,12:00:00,14/03/2024 12:00:00 CH,,285060.2,8.1,8.7
1763,13:00:00,14/03/2024 1:00:00 CH,,285066.3,6.1,6.9
1764,14:00:00,14/03/2024 2:00:00 CH,,285071.3,5.0,5.1
1765,15:00:00,14/03/2024 3:00:00 CH,,285078.8,7.5,7.5
1766,16:00:00,14/03/2024 4:00:00 CH,,285087.4,8.6,8.4
1767,17:00:00,14/03/2024 5:00:00 CH,,285093.6,6.2,6.2
1768,18:00:00,14/03/2024 6:00:00 CH,,285104.0,10.4,9.7
1769,19:00:00,14/03/2024 7:00:00 CH,,285118.2,14.2,14.0
1770,20:00:00,14/03/2024 8:00:00 CH,,285131.1,12.9,13.2
1771,21:00:00,14/03/2024 9:00:00 CH,,285142.5,11.4,11.7
1772,22:00:00,14/03/2024 10:00:00 CH,,285151.6,9.1,9.1
1773,23:00:00,14/03/2024 11:00:00 CH,,285159.3,7.7,7.6
1774,00:00:00,15/03/2024 12:00:00 SA,,285162.6,3.3,3.3
1775,01:00:00,15/03/2024 1:00:00 SA,,285165.8,3.2,3.1
1776,02:00:00,15/03/2024 2:00:00 SA,,285167.4,1.6,1.3
1777,03:00:00,15/03/2024 3:00:00 SA,,285168.8,1.4,1.4
1778,04:00:00,15/03/2024 4:00:00 SA,,285170.2,1.4,1.1
1779,05:00:00,15/03/2024 5:00:00 SA,,285172.1,1.9,1.5
1780,06:00:00,15/03/2024 6:00:00 SA,,285176.8,4.7,4.2
1781,07:00:00,15/03/2024 7:00:00 SA,,285185.8,9.0,8.7
1782,08:00:00,15/03/2024 8:00:00 SA,,285194.2,8.4,8.6
1783,09:00:00,15/03/2024 9:00:00 SA,,285202.2,8.0,7.5
1784,10:00:00,15/03/2024 10:00:00 SA,,285209.8,7.6,7.4
1785,11:00:00,15/03/2024 11:00:00 SA,,285216.8,7.0,6.5
1786,12:00:00,15/03/2024 12:00:00 CH,,285224.4,7.6,7.3
1787,13:00:00,15/03/2024 1:00:00 CH,,285230.1,5.7,5.6
1788,14:00:00,15/03/2024 2:00:00 CH,,285237.1,7.0,6.8
1789,15:00:00,15/03/2024 3:00:00 CH,,285243.7,6.6,6.7
1790,16:00:00,15/03/2024 4:00:00 CH,,285248.7,5.0,5.0
1791,17:00:00,15/03/2024 5:00:00 CH,,285255.7,7.0,7.0
1792,18:00:00,15/03/2024 6:00:00 CH,,285265.4,9.7,9.0
1793,19:00:00,15/03/2024 7:00:00 CH,,285277.7,12.3,11.9
1794,20:00:00,15/03/2024 8:00:00 CH,,285289.2,11.5,11.1
1795,21:00:00,15/03/2024 9:00:00 CH,,285299.1,9.9,9.6
1796,22:00:00,15/03/2024 10:00:00 CH,,285307.8,8.7,8.7
1797,23:00:00,15/03/2024 11:00:00 CH,,285316.4,8.6,8.5
1798,00:00:00,16/03/2024 12:00:00 SA,,285320.7,4.3,4.3
1799,01:00:00,16/03/2024 1:00:00 SA,,285323.0,2.3,2.2
1800,02:00:00,16/03/2024 2:00:00 SA,,285324.7,1.7,1.5
1801,03:00:00,16/03/2024 3:00:00 SA,,285326.1,1.4,1.5
1802,04:00:00,16/03/2024 4:00:00 SA,,285327.7,1.6,1.5
1803,05:00:00,16/03/2024 5:00:00 SA,,285329.9,2.2,2.1
1804,06:00:00,16/03/2024 6:00:00 SA,,285333.6,3.7,3.9
1805,07:00:00,16/03/2024 7:00:00 SA,,285341.8,8.2,8.6
1806,08:00:00,16/03/2024 8:00:00 SA,,285352.3,10.5,10.7
1807,09:00:00,16/03/2024 9:00:00 SA,,285362.0,9.7,10.1
1808,10:00:00,16/03/2024 10:00:00 SA,,285369.2,7.2,7.0
1809,11:00:00,16/03/2024 11:00:00 SA,,285377.4,8.2,8.1
1810,12:00:00,16/03/2024 12:00:00 CH,,285386.4,9.0,8.8
1811,13:00:00,16/03/2024 1:00:00 CH,,285394.5,8.1,8.0
1812,14:00:00,16/03/2024 2:00:00 CH,,285401.9,7.4,7.5
1813,15:00:00,16/03/2024 3:00:00 CH,,285409.4,7.5,7.2
1814,16:00:00,16/03/2024 4:00:00 CH,,285418.8,9.4,9.3
1815,17:00:00,16/03/2024 5:00:00 CH,,285429.6,10.8,10.9
1816,18:00:00,16/03/2024 6:00:00 CH,,285441.8,12.2,12.3
1817,19:00:00,16/03/2024 7:00:00 CH,,285455.0,13.2,13.1
1818,20:00:00,16/03/2024 8:00:00 CH,,285466.5,11.5,11.3
1819,21:00:00,16/03/2024 9:00:00 CH,,285477.1,10.6,11.1
1820,22:00:00,16/03/2024 10:00:00 CH,,285485.8,8.7,9.4
1821,23:00:00,16/03/2024 11:00:00 CH,,285493.4,7.6,7.5
1822,00:00:00,17/03/2024 12:00:00 SA,,285497.6,4.2,4.1
1823,01:00:00,17/03/2024 1:00:00 SA,,285499.8,2.2,2.2
1824,02:00:00,17/03/2024 2:00:00 SA,,285501.4,1.6,1.6
1825,03:00:00,17/03/2024 3:00:00 SA,,285502.9,1.5,1.4
1826,04:00:00,17/03/2024 4:00:00 SA,,285504.4,1.5,1.6
1827,05:00:00,17/03/2024 5:00:00 SA,,285506.4,2.0,2.0
1828,06:00:00,17/03/2024 6:00:00 SA,,285509.5,3.1,2.9
1829,07:00:00,17/03/2024 7:00:00 SA,,285515.9,6.4,6.3
1830,08:00:00,17/03/2024 8:00:00 SA,,285525.6,9.7,10.0
1831,09:00:00,17/03/2024 9:00:00 SA,,285538.7,13.1,12.7
1832,10:00:00,17/03/2024 10:00:00 SA,,285551.3,12.6,13.2
1833,11:00:00,17/03/2024 11:00:00 SA,,285561.5,10.2,9.7
1834,12:00:00,17/03/2024 12:00:00 CH,,285569.5,8.0,8.1
1835,13:00:00,17/03/2024 1:00:00 CH,,285577.0,7.5,7.6
1836,14:00:00,17/03/2024 2:00:00 CH,,285584.7,7.7,7.4
1837,15:00:00,17/03/2024 3:00:00 CH,,285590.6,5.9,6.1
1838,16:00:00,17/03/2024 4:00:00 CH,,285597.6,7.0,7.1
1839,17:00:00,17/03/2024 5:00:00 CH,,285608.0,10.4,10.3
1840,18:00:00,17/03/2024 6:00:00 CH,,285619.2,11.2,11.7
1841,19:00:00,17/03/2024 7:00:00 CH,,285632.4,13.2,12.7
1842,20:00:00,17/03/2024 8:00:00 CH,,285644.3,11.9,11.6
1843,21:00:00,17/03/2024 9:00:00 CH,,285654.4,10.1,9.4
1844,22:00:00,17/03/2024 10:00:00 CH,,285663.8,9.4,9.8
1845,23:00:00,17/03/2024 11:00:00 CH,,285670.2,6.4,5.9
1846,00:00:00,18/03/2024 12:00:00 SA,,285674.1,3.9,3.3
1847,01:00:00,18/03/2024 1:00:00 SA,,285678.3,4.2,4.5
1848,02:00:00,18/03/2024 2:00:00 SA,,285679.8,1.5,1.3
1849,03:00:00,18/03/2024 3:00:00 SA,,285681.1,1.3,1.3
1850,04:00:00,18/03/2024 4:00:00 SA,,285682.5,1.4,1.3
1851,05:00:00,18/03/2024 5:00:00 SA,,285684.3,1.8,1.9
1852,06:00:00,18/03/2024 6:00:00 SA,,285688.4,4.1,3.8
1853,07:00:00,18/03/2024 7:00:00 SA,,285699.9,11.5,11.3
1854,08:00:00,18/03/2024 8:00:00 SA,,285707.8,7.9,7.3
1855,09:00:00,18/03/2024 9:00:00 SA,,285716.8,9.0,9.1
1856,10:00:00,18/03/2024 10:00:00 SA,,285725.6,8.8,9.2
1857,11:00:00,18/03/2024 11:00:00 SA,,285733.1,7.5,7.7
1858,12:00:00,18/03/2024 12:00:00 CH,,285741.4,8.3,8.1
1859,13:00:00,18/03/2024 1:00:00 CH,,285749.6,8.2,8.2
1860,14:00:00,18/03/2024 2:00:00 CH,,285758.3,8.7,8.5
1861,15:00:00,18/03/2024 3:00:00 CH,,285767.6,9.3,9.3
1862,16:00:00,18/03/2024 4:00:00 CH,,285774.5,6.9,7.2
1863,17:00:00,18/03/2024 5:00:00 CH,,285781.9,7.4,7.7
1864,18:00:00,18/03/2024 6:00:00 CH,,285794.1,12.2,11.9
1865,19:00:00,18/03/2024 7:00:00 CH,,285808.5,14.4,14.1
1866,20:00:00,18/03/2024 8:00:00 CH,,285821.6,13.1,13.1
1867,21:00:00,18/03/2024 9:00:00 CH,,285833.1,11.5,10.8
1868,22:00:00,18/03/2024 10:00:00 CH,,285842.8,9.7,9.7
1869,23:00:00,18/03/2024 11:00:00 CH,,285851.8,9.0,9.1
1870,00:00:00,19/03/2024 12:00:00 SA,,285855.9,4.1,4.3
1871,01:00:00,19/03/2024 1:00:00 SA,,285857.7,1.8,1.9
1872,02:00:00,19/03/2024 2:00:00 SA,,285859.1,1.4,1.5
1873,03:00:00,19/03/2024 3:00:00 SA,,285860.5,1.4,1.3
1874,04:00:00,19/03/2024 4:00:00 SA,,285861.8,1.3,1.2
1875,05:00:00,19/03/2024 5:00:00 SA,,285863.5,1.7,1.5
1876,06:00:00,19/03/2024 6:00:00 SA,,285866.5,3.0,3.0
1877,07:00:00,19/03/2024 7:00:00 SA,,285869.3,2.8,7.5
1878,08:00:00,19/03/2024 8:00:00 SA,,285877.0,7.7,7.6
1879,09:00:00,19/03/2024 9:00:00 SA,,285885.2,8.2,7.5
1880,10:00:00,19/03/2024 10:00:00 SA,,285893.2,8.0,8.1
1881,11:00:00,19/03/2024 11:00:00 SA,,285899.4,6.2,6.0
1882,12:00:00,19/03/2024 12:00:00 CH,,285906.3,6.9,6.6
1883,13:00:00,19/03/2024 1:00:00 CH,,285912.4,6.1,5.9
1884,14:00:00,19/03/2024 2:00:00 CH,,285916.8,4.4,4.2
1885,15:00:00,19/03/2024 3:00:00 CH,,285921.2,4.4,4.6
1886,16:00:00,19/03/2024 4:00:00 CH,,285925.1,3.9,3.8
1887,17:00:00,19/03/2024 5:00:00 CH,,285933.2,8.1,7.3
1888,18:00:00,19/03/2024 6:00:00 CH,,285944.9,11.7,11.3
1889,19:00:00,19/03/2024 7:00:00 CH,,285959.0,14.1,14.5
1890,20:00:00,19/03/2024 8:00:00 CH,,285971.7,12.7,12.7
1891,21:00:00,19/03/2024 9:00:00 CH,,285982.2,10.5,10.4
1892,22:00:00,19/03/2024 10:00:00 CH,,285991.7,9.5,9.4
1893,23:00:00,19/03/2024 11:00:00 CH,,285997.7,6.0,6.2
1894,00:00:00,20/03/2024 12:00:00 SA,,286001.3,3.6,3.7
1895,01:00:00,20/03/2024 1:00:00 SA,,286004.9,3.6,3.5
1896,02:00:00,20/03/2024 2:00:00 SA,,286006.1,1.2,1.1
1897,03:00:00,20/03/2024 3:00:00 SA,,286007.0,0.9,1.0
1898,04:00:00,20/03/2024 4:00:00 SA,,286008.0,1.0,1.0
1899,05:00:00,20/03/2024 5:00:00 SA,,286009.3,1.3,1.4
1900,06:00:00,20/03/2024 6:00:00 SA,,286014.3,5.0,4.7
1901,07:00:00,20/03/2024 7:00:00 SA,,286026.2,11.9,11.9
1902,08:00:00,20/03/2024 8:00:00 SA,,286034.5,8.3,7.8
1903,09:00:00,20/03/2024 9:00:00 SA,,286042.0,7.5,7.4
1904,10:00:00,20/03/2024 10:00:00 SA,,286047.1,5.1,5.3
1905,11:00:00,20/03/2024 11:00:00 SA,,286053.0,5.9,5.8
1906,12:00:00,20/03/2024 12:00:00 CH,,286060.8,7.8,7.8
1907,13:00:00,20/03/2024 1:00:00 CH,,286066.9,6.1,5.6
1908,14:00:00,20/03/2024 2:00:00 CH,,286071.9,5.0,4.7
1909,15:00:00,20/03/2024 3:00:00 CH,,286078.1,6.2,6.0
1910,16:00:00,20/03/2024 4:00:00 CH,,286082.6,4.5,4.4
1911,17:00:00,20/03/2024 5:00:00 CH,,286089.6,7.0,6.5
1912,18:00:00,20/03/2024 6:00:00 CH,,286100.4,10.8,10.9
1913,19:00:00,20/03/2024 7:00:00 CH,,286114.6,14.2,13.7
1914,20:00:00,20/03/2024 8:00:00 CH,,286127.0,12.4,11.9
1915,21:00:00,20/03/2024 9:00:00 CH,,286138.0,11.0,11.4
1916,22:00:00,20/03/2024 10:00:00 CH,,286147.8,9.8,10.0
1917,23:00:00,20/03/2024 11:00:00 CH,,286154.8,7.0,7.0
1918,00:00:00,21/03/2024 12:00:00 SA,,286159.1,4.3,4.1
1919,01:00:00,21/03/2024 1:00:00 SA,,286162.2,3.1,2.9
1920,02:00:00,21/03/2024 2:00:00 SA,,286163.7,1.5,1.4
1921,03:00:00,21/03/2024 3:00:00 SA,,286164.9,1.2,1.3
1922,04:00:00,21/03/2024 4:00:00 SA,,286166.2,1.3,1.5
1923,05:00:00,21/03/2024 5:00:00 SA,,286167.7,1.5,0.8
1924,06:00:00,21/03/2024 6:00:00 SA,,286171.4,3.7,3.0
1925,07:00:00,21/03/2024 7:00:00 SA,,286179.7,8.3,8.7
1926,08:00:00,21/03/2024 8:00:00 SA,,286188.1,8.4,8.1
1927,09:00:00,21/03/2024 9:00:00 SA,,286194.8,6.7,7.2
1928,10:00:00,21/03/2024 10:00:00 SA,,286200.6,5.8,5.7
1929,11:00:00,21/03/2024 11:00:00 SA,,286206.9,6.3,5.7
1930,12:00:00,21/03/2024 12:00:00 CH,,286214.9,8.0,8.2
1931,13:00:00,21/03/2024 1:00:00 CH,,286221.5,6.6,6.6
1932,14:00:00,21/03/2024 2:00:00 CH,,286228.0,6.5,6.1
1933,15:00:00,21/03/2024 3:00:00 CH,,286234.9,6.9,7.3
1934,16:00:00,21/03/2024 4:00:00 CH,,286240.5,5.6,5.6
1935,17:00:00,21/03/2024 5:00:00 CH,,286247.7,7.2,7.3
1936,18:00:00,21/03/2024 6:00:00 CH,,286257.6,9.9,9.3
1937,19:00:00,21/03/2024 7:00:00 CH,,286272.7,15.1,14.6
1938,20:00:00,21/03/2024 8:00:00 CH,,286287.6,14.9,14.6
1939,21:00:00,21/03/2024 9:00:00 CH,,286298.9,11.3,11.5
1940,22:00:00,21/03/2024 10:00:00 CH,,286308.9,10.0,10.8
1941,23:00:00,21/03/2024 11:00:00 CH,,286316.1,7.2,7.2
1942,00:00:00,22/03/2024 12:00:00 SA,,286322.4,6.3,6.1
1943,01:00:00,22/03/2024 1:00:00 SA,,286324.4,2.0,1.9
1944,02:00:00,22/03/2024 2:00:00 SA,,286326.3,1.9,1.7
1945,03:00:00,22/03/2024 3:00:00 SA,,286328.0,1.7,1.7
1946,04:00:00,22/03/2024 4:00:00 SA,,286329.4,1.4,1.3
1947,05:00:00,22/03/2024 5:00:00 SA,,286331.5,2.1,1.7
1948,06:00:00,22/03/2024 6:00:00 SA,,286335.9,4.4,4.0
1949,07:00:00,22/03/2024 7:00:00 SA,,286345.8,9.9,10.2
1950,08:00:00,22/03/2024 8:00:00 SA,,286355.2,9.4,8.9
1951,09:00:00,22/03/2024 9:00:00 SA,,286364.5,9.3,9.1
1952,10:00:00,22/03/2024 10:00:00 SA,,286373.4,8.9,9.2
1953,11:00:00,22/03/2024 11:00:00 SA,,286379.7,6.3,6.5
1954,12:00:00,22/03/2024 12:00:00 CH,,286387.2,7.5,8.0
1955,13:00:00,22/03/2024 1:00:00 CH,,286392.9,5.7,5.0
1956,14:00:00,22/03/2024 2:00:00 CH,,286399.7,6.8,5.6
1957,15:00:00,22/03/2024 3:00:00 CH,,286405.6,5.9,6.0
1958,16:00:00,22/03/2024 4:00:00 CH,,286412.5,6.9,6.5
1959,17:00:00,22/03/2024 5:00:00 CH,,286420.2,7.7,7.6
1960,18:00:00,22/03/2024 6:00:00 CH,,286432.0,11.8,11.1
1961,19:00:00,22/03/2024 7:00:00 CH,,286445.5,13.5,13.9
1962,20:00:00,22/03/2024 8:00:00 CH,,286457.7,12.2,12.7
1963,21:00:00,22/03/2024 9:00:00 CH,,286468.4,10.7,10.7
1964,22:00:00,22/03/2024 10:00:00 CH,,286478.1,9.7,9.8
1965,23:00:00,22/03/2024 11:00:00 CH,,286487.4,9.3,9.7
1966,00:00:00,23/03/2024 12:00:00 SA,,286491.2,3.8,4.0
1967,01:00:00,23/03/2024 1:00:00 SA,,286493.3,2.1,2.2
1968,02:00:00,23/03/2024 2:00:00 SA,,286494.6,1.3,1.2
1969,03:00:00,23/03/2024 3:00:00 SA,,286496.4,1.8,1.7
1970,04:00:00,23/03/2024 4:00:00 SA,,286498.4,2.0,2.0
1971,05:00:00,23/03/2024 5:00:00 SA,,286500.8,2.4,2.1
1972,06:00:00,23/03/2024 6:00:00 SA,,286501.0,0.2,2.7
1973,07:00:00,23/03/2024 7:00:00 SA,,286501.0,0.0,2.7
1974,08:00:00,23/03/2024 8:00:00 SA,,286501.0,0.0,2.7
1975,09:00:00,23/03/2024 9:00:00 SA,,286501.0,0.0,2.7
1976,10:00:00,23/03/2024 10:00:00 SA,,286501.0,0.0,2.7
1977,11:00:00,23/03/2024 11:00:00 SA,,286501.0,0.0,2.7
1978,12:00:00,23/03/2024 12:00:00 CH,,286501.0,0.0,2.7
1979,13:00:00,23/03/2024 1:00:00 CH,,286501.0,0.0,2.7
1980,14:00:00,23/03/2024 2:00:00 CH,,286501.0,0.0,2.7
1981,15:00:00,23/03/2024 3:00:00 CH,,286501.0,0.0,2.7
1982,16:00:00,23/03/2024 4:00:00 CH,,286501.0,0.0,2.7
1983,17:00:00,23/03/2024 5:00:00 CH,,286501.0,0.0,2.7
1984,18:00:00,23/03/2024 6:00:00 CH,,286503.3,2.3,4.0
1985,19:00:00,23/03/2024 7:00:00 CH,,286521.0,17.7,15.1
1986,20:00:00,23/03/2024 8:00:00 CH,,286529.5,8.5,1.3
1987,21:00:00,23/03/2024 9:00:00 CH,,286529.5,0.0,0.0
1988,22:00:00,23/03/2024 10:00:00 CH,,286529.5,0.0,0.0
1989,23:00:00,23/03/2024 11:00:00 CH,,286529.5,0.0,0.0
1990,00:00:00,24/03/2024 12:00:00 SA,,286529.5,0.0,0.0
1991,01:00:00,24/03/2024 1:00:00 SA,,286529.5,0.0,0.0
1992,02:00:00,24/03/2024 2:00:00 SA,,286529.5,0.0,0.0
1993,03:00:00,24/03/2024 3:00:00 SA,,286529.5,0.0,0.0
1994,04:00:00,24/03/2024 4:00:00 SA,,286529.5,0.0,0.0
1995,05:00:00,24/03/2024 5:00:00 SA,,286529.5,0.0,0.0
1996,06:00:00,24/03/2024 6:00:00 SA,,286529.5,0.0,0.0
1997,07:00:00,24/03/2024 7:00:00 SA,,286529.5,0.0,0.0
1998,08:00:00,24/03/2024 8:00:00 SA,,286529.5,0.0,0.0
1999,09:00:00,24/03/2024 9:00:00 SA,,286529.5,0.0,0.0
2000,10:00:00,24/03/2024 10:00:00 SA,,286529.5,0.0,0.0
2001,11:00:00,24/03/2024 11:00:00 SA,,286529.5,0.0,0.0
2002,12:00:00,24/03/2024 12:00:00 CH,,286529.5,0.0,0.0
2003,13:00:00,24/03/2024 1:00:00 CH,,286529.5,0.0,0.0
2004,14:00:00,24/03/2024 2:00:00 CH,,286529.5,0.0,0.0
2005,15:00:00,24/03/2024 3:00:00 CH,,286529.5,0.0,0.0
2006,16:00:00,24/03/2024 4:00:00 CH,,286529.5,0.0,0.0
2007,17:00:00,24/03/2024 5:00:00 CH,,286529.5,0.0,0.0
2008,18:00:00,24/03/2024 6:00:00 CH,,286529.5,0.0,0.0
2009,19:00:00,24/03/2024 7:00:00 CH,,286529.5,0.0,0.0
2010,20:00:00,24/03/2024 8:00:00 CH,,286529.5,0.0,0.0
2011,21:00:00,24/03/2024 9:00:00 CH,,286529.5,0.0,0.0
2012,22:00:00,24/03/2024 10:00:00 CH,,286529.5,0.0,0.0
2013,23:00:00,24/03/2024 11:00:00 CH,,286529.5,0.0,0.0
2014,00:00:00,25/03/2024 12:00:00 SA,,286529.5,0.0,0.0
2015,01:00:00,25/03/2024 1:00:00 SA,,286529.5,0.0,0.0
2016,02:00:00,25/03/2024 2:00:00 SA,,286529.5,0.0,0.0
2017,03:00:00,25/03/2024 3:00:00 SA,,286529.5,0.0,0.0
2018,04:00:00,25/03/2024 4:00:00 SA,,286529.5,0.0,0.0
2019,05:00:00,25/03/2024 5:00:00 SA,,286529.5,0.0,0.0
2020,06:00:00,25/03/2024 6:00:00 SA,,286529.5,0.0,0.0
2021,07:00:00,25/03/2024 7:00:00 SA,,286529.5,0.0,0.0
2022,08:00:00,25/03/2024 8:00:00 SA,,286529.5,0.0,0.0
2023,09:00:00,25/03/2024 9:00:00 SA,,286533.9,4.4,4.1
2024,10:00:00,25/03/2024 10:00:00 SA,,286540.5,6.6,6.0
2025,11:00:00,25/03/2024 11:00:00 SA,,286547.6,7.1,7.0
2026,12:00:00,25/03/2024 12:00:00 CH,,286556.8,9.2,9.4
2027,13:00:00,25/03/2024 1:00:00 CH,,286564.8,8.0,7.8
2028,14:00:00,25/03/2024 2:00:00 CH,,286566.3,1.5,7.3
2029,15:00:00,25/03/2024 3:00:00 CH,,286566.3,0.0,7.2
2030,16:00:00,25/03/2024 4:00:00 CH,,286566.3,0.0,7.2
2031,17:00:00,25/03/2024 5:00:00 CH,,286566.3,0.0,7.2
2032,18:00:00,25/03/2024 6:00:00 CH,,286566.3,0.0,7.2
2033,19:00:00,25/03/2024 7:00:00 CH,,286566.3,0.0,7.2
2034,20:00:00,25/03/2024 8:00:00 CH,,286566.3,0.0,7.2
2035,21:00:00,25/03/2024 9:00:00 CH,,286566.3,0.0,7.2
2036,22:00:00,25/03/2024 10:00:00 CH,,286566.3,0.0,7.2
2037,23:00:00,25/03/2024 11:00:00 CH,,286566.3,0.0,7.2
2038,00:00:00,26/03/2024 12:00:00 SA,,286566.3,0.0,7.2
2039,01:00:00,26/03/2024 1:00:00 SA,,286566.3,0.0,7.2
2040,02:00:00,26/03/2024 2:00:00 SA,,286566.3,0.0,7.2
2041,03:00:00,26/03/2024 3:00:00 SA,,286566.3,0.0,7.2
2042,04:00:00,26/03/2024 4:00:00 SA,,286566.3,0.0,7.2
2043,05:00:00,26/03/2024 5:00:00 SA,,286566.3,0.0,7.2
2044,06:00:00,26/03/2024 6:00:00 SA,,286566.3,0.0,7.2
2045,07:00:00,26/03/2024 7:00:00 SA,,286566.3,0.0,7.2
2046,08:00:00,26/03/2024 8:00:00 SA,,286566.3,0.0,7.2
2047,09:00:00,26/03/2024 9:00:00 SA,,286566.3,0.0,7.2
2048,10:00:00,26/03/2024 10:00:00 SA,,286566.3,0.0,7.2
2049,11:00:00,26/03/2024 11:00:00 SA,,286566.3,0.0,7.2
2050,12:00:00,26/03/2024 12:00:00 CH,,286566.3,0.0,7.2
2051,13:00:00,26/03/2024 1:00:00 CH,,286566.3,0.0,7.2
2052,14:00:00,26/03/2024 2:00:00 CH,,286566.3,0.0,7.2
2053,15:00:00,26/03/2024 3:00:00 CH,,286566.3,0.0,7.2
2054,16:00:00,26/03/2024 4:00:00 CH,,286566.3,0.0,7.2
2055,17:00:00,26/03/2024 5:00:00 CH,,286566.3,0.0,7.2
2056,18:00:00,26/03/2024 6:00:00 CH,,286566.3,0.0,7.2
2057,19:00:00,26/03/2024 7:00:00 CH,,286566.3,0.0,7.2
2058,20:00:00,26/03/2024 8:00:00 CH,,286566.3,0.0,7.2
2059,21:00:00,26/03/2024 9:00:00 CH,,286566.3,0.0,7.2
2060,22:00:00,26/03/2024 10:00:00 CH,,286566.3,0.0,7.2
2061,23:00:00,26/03/2024 11:00:00 CH,,286566.3,0.0,7.2
2062,00:00:00,27/03/2024 12:00:00 SA,,286566.3,0.0,7.2
2063,01:00:00,27/03/2024 1:00:00 SA,,286566.3,0.0,7.2
2064,02:00:00,27/03/2024 2:00:00 SA,,286566.3,0.0,7.2
2065,03:00:00,27/03/2024 3:00:00 SA,,286566.3,0.0,7.2
2066,04:00:00,27/03/2024 4:00:00 SA,,286566.3,0.0,7.2
2067,05:00:00,27/03/2024 5:00:00 SA,,286566.3,0.0,7.2
2068,06:00:00,27/03/2024 6:00:00 SA,,286566.3,0.0,7.2
2069,07:00:00,27/03/2024 7:00:00 SA,,286566.3,0.0,7.2
2070,08:00:00,27/03/2024 8:00:00 SA,,286566.3,0.0,7.2
2071,09:00:00,27/03/2024 9:00:00 SA,,286566.3,0.0,7.2
2072,10:00:00,27/03/2024 10:00:00 SA,,286566.3,0.0,7.2
2073,11:00:00,27/03/2024 11:00:00 SA,,286566.3,0.0,7.2
2074,12:00:00,27/03/2024 12:00:00 CH,,286566.3,0.0,7.2
2075,13:00:00,27/03/2024 1:00:00 CH,,286566.3,0.0,7.2
2076,14:00:00,27/03/2024 2:00:00 CH,,286566.3,0.0,7.2
2077,15:00:00,27/03/2024 3:00:00 CH,,286566.3,0.0,7.2
2078,16:00:00,27/03/2024 4:00:00 CH,,286566.3,0.0,7.2
2079,17:00:00,27/03/2024 5:00:00 CH,,286566.3,0.0,7.2
2080,18:00:00,27/03/2024 6:00:00 CH,,286566.3,0.0,7.2
2081,19:00:00,27/03/2024 7:00:00 CH,,286566.3,0.0,7.2
2082,20:00:00,27/03/2024 8:00:00 CH,,286566.3,0.0,7.2
2083,21:00:00,27/03/2024 9:00:00 CH,,286566.3,0.0,7.2
2084,22:00:00,27/03/2024 10:00:00 CH,,286566.3,0.0,7.2
2085,23:00:00,27/03/2024 11:00:00 CH,,286566.3,0.0,7.2
2086,00:00:00,28/03/2024 12:00:00 SA,,286566.3,0.0,7.2
2087,01:00:00,28/03/2024 1:00:00 SA,,286566.3,0.0,7.2
2088,02:00:00,28/03/2024 2:00:00 SA,,286566.3,0.0,7.2
2089,03:00:00,28/03/2024 3:00:00 SA,,286566.3,0.0,7.2
2090,04:00:00,28/03/2024 4:00:00 SA,,286566.3,0.0,7.2
2091,05:00:00,28/03/2024 5:00:00 SA,,286566.3,0.0,7.2
2092,06:00:00,28/03/2024 6:00:00 SA,,286566.3,0.0,7.2
2093,07:00:00,28/03/2024 7:00:00 SA,,286566.3,0.0,7.2
2094,08:00:00,28/03/2024 8:00:00 SA,,286566.3,0.0,7.2
2095,09:00:00,28/03/2024 9:00:00 SA,,286566.3,0.0,7.2
2096,10:00:00,28/03/2024 10:00:00 SA,,286566.3,0.0,7.2
2097,11:00:00,28/03/2024 11:00:00 SA,,286566.3,0.0,7.2
2098,12:00:00,28/03/2024 12:00:00 CH,,286566.3,0.0,7.2
2099,13:00:00,28/03/2024 1:00:00 CH,,286566.3,0.0,7.2
2100,14:00:00,28/03/2024 2:00:00 CH,,286566.3,0.0,7.2
2101,15:00:00,28/03/2024 3:00:00 CH,,286566.5,0.2,7.2
2102,16:00:00,28/03/2024 4:00:00 CH,,286572.0,5.5,4.8
2103,17:00:00,28/03/2024 5:00:00 CH,,286579.4,7.4,7.7
2104,18:00:00,28/03/2024 6:00:00 CH,,286590.5,11.1,10.5
2105,19:00:00,28/03/2024 7:00:00 CH,,286606.0,15.5,14.9
2106,20:00:00,28/03/2024 8:00:00 CH,,286617.7,11.7,11.3
2107,21:00:00,28/03/2024 9:00:00 CH,,286628.6,10.9,10.9
2108,22:00:00,28/03/2024 10:00:00 CH,,286637.5,8.9,9.2
2109,23:00:00,28/03/2024 11:00:00 CH,,286645.5,8.0,7.5
2110,00:00:00,29/03/2024 12:00:00 SA,,286648.9,3.4,3.2
2111,01:00:00,29/03/2024 1:00:00 SA,,286651.0,2.1,2.1
2112,02:00:00,29/03/2024 2:00:00 SA,,286652.5,1.5,1.4
2113,03:00:00,29/03/2024 3:00:00 SA,,286654.2,1.7,1.7
2114,04:00:00,29/03/2024 4:00:00 SA,,286655.8,1.6,1.5
2115,05:00:00,29/03/2024 5:00:00 SA,,286658.0,2.2,2.3
2116,06:00:00,29/03/2024 6:00:00 SA,,286662.7,4.7,4.9
2117,07:00:00,29/03/2024 7:00:00 SA,,286673.9,11.2,10.9
2118,08:00:00,29/03/2024 8:00:00 SA,,286684.2,10.3,10.3
2119,09:00:00,29/03/2024 9:00:00 SA,,286693.9,9.7,9.6
2120,10:00:00,29/03/2024 10:00:00 SA,,286702.1,8.2,8.5
2121,11:00:00,29/03/2024 11:00:00 SA,,286711.5,9.4,9.2
2122,12:00:00,29/03/2024 12:00:00 CH,,286720.8,9.3,8.9
2123,13:00:00,29/03/2024 1:00:00 CH,,286728.7,7.9,8.1
2124,14:00:00,29/03/2024 2:00:00 CH,,286734.2,5.5,5.0
2125,15:00:00,29/03/2024 3:00:00 CH,,286739.1,4.9,5.0
2126,16:00:00,29/03/2024 4:00:00 CH,,286744.2,5.1,5.1
2127,17:00:00,29/03/2024 5:00:00 CH,,286748.8,4.6,6.6
2128,18:00:00,29/03/2024 6:00:00 CH,,286762.0,13.2,9.9
2129,19:00:00,29/03/2024 7:00:00 CH,,286776.4,14.4,14.8
2130,20:00:00,29/03/2024 8:00:00 CH,,286789.0,12.6,13.0
2131,21:00:00,29/03/2024 9:00:00 CH,,286801.3,12.3,12.3
2132,22:00:00,29/03/2024 10:00:00 CH,,286810.8,9.5,8.4
2133,23:00:00,29/03/2024 11:00:00 CH,,286820.6,9.8,10.2
2134,00:00:00,30/03/2024 12:00:00 SA,,286824.3,3.7,3.7
2135,01:00:00,30/03/2024 1:00:00 SA,,286826.3,2.0,2.2
2136,02:00:00,30/03/2024 2:00:00 SA,,286827.7,1.4,1.4
2137,03:00:00,30/03/2024 3:00:00 SA,,286829.1,1.4,1.2
2138,04:00:00,30/03/2024 4:00:00 SA,,286830.2,1.1,1.1
2139,05:00:00,30/03/2024 5:00:00 SA,,286832.2,2.0,2.1
2140,06:00:00,30/03/2024 6:00:00 SA,,286836.1,3.9,3.8
2141,07:00:00,30/03/2024 7:00:00 SA,,286846.4,10.3,9.3
2142,08:00:00,30/03/2024 8:00:00 SA,,286855.6,9.2,8.8
2143,09:00:00,30/03/2024 9:00:00 SA,,286866.8,11.2,11.1
2144,10:00:00,30/03/2024 10:00:00 SA,,286877.7,10.9,10.6
2145,11:00:00,30/03/2024 11:00:00 SA,,286888.5,10.8,10.4
2146,12:00:00,30/03/2024 12:00:00 CH,,286899.2,10.7,11.1
2147,13:00:00,30/03/2024 1:00:00 CH,,286906.9,7.7,7.9
2148,14:00:00,30/03/2024 2:00:00 CH,,286914.0,7.1,7.4
2149,15:00:00,30/03/2024 3:00:00 CH,,286920.9,6.9,6.9
2150,16:00:00,30/03/2024 4:00:00 CH,,286927.3,6.4,6.6
2151,17:00:00,30/03/2024 5:00:00 CH,,286936.1,8.8,8.5
2152,18:00:00,30/03/2024 6:00:00 CH,,286948.6,12.5,12.4
2153,19:00:00,30/03/2024 7:00:00 CH,,286963.6,15.0,15.4
2154,20:00:00,30/03/2024 8:00:00 CH,,286976.1,12.5,12.0
2155,21:00:00,30/03/2024 9:00:00 CH,,286985.7,9.6,10.3
2156,22:00:00,30/03/2024 10:00:00 CH,,286994.6,8.9,8.6
2157,23:00:00,30/03/2024 11:00:00 CH,,287003.2,8.6,8.2
2158,00:00:00,31/03/2024 12:00:00 SA,,287007.8,4.6,4.7
2159,01:00:00,31/03/2024 1:00:00 SA,,287010.1,2.3,2.1
2160,02:00:00,31/03/2024 2:00:00 SA,,287011.2,1.1,1.2
2161,03:00:00,31/03/2024 3:00:00 SA,,287012.1,0.9,0.8
2162,04:00:00,31/03/2024 4:00:00 SA,,287013.1,1.0,0.9
2163,05:00:00,31/03/2024 5:00:00 SA,,287014.7,1.6,1.3
2164,06:00:00,31/03/2024 6:00:00 SA,,287018.5,3.8,3.2
2165,07:00:00,31/03/2024 7:00:00 SA,,287025.8,7.3,6.7
2166,08:00:00,31/03/2024 8:00:00 SA,,287037.0,11.2,10.2
2167,09:00:00,31/03/2024 9:00:00 SA,,287046.9,9.9,10.3
2168,10:00:00,31/03/2024 10:00:00 SA,,287055.7,8.8,8.2
2169,11:00:00,31/03/2024 11:00:00 SA,,287064.9,9.2,8.7
2170,12:00:00,31/03/2024 12:00:00 CH,,287074.3,9.4,9.3
2171,13:00:00,31/03/2024 1:00:00 CH,,287081.9,7.6,8.0
2172,14:00:00,31/03/2024 2:00:00 CH,,287088.4,6.5,6.8
2173,15:00:00,31/03/2024 3:00:00 CH,,287097.0,8.6,8.7
2174,16:00:00,31/03/2024 4:00:00 CH,,287106.9,9.9,9.7
2175,17:00:00,31/03/2024 5:00:00 CH,,287117.0,10.1,9.6
2176,18:00:00,31/03/2024 6:00:00 CH,,287129.6,12.6,12.0
2177,19:00:00,31/03/2024 7:00:00 CH,,287145.2,15.6,16.0
2178,20:00:00,31/03/2024 8:00:00 CH,,287158.2,13.0,14.1
2179,21:00:00,31/03/2024 9:00:00 CH,,287170.0,11.8,11.1
2180,22:00:00,31/03/2024 10:00:00 CH,,287180.4,10.4,9.5
2181,23:00:00,31/03/2024 11:00:00 CH,,287188.8,8.4,8.2
2182,00:00:00,01/04/2024 12:00:00 SA,,287191.8,3.0,3.3
2183,01:00:00,01/04/2024 1:00:00 SA,,287193.6,1.8,1.7
2184,02:00:00,01/04/2024 2:00:00 SA,,287194.8,1.2,1.1
2185,03:00:00,01/04/2024 3:00:00 SA,,287195.9,1.1,1.0
2186,04:00:00,01/04/2024 4:00:00 SA,,287197.0,1.1,1.2
2187,05:00:00,01/04/2024 5:00:00 SA,,287198.6,1.6,1.6
2188,06:00:00,01/04/2024 6:00:00 SA,,287203.8,5.2,4.3
2189,07:00:00,01/04/2024 7:00:00 SA,,287214.4,10.6,10.2
2190,09:00:00,01/04/2024 9:00:00 SA,,287232.4,18.0,0.0
2191,10:00:00,01/04/2024 10:00:00 SA,,287240.6,8.2,8.7
2192,11:00:00,01/04/2024 11:00:00 SA,,287248.8,8.2,7.7
2193,12:00:00,01/04/2024 12:00:00 CH,,287256.9,8.1,8.3
2194,13:00:00,01/04/2024 1:00:00 CH,,287263.7,6.8,6.6
2195,14:00:00,01/04/2024 2:00:00 CH,,287268.9,5.2,4.8
2196,15:00:00,01/04/2024 3:00:00 CH,,287274.2,5.3,5.4
2197,16:00:00,01/04/2024 4:00:00 CH,,287279.1,4.9,5.2
2198,17:00:00,01/04/2024 5:00:00 CH,,287284.9,5.8,5.4
2199,18:00:00,01/04/2024 6:00:00 CH,,287296.4,11.5,11.8
2200,19:00:00,01/04/2024 7:00:00 CH,,287312.5,16.1,16.7
2201,20:00:00,01/04/2024 8:00:00 CH,,287325.9,13.4,12.9
2202,21:00:00,01/04/2024 9:00:00 CH,,287338.0,12.1,12.1
2203,22:00:00,01/04/2024 10:00:00 CH,,287349.8,11.8,11.6
2204,23:00:00,01/04/2024 11:00:00 CH,,287360.1,10.3,10.1
2205,00:00:00,02/04/2024 12:00:00 SA,,287363.7,3.6,3.4
2206,01:00:00,02/04/2024 1:00:00 SA,,287365.2,1.5,1.6
2207,02:00:00,02/04/2024 2:00:00 SA,,287366.3,1.1,0.9
2208,03:00:00,02/04/2024 3:00:00 SA,,287367.2,0.9,0.9
2209,04:00:00,02/04/2024 4:00:00 SA,,287368.1,0.9,1.0
2210,05:00:00,02/04/2024 5:00:00 SA,,287369.7,1.6,1.6
2211,06:00:00,02/04/2024 6:00:00 SA,,287375.0,5.3,4.9
2212,07:00:00,02/04/2024 7:00:00 SA,,287386.4,11.4,11.0
2213,08:00:00,02/04/2024 8:00:00 SA,,287397.8,11.4,11.0
2214,09:00:00,02/04/2024 9:00:00 SA,,287409.7,11.9,11.6
2215,10:00:00,02/04/2024 10:00:00 SA,,287420.1,10.4,10.9
2216,11:00:00,02/04/2024 11:00:00 SA,,287428.2,8.1,8.2
2217,12:00:00,02/04/2024 12:00:00 CH,,287435.8,7.6,6.6
2218,13:00:00,02/04/2024 1:00:00 CH,,287442.0,6.2,5.6
2219,14:00:00,02/04/2024 2:00:00 CH,,287446.4,4.4,4.3
2220,15:00:00,02/04/2024 3:00:00 CH,,287452.0,5.6,5.5
2221,16:00:00,02/04/2024 4:00:00 CH,,287459.8,7.8,7.5
2222,17:00:00,02/04/2024 5:00:00 CH,,287467.8,8.0,7.7
2223,18:00:00,02/04/2024 6:00:00 CH,,287479.7,11.9,11.6
2224,19:00:00,02/04/2024 7:00:00 CH,,287495.9,16.2,17.2
2225,20:00:00,02/04/2024 8:00:00 CH,,287510.5,14.6,14.7
2226,21:00:00,02/04/2024 9:00:00 CH,,287524.3,13.8,14.3
2227,22:00:00,02/04/2024 10:00:00 CH,,287534.6,10.3,10.4
2228,23:00:00,02/04/2024 11:00:00 CH,,287544.3,9.7,10.1
2229,00:00:00,03/04/2024 12:00:00 SA,,287548.0,3.7,3.9
2230,01:00:00,03/04/2024 1:00:00 SA,,287549.6,1.6,1.5
2231,02:00:00,03/04/2024 2:00:00 SA,,287550.7,1.1,1.4
2232,03:00:00,03/04/2024 3:00:00 SA,,287551.6,0.9,0.9
2233,04:00:00,03/04/2024 4:00:00 SA,,287552.6,1.0,0.6
2234,05:00:00,03/04/2024 5:00:00 SA,,287554.4,1.8,2.0
2235,06:00:00,03/04/2024 6:00:00 SA,,287559.8,5.4,5.5
2236,07:00:00,03/04/2024 7:00:00 SA,,287570.8,11.0,10.4
2237,08:00:00,03/04/2024 8:00:00 SA,,287582.7,11.9,11.4
2238,09:00:00,03/04/2024 9:00:00 SA,,287591.8,9.1,8.5
2239,10:00:00,03/04/2024 10:00:00 SA,,287599.8,8.0,8.5
2240,11:00:00,03/04/2024 11:00:00 SA,,287606.7,6.9,6.8
2241,12:00:00,03/04/2024 12:00:00 CH,,287614.7,8.0,7.8
2242,13:00:00,03/04/2024 1:00:00 CH,,287621.7,7.0,7.0
2243,14:00:00,03/04/2024 2:00:00 CH,,287628.7,7.0,7.4
2244,15:00:00,03/04/2024 3:00:00 CH,,287636.0,7.3,6.9
2245,16:00:00,03/04/2024 4:00:00 CH,,287643.7,7.7,8.0
2246,17:00:00,03/04/2024 5:00:00 CH,,287651.7,8.0,7.9
2247,18:00:00,03/04/2024 6:00:00 CH,,287662.7,11.0,10.6
2248,19:00:00,03/04/2024 7:00:00 CH,,287679.1,16.4,16.0
2249,20:00:00,03/04/2024 8:00:00 CH,,287691.5,12.4,11.8
2250,21:00:00,03/04/2024 9:00:00 CH,,287703.9,12.4,12.6
2251,22:00:00,03/04/2024 10:00:00 CH,,287713.6,9.7,9.5
2252,23:00:00,03/04/2024 11:00:00 CH,,287721.4,7.8,7.7
2253,00:00:00,04/04/2024 12:00:00 SA,,287725.5,4.1,4.2
2254,01:00:00,04/04/2024 1:00:00 SA,,287727.6,2.1,2.2
2255,02:00:00,04/04/2024 2:00:00 SA,,287729.3,1.7,1.6
2256,03:00:00,04/04/2024 3:00:00 SA,,287730.7,1.4,1.3
2257,04:00:00,04/04/2024 4:00:00 SA,,287732.0,1.3,1.2
2258,05:00:00,04/04/2024 5:00:00 SA,,287734.3,2.3,2.2
2259,06:00:00,04/04/2024 6:00:00 SA,,287739.8,5.5,5.2
2260,07:00:00,04/04/2024 7:00:00 SA,,287751.2,11.4,10.7
2261,08:00:00,04/04/2024 8:00:00 SA,,287760.2,9.0,8.6
2262,09:00:00,04/04/2024 9:00:00 SA,,287767.5,7.3,6.8
2263,10:00:00,04/04/2024 10:00:00 SA,,287775.6,8.1,7.3
2264,11:00:00,04/04/2024 11:00:00 SA,,287785.2,9.6,9.4
2265,12:00:00,04/04/2024 12:00:00 CH,,287792.6,7.4,8.2
2266,13:00:00,04/04/2024 1:00:00 CH,,287799.1,6.5,7.1
2267,14:00:00,04/04/2024 2:00:00 CH,,287804.6,5.5,5.9
2268,15:00:00,04/04/2024 3:00:00 CH,,287809.8,5.2,5.4
2269,16:00:00,04/04/2024 4:00:00 CH,,287814.6,4.8,4.6
2270,17:00:00,04/04/2024 5:00:00 CH,,287821.4,6.8,6.7
2271,18:00:00,04/04/2024 6:00:00 CH,,287834.2,12.8,12.2
2272,19:00:00,04/04/2024 7:00:00 CH,,287850.6,16.4,16.3
2273,20:00:00,04/04/2024 8:00:00 CH,,287862.4,11.8,11.0
2274,21:00:00,04/04/2024 9:00:00 CH,,287873.7,11.3,10.7
2275,22:00:00,04/04/2024 10:00:00 CH,,287884.6,10.9,10.9
2276,23:00:00,04/04/2024 11:00:00 CH,,287893.2,8.6,8.3
2277,00:00:00,05/04/2024 12:00:00 SA,,287897.3,4.1,3.8
2278,01:00:00,05/04/2024 1:00:00 SA,,287899.2,1.9,1.8
2279,02:00:00,05/04/2024 2:00:00 SA,,287900.4,1.2,1.2
2280,03:00:00,05/04/2024 3:00:00 SA,,287901.4,1.0,0.9
2281,04:00:00,05/04/2024 4:00:00 SA,,287902.5,1.1,1.2
2282,05:00:00,05/04/2024 5:00:00 SA,,287904.1,1.6,1.7
2283,06:00:00,05/04/2024 6:00:00 SA,,287908.9,4.8,4.2
2284,07:00:00,05/04/2024 7:00:00 SA,,287919.8,10.9,10.8
2285,08:00:00,05/04/2024 8:00:00 SA,,287929.6,9.8,8.6
2286,09:00:00,05/04/2024 9:00:00 SA,,287939.0,9.4,8.6
2287,10:00:00,05/04/2024 10:00:00 SA,,287946.2,7.2,7.1
2288,11:00:00,05/04/2024 11:00:00 SA,,287953.8,7.6,4.5
2289,12:00:00,05/04/2024 12:00:00 CH,,287960.4,6.6,6.7
2290,13:00:00,05/04/2024 1:00:00 CH,,287966.7,6.3,6.6
2291,14:00:00,05/04/2024 2:00:00 CH,,287972.9,6.2,6.5
2292,15:00:00,05/04/2024 3:00:00 CH,,287979.0,6.1,6.1
2293,16:00:00,05/04/2024 4:00:00 CH,,287984.6,5.6,5.4
2294,17:00:00,05/04/2024 5:00:00 CH,,287990.9,6.3,6.0
2295,18:00:00,05/04/2024 6:00:00 CH,,288002.5,11.6,11.9
2296,19:00:00,05/04/2024 7:00:00 CH,,288018.0,15.5,15.9
2297,20:00:00,05/04/2024 8:00:00 CH,,288030.0,12.0,12.1
2298,21:00:00,05/04/2024 9:00:00 CH,,288040.7,10.7,11.0
2299,22:00:00,05/04/2024 10:00:00 CH,,288049.5,8.8,8.0
2300,23:00:00,05/04/2024 11:00:00 CH,,288056.7,7.2,7.7
2301,00:00:00,06/04/2024 12:00:00 SA,,288060.0,3.3,3.2
2302,01:00:00,06/04/2024 1:00:00 SA,,288062.7,2.7,3.2
2303,02:00:00,06/04/2024 2:00:00 SA,,288064.0,1.3,1.3
2304,03:00:00,06/04/2024 3:00:00 SA,,288065.0,1.0,1.0
2305,04:00:00,06/04/2024 4:00:00 SA,,288066.0,1.0,1.4
2306,05:00:00,06/04/2024 5:00:00 SA,,288067.5,1.5,1.2
2307,06:00:00,06/04/2024 6:00:00 SA,,288071.0,3.5,3.3
2308,07:00:00,06/04/2024 7:00:00 SA,,288079.9,8.9,8.6
2309,08:00:00,06/04/2024 8:00:00 SA,,288091.2,11.3,11.2
2310,09:00:00,06/04/2024 9:00:00 SA,,288100.6,9.4,8.9
2311,10:00:00,06/04/2024 10:00:00 SA,,288111.1,10.5,9.6
2312,11:00:00,06/04/2024 11:00:00 SA,,288124.2,13.1,13.2
2313,12:00:00,06/04/2024 12:00:00 CH,,288133.9,9.7,10.2
2314,13:00:00,06/04/2024 1:00:00 CH,,288141.4,7.5,7.8
2315,14:00:00,06/04/2024 2:00:00 CH,,288147.2,5.8,5.6
2316,15:00:00,06/04/2024 3:00:00 CH,,288153.2,6.0,5.7
2317,16:00:00,06/04/2024 4:00:00 CH,,288159.8,6.6,6.2
2318,17:00:00,06/04/2024 5:00:00 CH,,288168.4,8.6,7.9
2319,18:00:00,06/04/2024 6:00:00 CH,,288181.1,12.7,12.4
2320,19:00:00,06/04/2024 7:00:00 CH,,288197.0,15.9,16.2
2321,20:00:00,06/04/2024 8:00:00 CH,,288208.5,11.5,10.8
2322,21:00:00,06/04/2024 9:00:00 CH,,288218.0,9.5,9.7
2323,22:00:00,06/04/2024 10:00:00 CH,,288224.8,6.8,6.4
2324,23:00:00,06/04/2024 11:00:00 CH,,288231.1,6.3,6.1
2325,00:00:00,07/04/2024 12:00:00 SA,,288234.6,3.5,3.2
2326,01:00:00,07/04/2024 1:00:00 SA,,288236.8,2.2,2.2
2327,02:00:00,07/04/2024 2:00:00 SA,,288238.2,1.4,1.3
2328,03:00:00,07/04/2024 3:00:00 SA,,288239.3,1.1,1.1
2329,04:00:00,07/04/2024 4:00:00 SA,,288240.4,1.1,0.9
2330,05:00:00,07/04/2024 5:00:00 SA,,288242.0,1.6,1.4
2331,06:00:00,07/04/2024 6:00:00 SA,,288245.7,3.7,3.4
2332,07:00:00,07/04/2024 7:00:00 SA,,288253.0,7.3,7.3
2333,08:00:00,07/04/2024 8:00:00 SA,,288262.9,9.9,10.3
2334,09:00:00,07/04/2024 9:00:00 SA,,288272.7,9.8,9.1
2335,10:00:00,07/04/2024 10:00:00 SA,,288280.8,8.1,8.5
2336,11:00:00,07/04/2024 11:00:00 SA,,288290.3,9.5,9.0
2337,12:00:00,07/04/2024 12:00:00 CH,,288298.9,8.6,9.2
2338,13:00:00,07/04/2024 1:00:00 CH,,288305.3,6.4,6.0
2339,14:00:00,07/04/2024 2:00:00 CH,,288311.4,6.1,6.0
2340,15:00:00,07/04/2024 3:00:00 CH,,288318.4,7.0,6.2
2341,16:00:00,07/04/2024 4:00:00 CH,,288328.1,9.7,9.6
2342,17:00:00,07/04/2024 5:00:00 CH,,288340.0,11.9,12.0
2343,18:00:00,07/04/2024 6:00:00 CH,,288353.9,13.9,12.9
2344,19:00:00,07/04/2024 7:00:00 CH,,288369.8,15.9,17.2
2345,20:00:00,07/04/2024 8:00:00 CH,,288381.8,12.0,12.7
2346,21:00:00,07/04/2024 9:00:00 CH,,288392.0,10.2,9.8
2347,22:00:00,07/04/2024 10:00:00 CH,,288401.1,9.1,8.7
2348,23:00:00,07/04/2024 11:00:00 CH,,288407.6,6.5,6.6
2349,00:00:00,08/04/2024 12:00:00 SA,,288410.9,3.3,3.3
2350,01:00:00,08/04/2024 1:00:00 SA,,288413.0,2.1,2.1
2351,02:00:00,08/04/2024 2:00:00 SA,,288414.5,1.5,1.4
2352,03:00:00,08/04/2024 3:00:00 SA,,288416.0,1.5,1.5
2353,04:00:00,08/04/2024 4:00:00 SA,,288417.4,1.4,1.3
2354,05:00:00,08/04/2024 5:00:00 SA,,288419.7,2.3,2.2
2355,06:00:00,08/04/2024 6:00:00 SA,,288424.9,5.2,5.1
2356,07:00:00,08/04/2024 7:00:00 SA,,288432.9,8.0,10.7
2357,08:00:00,08/04/2024 8:00:00 SA,,288442.5,9.6,9.5
2358,09:00:00,08/04/2024 9:00:00 SA,,288452.1,9.6,10.0
2359,10:00:00,08/04/2024 10:00:00 SA,,288458.8,6.7,6.3
2360,11:00:00,08/04/2024 11:00:00 SA,,288465.2,6.4,6.5
2361,12:00:00,08/04/2024 12:00:00 CH,,288471.9,6.7,6.4
2362,13:00:00,08/04/2024 1:00:00 CH,,288478.0,6.1,6.2
2363,14:00:00,08/04/2024 2:00:00 CH,,288484.0,6.0,5.9
2364,15:00:00,08/04/2024 3:00:00 CH,,288490.7,6.7,7.0
2365,16:00:00,08/04/2024 4:00:00 CH,,288495.9,5.2,5.6
2366,17:00:00,08/04/2024 5:00:00 CH,,288502.1,6.2,5.2
2367,18:00:00,08/04/2024 6:00:00 CH,,288512.2,10.1,9.8
2368,19:00:00,08/04/2024 7:00:00 CH,,288526.7,14.5,14.3
2369,20:00:00,08/04/2024 8:00:00 CH,,288538.5,11.8,11.4
2370,21:00:00,08/04/2024 9:00:00 CH,,288548.9,10.4,9.9
2371,22:00:00,08/04/2024 10:00:00 CH,,288557.7,8.8,9.2
2372,23:00:00,08/04/2024 11:00:00 CH,,288564.4,6.7,7.1
2373,00:00:00,09/04/2024 12:00:00 SA,,288568.1,3.7,3.9
2374,01:00:00,09/04/2024 1:00:00 SA,,288570.1,2.0,1.7
2375,02:00:00,09/04/2024 2:00:00 SA,,288571.5,1.4,1.4
2376,03:00:00,09/04/2024 3:00:00 SA,,288572.6,1.1,1.0
2377,04:00:00,09/04/2024 4:00:00 SA,,288573.7,1.1,1.1
2378,05:00:00,09/04/2024 5:00:00 SA,,288575.5,1.8,1.8
2379,06:00:00,09/04/2024 6:00:00 SA,,288580.4,4.9,5.4
2380,07:00:00,09/04/2024 7:00:00 SA,,288589.9,9.5,9.4
2381,08:00:00,09/04/2024 8:00:00 SA,,288597.9,8.0,8.3
2382,09:00:00,09/04/2024 9:00:00 SA,,288606.8,8.9,9.5
2383,10:00:00,09/04/2024 10:00:00 SA,,288612.1,5.3,4.9
2384,11:00:00,09/04/2024 11:00:00 SA,,288618.3,6.2,5.9
2385,12:00:00,09/04/2024 12:00:00 CH,,288624.5,6.2,5.7
2386,13:00:00,09/04/2024 1:00:00 CH,,288630.8,6.3,6.4
2387,14:00:00,09/04/2024 2:00:00 CH,,288636.8,6.0,6.1
2388,15:00:00,09/04/2024 3:00:00 CH,,288643.4,6.6,6.9
2389,16:00:00,09/04/2024 4:00:00 CH,,288648.8,5.4,4.9
2390,17:00:00,09/04/2024 5:00:00 CH,,288654.6,5.8,5.0
2391,18:00:00,09/04/2024 6:00:00 CH,,288665.4,10.8,11.0
2392,19:00:00,09/04/2024 7:00:00 CH,,288678.9,13.5,13.4
2393,20:00:00,09/04/2024 8:00:00 CH,,288692.6,13.7,13.4
2394,21:00:00,09/04/2024 9:00:00 CH,,288704.2,11.6,11.9
2395,22:00:00,09/04/2024 10:00:00 CH,,288713.0,8.8,9.7
2396,23:00:00,09/04/2024 11:00:00 CH,,288719.1,6.1,5.9
2397,00:00:00,10/04/2024 12:00:00 SA,,288722.4,3.3,3.0
2398,01:00:00,10/04/2024 1:00:00 SA,,288724.4,2.0,2.1
2399,02:00:00,10/04/2024 2:00:00 SA,,288725.9,1.5,1.3
2400,03:00:00,10/04/2024 3:00:00 SA,,288727.1,1.2,1.3
2401,04:00:00,10/04/2024 4:00:00 SA,,288728.3,1.2,1.2
2402,05:00:00,10/04/2024 5:00:00 SA,,288730.2,1.9,1.7
2403,06:00:00,10/04/2024 6:00:00 SA,,288735.1,4.9,4.7
2404,07:00:00,10/04/2024 7:00:00 SA,,288744.7,9.6,8.7
2405,08:00:00,10/04/2024 8:00:00 SA,,288754.4,9.7,9.4
2406,09:00:00,10/04/2024 9:00:00 SA,,288761.5,7.1,6.8
2407,10:00:00,10/04/2024 10:00:00 SA,,288769.2,7.7,7.0
2408,11:00:00,10/04/2024 11:00:00 SA,,288779.0,9.8,9.6
2409,12:00:00,10/04/2024 12:00:00 CH,,288786.4,7.4,7.1
2410,13:00:00,10/04/2024 1:00:00 CH,,288792.3,5.9,6.2
2411,14:00:00,10/04/2024 2:00:00 CH,,288797.1,4.8,4.5
2412,15:00:00,10/04/2024 3:00:00 CH,,288802.8,5.7,5.7
2413,16:00:00,10/04/2024 4:00:00 CH,,288808.7,5.9,6.0
2414,17:00:00,10/04/2024 5:00:00 CH,,288814.3,5.6,5.8
2415,18:00:00,10/04/2024 6:00:00 CH,,288824.4,10.1,8.9
2416,19:00:00,10/04/2024 7:00:00 CH,,288840.1,15.7,16.5
2417,20:00:00,10/04/2024 8:00:00 CH,,288853.1,13.0,12.7
2418,21:00:00,10/04/2024 9:00:00 CH,,288865.1,12.0,12.5
2419,22:00:00,10/04/2024 10:00:00 CH,,288873.7,8.6,8.2
2420,23:00:00,10/04/2024 11:00:00 CH,,288882.3,8.6,8.7
2421,00:00:00,11/04/2024 12:00:00 SA,,288885.7,3.4,3.5
2422,01:00:00,11/04/2024 1:00:00 SA,,288887.7,2.0,2.1
2423,02:00:00,11/04/2024 2:00:00 SA,,288889.1,1.4,1.4
2424,03:00:00,11/04/2024 3:00:00 SA,,288890.3,1.2,1.1
2425,04:00:00,11/04/2024 4:00:00 SA,,288891.5,1.2,1.1
2426,05:00:00,11/04/2024 5:00:00 SA,,288893.4,1.9,2.0
2427,06:00:00,11/04/2024 6:00:00 SA,,288898.3,4.9,4.6
2428,07:00:00,11/04/2024 7:00:00 SA,,288908.1,9.8,9.7
2429,08:00:00,11/04/2024 8:00:00 SA,,288917.8,9.7,9.6
2430,09:00:00,11/04/2024 9:00:00 SA,,288924.8,7.0,7.1
2431,10:00:00,11/04/2024 10:00:00 SA,,288932.0,7.2,7.1
2432,11:00:00,11/04/2024 11:00:00 SA,,288938.5,6.5,6.1
2433,12:00:00,11/04/2024 12:00:00 CH,,288945.9,7.4,7.6
2434,13:00:00,11/04/2024 1:00:00 CH,,288952.4,6.5,6.9
2435,14:00:00,11/04/2024 2:00:00 CH,,288957.8,5.4,5.9
2436,15:00:00,11/04/2024 3:00:00 CH,,288964.4,6.6,6.0
2437,16:00:00,11/04/2024 4:00:00 CH,,288971.8,7.4,7.2
2438,17:00:00,11/04/2024 5:00:00 CH,,288979.5,7.7,7.4
2439,18:00:00,11/04/2024 6:00:00 CH,,288992.6,13.1,13.0
2440,19:00:00,11/04/2024 7:00:00 CH,,289006.9,14.3,14.2
2441,20:00:00,11/04/2024 8:00:00 CH,,289019.7,12.8,13.2
2442,21:00:00,11/04/2024 9:00:00 CH,,289031.7,12.0,11.7
2443,22:00:00,11/04/2024 10:00:00 CH,,289041.7,10.0,9.9
2444,23:00:00,11/04/2024 11:00:00 CH,,289052.0,10.3,10.3
2445,00:00:00,12/04/2024 12:00:00 SA,,289055.6,3.6,3.3
2446,01:00:00,12/04/2024 1:00:00 SA,,289057.3,1.7,1.7
2447,02:00:00,12/04/2024 2:00:00 SA,,289058.6,1.3,1.0
2448,03:00:00,12/04/2024 3:00:00 SA,,289059.8,1.2,0.9
2449,04:00:00,12/04/2024 4:00:00 SA,,289060.8,1.0,1.1
2450,05:00:00,12/04/2024 5:00:00 SA,,289063.3,2.5,2.2
2451,06:00:00,12/04/2024 6:00:00 SA,,289068.2,4.9,5.3
2452,07:00:00,12/04/2024 7:00:00 SA,,289077.4,9.2,8.8
2453,08:00:00,12/04/2024 8:00:00 SA,,289085.0,7.6,7.7
2454,09:00:00,12/04/2024 9:00:00 SA,,289091.4,6.4,6.1
2455,10:00:00,12/04/2024 10:00:00 SA,,289098.0,6.6,6.6
2456,11:00:00,12/04/2024 11:00:00 SA,,289105.3,7.3,7.0
2457,12:00:00,12/04/2024 12:00:00 CH,,289112.3,7.0,7.1
2458,13:00:00,12/04/2024 1:00:00 CH,,289118.0,5.7,5.9
2459,14:00:00,12/04/2024 2:00:00 CH,,289122.9,4.9,4.4
2460,15:00:00,12/04/2024 3:00:00 CH,,289128.2,5.3,5.3
2461,16:00:00,12/04/2024 4:00:00 CH,,289133.1,4.9,5.0
2462,17:00:00,12/04/2024 5:00:00 CH,,289140.2,7.1,7.1
2463,18:00:00,12/04/2024 6:00:00 CH,,289154.2,14.0,13.6
2464,19:00:00,12/04/2024 7:00:00 CH,,289172.3,18.1,17.9
2465,20:00:00,12/04/2024 8:00:00 CH,,289184.9,12.6,13.0
2466,21:00:00,12/04/2024 9:00:00 CH,,289196.9,12.0,11.7
2467,22:00:00,12/04/2024 10:00:00 CH,,289206.6,9.7,9.4
2468,23:00:00,12/04/2024 11:00:00 CH,,289216.3,9.7,10.0
2469,00:00:00,13/04/2024 12:00:00 SA,,289220.4,4.1,4.0
2470,01:00:00,13/04/2024 1:00:00 SA,,289222.3,1.9,1.7
2471,02:00:00,13/04/2024 2:00:00 SA,,289223.8,1.5,1.5
2472,03:00:00,13/04/2024 3:00:00 SA,,289225.2,1.4,1.4
2473,04:00:00,13/04/2024 4:00:00 SA,,289226.5,1.3,1.4
2474,05:00:00,13/04/2024 5:00:00 SA,,289228.5,2.0,1.9
2475,06:00:00,13/04/2024 6:00:00 SA,,289233.3,4.8,4.4
2476,07:00:00,13/04/2024 7:00:00 SA,,289243.9,10.6,10.2
2477,08:00:00,13/04/2024 8:00:00 SA,,289254.3,10.4,9.9
2478,09:00:00,13/04/2024 9:00:00 SA,,289263.0,8.7,9.1
2479,10:00:00,13/04/2024 10:00:00 SA,,289271.8,8.8,9.0
2480,11:00:00,13/04/2024 11:00:00 SA,,289281.7,9.9,9.5
2481,12:00:00,13/04/2024 12:00:00 CH,,289289.6,7.9,8.0
2482,13:00:00,13/04/2024 1:00:00 CH,,289297.3,7.7,7.8
2483,14:00:00,13/04/2024 2:00:00 CH,,289303.9,6.6,6.5
2484,15:00:00,13/04/2024 3:00:00 CH,,289311.1,7.2,7.5
2485,16:00:00,13/04/2024 4:00:00 CH,,289317.9,6.8,7.1
2486,17:00:00,13/04/2024 5:00:00 CH,,289325.7,7.8,7.6
2487,18:00:00,13/04/2024 6:00:00 CH,,289337.2,11.5,11.1
2488,19:00:00,13/04/2024 7:00:00 CH,,289352.9,15.7,15.3
2489,20:00:00,13/04/2024 8:00:00 CH,,289366.0,13.1,13.0
2490,21:00:00,13/04/2024 9:00:00 CH,,289376.2,10.2,9.6
2491,22:00:00,13/04/2024 10:00:00 CH,,289387.7,11.5,11.3
2492,23:00:00,13/04/2024 11:00:00 CH,,289396.7,9.0,9.0
2493,00:00:00,14/04/2024 12:00:00 SA,,289400.5,3.8,3.4
2494,01:00:00,14/04/2024 1:00:00 SA,,289402.7,2.2,2.1
2495,02:00:00,14/04/2024 2:00:00 SA,,289404.2,1.5,1.5
2496,03:00:00,14/04/2024 3:00:00 SA,,289405.2,1.0,1.0
2497,04:00:00,14/04/2024 4:00:00 SA,,289406.1,0.9,1.0
2498,05:00:00,14/04/2024 5:00:00 SA,,289408.1,2.0,2.1
2499,06:00:00,14/04/2024 6:00:00 SA,,289411.4,3.3,3.1
2500,07:00:00,14/04/2024 7:00:00 SA,,289418.6,7.2,6.9
2501,08:00:00,14/04/2024 8:00:00 SA,,289427.2,8.6,9.1
2502,09:00:00,14/04/2024 9:00:00 SA,,289437.5,10.3,9.8
2503,10:00:00,14/04/2024 10:00:00 SA,,289445.9,8.4,8.1
2504,11:00:00,14/04/2024 11:00:00 SA,,289454.8,8.9,8.6
2505,12:00:00,14/04/2024 12:00:00 CH,,289462.4,7.6,6.9
2506,13:00:00,14/04/2024 1:00:00 CH,,289469.6,7.2,7.4
2507,14:00:00,14/04/2024 2:00:00 CH,,289475.3,5.7,5.6
2508,15:00:00,14/04/2024 3:00:00 CH,,289482.5,7.2,6.7
2509,16:00:00,14/04/2024 4:00:00 CH,,289491.3,8.8,8.2
2510,17:00:00,14/04/2024 5:00:00 CH,,289502.8,11.5,12.0
2511,18:00:00,14/04/2024 6:00:00 CH,,289518.6,15.8,15.7
2512,19:00:00,14/04/2024 7:00:00 CH,,289534.7,16.1,15.1
2513,20:00:00,14/04/2024 8:00:00 CH,,289547.6,12.9,12.6
2514,21:00:00,14/04/2024 9:00:00 CH,,289557.7,10.1,10.3
2515,22:00:00,14/04/2024 10:00:00 CH,,289566.3,8.6,9.0
2516,23:00:00,14/04/2024 11:00:00 CH,,289574.0,7.7,7.9
2517,00:00:00,15/04/2024 12:00:00 SA,,289577.3,3.3,3.7
2518,01:00:00,15/04/2024 1:00:00 SA,,289579.2,1.9,1.9
2519,02:00:00,15/04/2024 2:00:00 SA,,289580.7,1.5,1.6
2520,03:00:00,15/04/2024 3:00:00 SA,,289581.9,1.2,1.2
2521,04:00:00,15/04/2024 4:00:00 SA,,289583.1,1.2,1.2
2522,05:00:00,15/04/2024 5:00:00 SA,,289584.9,1.8,1.6
2523,06:00:00,15/04/2024 6:00:00 SA,,289590.1,5.2,4.7
2524,07:00:00,15/04/2024 7:00:00 SA,,289600.9,10.8,10.8
2525,08:00:00,15/04/2024 8:00:00 SA,,289609.9,9.0,8.2
2526,09:00:00,15/04/2024 9:00:00 SA,,289617.9,8.0,8.1
2527,10:00:00,15/04/2024 10:00:00 SA,,289624.1,6.2,6.6
2528,11:00:00,15/04/2024 11:00:00 SA,,289631.5,7.4,7.2
2529,12:00:00,15/04/2024 12:00:00 CH,,289638.9,7.4,7.1
2530,13:00:00,15/04/2024 1:00:00 CH,,289645.1,6.2,6.3
2531,14:00:00,15/04/2024 2:00:00 CH,,289651.8,6.7,6.2
2532,15:00:00,15/04/2024 3:00:00 CH,,289658.7,6.9,6.8
2533,16:00:00,15/04/2024 4:00:00 CH,,289665.3,6.6,6.6
2534,17:00:00,15/04/2024 5:00:00 CH,,289672.1,6.8,6.7
2535,18:00:00,15/04/2024 6:00:00 CH,,289683.0,10.9,10.7
2536,19:00:00,15/04/2024 7:00:00 CH,,289699.2,16.2,15.4
2537,20:00:00,15/04/2024 8:00:00 CH,,289712.9,13.7,14.5
2538,21:00:00,15/04/2024 9:00:00 CH,,289724.9,12.0,11.9
2539,22:00:00,15/04/2024 10:00:00 CH,,289735.5,10.6,10.7
2540,23:00:00,15/04/2024 11:00:00 CH,,289743.2,7.7,8.0
2541,00:00:00,16/04/2024 12:00:00 SA,,289749.0,5.8,5.4
2542,01:00:00,16/04/2024 1:00:00 SA,,289750.9,1.9,1.9
2543,02:00:00,16/04/2024 2:00:00 SA,,289752.0,1.1,1.2
2544,03:00:00,16/04/2024 3:00:00 SA,,289753.1,1.1,0.9
2545,04:00:00,16/04/2024 4:00:00 SA,,289754.2,1.1,1.1
2546,05:00:00,16/04/2024 5:00:00 SA,,289756.4,2.2,2.0
2547,06:00:00,16/04/2024 6:00:00 SA,,289761.3,4.9,4.5
2548,07:00:00,16/04/2024 7:00:00 SA,,289771.0,9.7,9.2
2549,08:00:00,16/04/2024 8:00:00 SA,,289779.1,8.1,7.9
2550,09:00:00,16/04/2024 9:00:00 SA,,289788.7,9.6,8.5
2551,10:00:00,16/04/2024 10:00:00 SA,,289797.7,9.0,9.2
2552,11:00:00,16/04/2024 11:00:00 SA,,289807.2,9.5,9.3
2553,12:00:00,16/04/2024 12:00:00 CH,,289816.7,9.5,9.1
2554,13:00:00,16/04/2024 1:00:00 CH,,289823.1,6.4,6.2
2555,14:00:00,16/04/2024 2:00:00 CH,,289828.2,5.1,4.9
2556,15:00:00,16/04/2024 3:00:00 CH,,289835.2,7.0,7.1
2557,16:00:00,16/04/2024 4:00:00 CH,,289841.2,6.0,5.9
2558,17:00:00,16/04/2024 5:00:00 CH,,289846.8,5.6,5.5
2559,18:00:00,16/04/2024 6:00:00 CH,,289857.7,10.9,10.0
2560,19:00:00,16/04/2024 7:00:00 CH,,289874.6,16.9,16.5
2561,20:00:00,16/04/2024 8:00:00 CH,,289888.9,14.3,14.3
2562,21:00:00,16/04/2024 9:00:00 CH,,289901.1,12.2,12.0
2563,22:00:00,16/04/2024 10:00:00 CH,,289910.3,9.2,9.5
2564,23:00:00,16/04/2024 11:00:00 CH,,289920.9,10.6,10.8
2565,00:00:00,17/04/2024 12:00:00 SA,,289924.4,3.5,3.5
2566,01:00:00,17/04/2024 1:00:00 SA,,289926.8,2.4,2.4
2567,02:00:00,17/04/2024 2:00:00 SA,,289928.8,2.0,1.7
2568,03:00:00,17/04/2024 3:00:00 SA,,289930.0,1.2,1.0
2569,04:00:00,17/04/2024 4:00:00 SA,,289931.2,1.2,1.2
2570,05:00:00,17/04/2024 5:00:00 SA,,289933.3,2.1,2.0
2571,06:00:00,17/04/2024 6:00:00 SA,,289939.0,5.7,4.5
2572,07:00:00,17/04/2024 7:00:00 SA,,289950.0,11.0,11.1
2573,08:00:00,17/04/2024 8:00:00 SA,,289959.2,9.2,9.5
2574,09:00:00,17/04/2024 9:00:00 SA,,289968.8,9.6,9.5
2575,10:00:00,17/04/2024 10:00:00 SA,,289975.9,7.1,6.4
2576,11:00:00,17/04/2024 11:00:00 SA,,289983.4,7.5,7.4
2577,12:00:00,17/04/2024 12:00:00 CH,,289992.0,8.6,9.2
2578,13:00:00,17/04/2024 1:00:00 CH,,289997.9,5.9,6.3
2579,14:00:00,17/04/2024 2:00:00 CH,,290002.9,5.0,5.2
2580,15:00:00,17/04/2024 3:00:00 CH,,290007.9,5.0,5.1
2581,16:00:00,17/04/2024 4:00:00 CH,,290013.3,5.4,5.5
2582,17:00:00,17/04/2024 5:00:00 CH,,290023.0,9.7,9.9
2583,18:00:00,17/04/2024 6:00:00 CH,,290034.9,11.9,11.6
2584,19:00:00,17/04/2024 7:00:00 CH,,290052.4,17.5,18.3
2585,20:00:00,17/04/2024 8:00:00 CH,,290065.5,13.1,13.3
2586,21:00:00,17/04/2024 9:00:00 CH,,290076.0,10.5,10.0
2587,22:00:00,17/04/2024 10:00:00 CH,,290085.2,9.2,9.5
2588,23:00:00,17/04/2024 11:00:00 CH,,290092.4,7.2,7.6
2589,00:00:00,18/04/2024 12:00:00 SA,,290101.7,9.3,7.0
2590,01:00:00,18/04/2024 1:00:00 SA,,290103.9,2.2,2.3
2591,02:00:00,18/04/2024 2:00:00 SA,,290105.5,1.6,1.6
2592,03:00:00,18/04/2024 3:00:00 SA,,290106.8,1.3,1.3
2593,04:00:00,18/04/2024 4:00:00 SA,,290108.0,1.2,1.3
2594,05:00:00,18/04/2024 5:00:00 SA,,290110.2,2.2,2.4
2595,06:00:00,18/04/2024 6:00:00 SA,,290114.3,4.1,3.7
2596,07:00:00,18/04/2024 7:00:00 SA,,290121.0,6.7,6.6
2597,08:00:00,18/04/2024 8:00:00 SA,,290131.7,10.7,10.2
2598,09:00:00,18/04/2024 9:00:00 SA,,290140.8,9.1,9.1
2599,10:00:00,18/04/2024 10:00:00 SA,,290151.9,11.1,11.7
2600,11:00:00,18/04/2024 11:00:00 SA,,290162.8,10.9,11.0
2601,12:00:00,18/04/2024 12:00:00 CH,,290172.4,9.6,9.2
2602,13:00:00,18/04/2024 1:00:00 CH,,290179.4,7.0,6.8
2603,14:00:00,18/04/2024 2:00:00 CH,,290185.1,5.7,6.1
2604,15:00:00,18/04/2024 3:00:00 CH,,290191.2,6.1,5.5
2605,16:00:00,18/04/2024 4:00:00 CH,,290200.6,9.4,9.0
2606,17:00:00,18/04/2024 5:00:00 CH,,290210.5,9.9,9.3
2607,18:00:00,18/04/2024 6:00:00 CH,,290224.0,13.5,13.4
2608,19:00:00,18/04/2024 7:00:00 CH,,290240.4,16.4,15.4
2609,20:00:00,18/04/2024 8:00:00 CH,,290254.8,14.4,14.6
2610,21:00:00,18/04/2024 9:00:00 CH,,290266.3,11.5,12.0
2611,22:00:00,18/04/2024 10:00:00 CH,,290276.4,10.1,9.9
2612,23:00:00,18/04/2024 11:00:00 CH,,290283.7,7.3,7.7
2613,00:00:00,19/04/2024 12:00:00 SA,,290289.4,5.7,5.7
2614,01:00:00,19/04/2024 1:00:00 SA,,290291.2,1.8,1.7
2615,02:00:00,19/04/2024 2:00:00 SA,,290292.6,1.4,1.4
2616,03:00:00,19/04/2024 3:00:00 SA,,290293.8,1.2,1.2
2617,04:00:00,19/04/2024 4:00:00 SA,,290294.9,1.1,1.1
2618,05:00:00,19/04/2024 5:00:00 SA,,290296.6,1.7,1.7
2619,06:00:00,19/04/2024 6:00:00 SA,,290302.0,5.4,4.6
2620,07:00:00,19/04/2024 7:00:00 SA,,290311.9,9.9,10.4
2621,08:00:00,19/04/2024 8:00:00 SA,,290319.7,7.8,8.5
2622,09:00:00,19/04/2024 9:00:00 SA,,290326.7,7.0,6.9
2623,10:00:00,19/04/2024 10:00:00 SA,,290332.5,5.8,5.6
2624,11:00:00,19/04/2024 11:00:00 SA,,290340.5,8.0,7.0
2625,12:00:00,19/04/2024 12:00:00 CH,,290348.8,8.3,8.4
2626,13:00:00,19/04/2024 1:00:00 CH,,290354.9,6.1,5.7
2627,14:00:00,19/04/2024 2:00:00 CH,,290359.9,5.0,5.2
2628,15:00:00,19/04/2024 3:00:00 CH,,290367.0,7.1,7.2
2629,16:00:00,19/04/2024 4:00:00 CH,,290374.5,7.5,8.1
2630,17:00:00,19/04/2024 5:00:00 CH,,290380.7,6.2,5.9
2631,18:00:00,19/04/2024 6:00:00 CH,,290392.2,11.5,10.7
2632,19:00:00,19/04/2024 7:00:00 CH,,290407.4,15.2,16.2
2633,20:00:00,19/04/2024 8:00:00 CH,,290420.7,13.3,13.1
2634,21:00:00,19/04/2024 9:00:00 CH,,290433.6,12.9,13.2
2635,22:00:00,19/04/2024 10:00:00 CH,,290442.9,9.3,9.1
2636,23:00:00,19/04/2024 11:00:00 CH,,290452.6,9.7,10.2
2637,00:00:00,20/04/2024 12:00:00 SA,,290458.4,5.8,6.2
2638,01:00:00,20/04/2024 1:00:00 SA,,290460.4,2.0,2.2
2639,02:00:00,20/04/2024 2:00:00 SA,,290462.3,1.9,1.5
2640,03:00:00,20/04/2024 3:00:00 SA,,290464.9,2.6,3.0
2641,04:00:00,20/04/2024 4:00:00 SA,,290466.6,1.7,1.3
2642,05:00:00,20/04/2024 5:00:00 SA,,290470.1,3.5,3.2
2643,06:00:00,20/04/2024 6:00:00 SA,,290475.0,4.9,4.8
2644,07:00:00,20/04/2024 7:00:00 SA,,290484.6,9.6,9.3
2645,08:00:00,20/04/2024 8:00:00 SA,,290495.2,10.6,10.2
2646,09:00:00,20/04/2024 9:00:00 SA,,290507.3,12.1,12.7
2647,10:00:00,20/04/2024 10:00:00 SA,,290515.4,8.1,7.8
2648,11:00:00,20/04/2024 11:00:00 SA,,290525.4,10.0,9.8
2649,12:00:00,20/04/2024 12:00:00 CH,,290535.4,10.0,10.2
2650,13:00:00,20/04/2024 1:00:00 CH,,290544.5,9.1,8.8
2651,14:00:00,20/04/2024 2:00:00 CH,,290549.5,5.0,4.7
2652,15:00:00,20/04/2024 3:00:00 CH,,290555.9,6.4,6.4
2653,16:00:00,20/04/2024 4:00:00 CH,,290562.7,6.8,6.9
2654,17:00:00,20/04/2024 5:00:00 CH,,290570.8,8.1,7.7
2655,18:00:00,20/04/2024 6:00:00 CH,,290582.1,11.3,11.5
2656,19:00:00,20/04/2024 7:00:00 CH,,290598.3,16.2,15.9
2657,20:00:00,20/04/2024 8:00:00 CH,,290610.5,12.2,12.8
2658,21:00:00,20/04/2024 9:00:00 CH,,290620.7,10.2,10.3
2659,22:00:00,20/04/2024 10:00:00 CH,,290629.2,8.5,8.7
2660,23:00:00,20/04/2024 11:00:00 CH,,290636.6,7.4,7.6
2661,00:00:00,21/04/2024 12:00:00 SA,,290641.0,4.4,4.4
2662,01:00:00,21/04/2024 1:00:00 SA,,290643.4,2.4,2.3
2663,02:00:00,21/04/2024 2:00:00 SA,,290644.8,1.4,1.4
2664,03:00:00,21/04/2024 3:00:00 SA,,290646.0,1.2,1.2
2665,04:00:00,21/04/2024 4:00:00 SA,,290647.3,1.3,1.5
2666,05:00:00,21/04/2024 5:00:00 SA,,290649.3,2.0,1.7
2667,06:00:00,21/04/2024 6:00:00 SA,,290652.6,3.3,3.5
2668,07:00:00,21/04/2024 7:00:00 SA,,290659.4,6.8,5.7
2669,08:00:00,21/04/2024 8:00:00 SA,,290669.6,10.2,10.8
2670,09:00:00,21/04/2024 9:00:00 SA,,290681.0,11.4,11.4
2671,10:00:00,21/04/2024 10:00:00 SA,,290689.3,8.3,8.4
2672,11:00:00,21/04/2024 11:00:00 SA,,290698.2,8.9,9.5
2673,12:00:00,21/04/2024 12:00:00 CH,,290707.3,9.1,9.4
2674,13:00:00,21/04/2024 1:00:00 CH,,290715.9,8.6,7.9
2675,14:00:00,21/04/2024 2:00:00 CH,,290722.7,6.8,7.0
2676,15:00:00,21/04/2024 3:00:00 CH,,290729.2,6.5,6.7
2677,16:00:00,21/04/2024 4:00:00 CH,,290739.3,10.1,9.5
2678,17:00:00,21/04/2024 5:00:00 CH,,290753.0,13.7,13.4
2679,18:00:00,21/04/2024 6:00:00 CH,,290767.4,14.4,14.0
2680,19:00:00,21/04/2024 7:00:00 CH,,290785.4,18.0,17.5
2681,20:00:00,21/04/2024 8:00:00 CH,,290798.7,13.3,13.2
2682,21:00:00,21/04/2024 9:00:00 CH,,290809.0,10.3,10.7
2683,22:00:00,21/04/2024 10:00:00 CH,,290817.6,8.6,8.6
2684,23:00:00,21/04/2024 11:00:00 CH,,290824.6,7.0,7.3
2685,00:00:00,22/04/2024 12:00:00 SA,,290828.2,3.6,3.5
2686,01:00:00,22/04/2024 1:00:00 SA,,290829.9,1.7,1.6
2687,02:00:00,22/04/2024 2:00:00 SA,,290832.4,2.5,2.1
2688,03:00:00,22/04/2024 3:00:00 SA,,290833.7,1.3,1.4
2689,04:00:00,22/04/2024 4:00:00 SA,,290834.9,1.2,1.2
2690,05:00:00,22/04/2024 5:00:00 SA,,290836.9,2.0,1.7
2691,06:00:00,22/04/2024 6:00:00 SA,,290842.2,5.3,4.4
2692,07:00:00,22/04/2024 7:00:00 SA,,290852.6,10.4,10.8
2693,08:00:00,22/04/2024 8:00:00 SA,,290862.1,9.5,9.7
2694,09:00:00,22/04/2024 9:00:00 SA,,290868.6,6.5,6.8
2695,10:00:00,22/04/2024 10:00:00 SA,,290874.4,5.8,5.8
2696,11:00:00,22/04/2024 11:00:00 SA,,290881.4,7.0,7.4
2697,12:00:00,22/04/2024 12:00:00 CH,,290888.5,7.1,6.8
2698,13:00:00,22/04/2024 1:00:00 CH,,290895.3,6.8,6.9
2699,14:00:00,22/04/2024 2:00:00 CH,,290901.6,6.3,5.9
2700,15:00:00,22/04/2024 3:00:00 CH,,290908.9,7.3,6.8
2701,16:00:00,22/04/2024 4:00:00 CH,,290915.6,6.7,7.5
2702,17:00:00,22/04/2024 5:00:00 CH,,290923.4,7.8,7.5
2703,18:00:00,22/04/2024 6:00:00 CH,,290935.6,12.2,11.1
2704,19:00:00,22/04/2024 7:00:00 CH,,290952.0,16.4,15.9
2705,20:00:00,22/04/2024 8:00:00 CH,,290966.5,14.5,14.2
2706,21:00:00,22/04/2024 9:00:00 CH,,290979.3,12.8,12.8
2707,22:00:00,22/04/2024 10:00:00 CH,,290990.2,10.9,11.1
2708,23:00:00,22/04/2024 11:00:00 CH,,290997.8,7.6,7.1
2709,00:00:00,23/04/2024 12:00:00 SA,,291001.3,3.5,3.6
2710,01:00:00,23/04/2024 1:00:00 SA,,291003.1,1.8,1.7
2711,02:00:00,23/04/2024 2:00:00 SA,,291004.4,1.3,1.5
2712,03:00:00,23/04/2024 3:00:00 SA,,291005.5,1.1,1.1
2713,04:00:00,23/04/2024 4:00:00 SA,,291006.6,1.1,1.1
2714,05:00:00,23/04/2024 5:00:00 SA,,291008.7,2.1,1.9
2715,06:00:00,23/04/2024 6:00:00 SA,,291015.0,6.3,5.2
2716,07:00:00,23/04/2024 7:00:00 SA,,291025.0,10.0,10.7
2717,08:00:00,23/04/2024 8:00:00 SA,,291034.3,9.3,9.2
2718,09:00:00,23/04/2024 9:00:00 SA,,291044.9,10.6,10.4
2719,10:00:00,23/04/2024 10:00:00 SA,,291053.4,8.5,9.3
2720,11:00:00,23/04/2024 11:00:00 SA,,291061.0,7.6,7.2
2721,12:00:00,23/04/2024 12:00:00 CH,,291068.2,7.2,7.1
2722,13:00:00,23/04/2024 1:00:00 CH,,291073.6,5.4,5.7
2723,14:00:00,23/04/2024 2:00:00 CH,,291078.5,4.9,4.5
2724,15:00:00,23/04/2024 3:00:00 CH,,291083.2,4.7,4.3
2725,16:00:00,23/04/2024 4:00:00 CH,,291088.6,5.4,5.1
2726,17:00:00,23/04/2024 5:00:00 CH,,291094.8,6.2,6.6
2727,18:00:00,23/04/2024 6:00:00 CH,,291107.1,12.3,12.7
2728,19:00:00,23/04/2024 7:00:00 CH,,291122.8,15.7,15.2
2729,20:00:00,23/04/2024 8:00:00 CH,,291137.4,14.6,13.8
2730,21:00:00,23/04/2024 9:00:00 CH,,291153.2,15.8,15.7
2731,22:00:00,23/04/2024 10:00:00 CH,,291163.8,10.6,10.3
2732,23:00:00,23/04/2024 11:00:00 CH,,291171.3,7.5,7.3
2733,00:00:00,24/04/2024 12:00:00 SA,,291174.8,3.5,3.2
2734,01:00:00,24/04/2024 1:00:00 SA,,291176.7,1.9,2.1
2735,02:00:00,24/04/2024 2:00:00 SA,,291178.0,1.3,1.1
2736,03:00:00,24/04/2024 3:00:00 SA,,291179.1,1.1,1.2
2737,04:00:00,24/04/2024 4:00:00 SA,,291180.1,1.0,0.8
2738,05:00:00,24/04/2024 5:00:00 SA,,291181.8,1.7,1.7
2739,06:00:00,24/04/2024 6:00:00 SA,,291187.3,5.5,5.0
2740,07:00:00,24/04/2024 7:00:00 SA,,291198.1,10.8,10.1
2741,08:00:00,24/04/2024 8:00:00 SA,,291206.8,8.7,8.6
2742,09:00:00,24/04/2024 9:00:00 SA,,291213.4,6.6,7.1
2743,10:00:00,24/04/2024 10:00:00 SA,,291220.2,6.8,6.6
2744,11:00:00,24/04/2024 11:00:00 SA,,291229.3,9.1,10.2
2745,12:00:00,24/04/2024 12:00:00 CH,,291237.2,7.9,7.7
2746,13:00:00,24/04/2024 1:00:00 CH,,291242.9,5.7,5.1
2747,14:00:00,24/04/2024 2:00:00 CH,,291247.6,4.7,4.3
2748,15:00:00,24/04/2024 3:00:00 CH,,291252.2,4.6,4.2
2749,16:00:00,24/04/2024 4:00:00 CH,,291257.1,4.9,5.1
2750,17:00:00,24/04/2024 5:00:00 CH,,291262.9,5.8,6.4
2751,18:00:00,24/04/2024 6:00:00 CH,,291274.7,11.8,11.3
2752,19:00:00,24/04/2024 7:00:00 CH,,291290.1,15.4,15.3
2753,20:00:00,24/04/2024 8:00:00 CH,,291303.2,13.1,13.3
2754,21:00:00,24/04/2024 9:00:00 CH,,291315.0,11.8,12.3
2755,22:00:00,24/04/2024 10:00:00 CH,,291324.1,9.1,8.9
2756,23:00:00,24/04/2024 11:00:00 CH,,291333.5,9.4,9.6
2757,00:00:00,25/04/2024 12:00:00 SA,,291336.9,3.4,3.6
2758,01:00:00,25/04/2024 1:00:00 SA,,291339.0,2.1,2.1
2759,02:00:00,25/04/2024 2:00:00 SA,,291340.5,1.5,1.3
2760,03:00:00,25/04/2024 3:00:00 SA,,291341.9,1.4,1.5
2761,04:00:00,25/04/2024 4:00:00 SA,,291343.2,1.3,1.2
2762,05:00:00,25/04/2024 5:00:00 SA,,291345.9,2.7,1.8
2763,06:00:00,25/04/2024 6:00:00 SA,,291351.0,5.1,4.7
2764,07:00:00,25/04/2024 7:00:00 SA,,291360.6,9.6,10.0
2765,08:00:00,25/04/2024 8:00:00 SA,,291369.2,8.6,8.0
2766,09:00:00,25/04/2024 9:00:00 SA,,291377.8,8.6,8.2
2767,10:00:00,25/04/2024 10:00:00 SA,,291386.4,8.6,8.0
2768,11:00:00,25/04/2024 11:00:00 SA,,291394.2,7.8,7.9
2769,12:00:00,25/04/2024 12:00:00 CH,,291402.3,8.1,7.7
2770,13:00:00,25/04/2024 1:00:00 CH,,291409.3,7.0,6.8
2771,14:00:00,25/04/2024 2:00:00 CH,,291414.5,5.2,6.2
2772,15:00:00,25/04/2024 3:00:00 CH,,291419.5,5.0,4.5
2773,16:00:00,25/04/2024 4:00:00 CH,,291426.6,7.1,7.2
2774,17:00:00,25/04/2024 5:00:00 CH,,291434.3,7.7,7.5
2775,18:00:00,25/04/2024 6:00:00 CH,,291448.1,13.8,13.9
2776,19:00:00,25/04/2024 7:00:00 CH,,291464.6,16.5,16.8
2777,20:00:00,25/04/2024 8:00:00 CH,,291478.8,14.2,14.5
2778,21:00:00,25/04/2024 9:00:00 CH,,291491.1,12.3,11.9
2779,22:00:00,25/04/2024 10:00:00 CH,,291502.4,11.3,10.1
2780,23:00:00,25/04/2024 11:00:00 CH,,291510.0,7.6,7.5
2781,00:00:00,26/04/2024 12:00:00 SA,,291516.7,6.7,6.5
2782,01:00:00,26/04/2024 1:00:00 SA,,291518.8,2.1,2.2
2783,02:00:00,26/04/2024 2:00:00 SA,,291520.2,1.4,1.5
2784,03:00:00,26/04/2024 3:00:00 SA,,291521.4,1.2,1.2
2785,04:00:00,26/04/2024 4:00:00 SA,,291522.5,1.1,1.0
2786,05:00:00,26/04/2024 5:00:00 SA,,291524.5,2.0,1.6
2787,06:00:00,26/04/2024 6:00:00 SA,,291530.7,6.2,6.6
2788,07:00:00,26/04/2024 7:00:00 SA,,291540.7,10.0,10.2
2789,08:00:00,26/04/2024 8:00:00 SA,,291549.8,9.1,9.5
2790,09:00:00,26/04/2024 9:00:00 SA,,291557.7,7.9,7.5
2791,10:00:00,26/04/2024 10:00:00 SA,,291563.4,5.7,6.2
2792,11:00:00,26/04/2024 11:00:00 SA,,291571.1,7.7,7.3
2793,12:00:00,26/04/2024 12:00:00 CH,,291581.7,10.6,10.8
2794,13:00:00,26/04/2024 1:00:00 CH,,291590.4,8.7,9.1
2795,14:00:00,26/04/2024 2:00:00 CH,,291596.3,5.9,5.6
2796,15:00:00,26/04/2024 3:00:00 CH,,291603.6,7.3,7.4
2797,16:00:00,26/04/2024 4:00:00 CH,,291609.5,5.9,5.9
2798,17:00:00,26/04/2024 5:00:00 CH,,291616.4,6.9,6.5
2799,18:00:00,26/04/2024 6:00:00 CH,,291629.9,13.5,13.7
2800,19:00:00,26/04/2024 7:00:00 CH,,291648.2,18.3,18.0
2801,20:00:00,26/04/2024 8:00:00 CH,,291662.7,14.5,14.3
2802,21:00:00,26/04/2024 9:00:00 CH,,291674.6,11.9,12.6
2803,22:00:00,26/04/2024 10:00:00 CH,,291684.9,10.3,10.6
2804,23:00:00,26/04/2024 11:00:00 CH,,291693.6,8.7,8.3
2805,00:00:00,27/04/2024 12:00:00 SA,,291697.7,4.1,3.9
2806,01:00:00,27/04/2024 1:00:00 SA,,291700.0,2.3,2.4
2807,02:00:00,27/04/2024 2:00:00 SA,,291701.6,1.6,1.6
2808,03:00:00,27/04/2024 3:00:00 SA,,291703.1,1.5,1.4
2809,04:00:00,27/04/2024 4:00:00 SA,,291704.3,1.2,1.3
2810,05:00:00,27/04/2024 5:00:00 SA,,291706.4,2.1,2.0
2811,06:00:00,27/04/2024 6:00:00 SA,,291710.8,4.4,4.3
2812,07:00:00,27/04/2024 7:00:00 SA,,291719.9,9.1,8.9
2813,08:00:00,27/04/2024 8:00:00 SA,,291732.8,12.9,11.8
2814,09:00:00,27/04/2024 9:00:00 SA,,291743.7,10.9,11.3
2815,10:00:00,27/04/2024 10:00:00 SA,,291752.0,8.3,7.9
2816,11:00:00,27/04/2024 11:00:00 SA,,291761.1,9.1,8.8
2817,12:00:00,27/04/2024 12:00:00 CH,,291771.1,10.0,9.8
2818,13:00:00,27/04/2024 1:00:00 CH,,291779.9,8.8,9.1
2819,14:00:00,27/04/2024 2:00:00 CH,,291787.2,7.3,7.6
2820,15:00:00,27/04/2024 3:00:00 CH,,291793.9,6.7,7.0
2821,16:00:00,27/04/2024 4:00:00 CH,,291801.1,7.2,7.1
2822,17:00:00,27/04/2024 5:00:00 CH,,291811.5,10.4,10.1
2823,18:00:00,27/04/2024 6:00:00 CH,,291823.6,12.1,12.4
2824,19:00:00,27/04/2024 7:00:00 CH,,291840.5,16.9,16.9
2825,20:00:00,27/04/2024 8:00:00 CH,,291854.6,14.1,13.6
2826,21:00:00,27/04/2024 9:00:00 CH,,291864.5,9.9,10.1
2827,22:00:00,27/04/2024 10:00:00 CH,,291873.5,9.0,8.9
2828,23:00:00,27/04/2024 11:00:00 CH,,291881.5,8.0,8.1
2829,00:00:00,28/04/2024 12:00:00 SA,,291886.0,4.5,4.6
2830,01:00:00,28/04/2024 1:00:00 SA,,291888.6,2.6,2.6
2831,02:00:00,28/04/2024 2:00:00 SA,,291890.1,1.5,1.5
2832,03:00:00,28/04/2024 3:00:00 SA,,291891.2,1.1,1.1
2833,04:00:00,28/04/2024 4:00:00 SA,,291892.5,1.3,1.2
2834,05:00:00,28/04/2024 5:00:00 SA,,291894.5,2.0,1.9
2835,06:00:00,28/04/2024 6:00:00 SA,,291899.1,4.6,4.5
2836,07:00:00,28/04/2024 7:00:00 SA,,291907.3,8.2,7.4
2837,08:00:00,28/04/2024 8:00:00 SA,,291920.3,13.0,12.4
2838,09:00:00,28/04/2024 9:00:00 SA,,291931.9,11.6,12.6
2839,10:00:00,28/04/2024 10:00:00 SA,,291941.6,9.7,9.7
2840,11:00:00,28/04/2024 11:00:00 SA,,291950.1,8.5,8.2
2841,12:00:00,28/04/2024 12:00:00 CH,,291959.1,9.0,9.3
2842,13:00:00,28/04/2024 1:00:00 CH,,291965.5,6.4,6.2
2843,14:00:00,28/04/2024 2:00:00 CH,,291971.1,5.6,5.3
2844,15:00:00,28/04/2024 3:00:00 CH,,291978.0,6.9,6.9
2845,16:00:00,28/04/2024 4:00:00 CH,,291986.3,8.3,8.1
2846,17:00:00,28/04/2024 5:00:00 CH,,291996.3,10.0,9.4
2847,18:00:00,28/04/2024 6:00:00 CH,,292007.3,11.0,10.6
2848,19:00:00,28/04/2024 7:00:00 CH,,292022.1,14.8,14.6
2849,20:00:00,28/04/2024 8:00:00 CH,,292032.8,10.7,10.6
2850,21:00:00,28/04/2024 9:00:00 CH,,292042.3,9.5,9.6
2851,22:00:00,28/04/2024 10:00:00 CH,,292051.2,8.9,9.4
2852,23:00:00,28/04/2024 11:00:00 CH,,292062.0,10.8,9.9
2853,00:00:00,29/04/2024 12:00:00 SA,,292065.8,3.8,3.7
2854,01:00:00,29/04/2024 1:00:00 SA,,292067.9,2.1,2.1
2855,02:00:00,29/04/2024 2:00:00 SA,,292069.4,1.5,1.6
2856,03:00:00,29/04/2024 3:00:00 SA,,292070.6,1.2,1.0
2857,04:00:00,29/04/2024 4:00:00 SA,,292071.6,1.0,0.9
2858,05:00:00,29/04/2024 5:00:00 SA,,292073.3,1.7,1.4
2859,06:00:00,29/04/2024 6:00:00 SA,,292077.2,3.9,4.2
2860,07:00:00,29/04/2024 7:00:00 SA,,292085.0,7.8,8.1
2861,08:00:00,29/04/2024 8:00:00 SA,,292098.3,13.3,14.0
2862,09:00:00,29/04/2024 9:00:00 SA,,292110.9,12.6,11.8
2863,10:00:00,29/04/2024 10:00:00 SA,,292121.5,10.6,11.4
2864,11:00:00,29/04/2024 11:00:00 SA,,292134.7,13.2,12.7
2865,12:00:00,29/04/2024 12:00:00 CH,,292144.6,9.9,9.8
2866,13:00:00,29/04/2024 1:00:00 CH,,292153.9,9.3,9.6
2867,14:00:00,29/04/2024 2:00:00 CH,,292160.4,6.5,6.6
2868,15:00:00,29/04/2024 3:00:00 CH,,292168.6,8.2,7.9
2869,16:00:00,29/04/2024 4:00:00 CH,,292176.2,7.6,7.5
2870,17:00:00,29/04/2024 5:00:00 CH,,292184.7,8.5,8.2
2871,18:00:00,29/04/2024 6:00:00 CH,,292197.5,12.8,12.4
2872,19:00:00,29/04/2024 7:00:00 CH,,292211.6,14.1,14.1
2873,20:00:00,29/04/2024 8:00:00 CH,,292222.8,11.2,11.7
2874,21:00:00,29/04/2024 9:00:00 CH,,292232.0,9.2,9.5
2875,22:00:00,29/04/2024 10:00:00 CH,,292240.0,8.0,7.4
2876,23:00:00,29/04/2024 11:00:00 CH,,292249.6,9.6,9.7
2877,00:00:00,30/04/2024 12:00:00 SA,,292253.4,3.8,3.8
2878,01:00:00,30/04/2024 1:00:00 SA,,292255.2,1.8,2.0
2879,02:00:00,30/04/2024 2:00:00 SA,,292256.4,1.2,1.0
2880,03:00:00,30/04/2024 3:00:00 SA,,292257.6,1.2,1.3
2881,04:00:00,30/04/2024 4:00:00 SA,,292258.5,0.9,1.1
2882,05:00:00,30/04/2024 5:00:00 SA,,292260.1,1.6,1.3
2883,06:00:00,30/04/2024 6:00:00 SA,,292264.4,4.3,3.9
2884,07:00:00,30/04/2024 7:00:00 SA,,292273.0,8.6,8.9
2885,08:00:00,30/04/2024 8:00:00 SA,,292283.8,10.8,10.4
2886,09:00:00,30/04/2024 9:00:00 SA,,292293.4,9.6,9.9
2887,10:00:00,30/04/2024 10:00:00 SA,,292304.5,11.1,11.5
2888,11:00:00,30/04/2024 11:00:00 SA,,292313.9,9.4,9.1
2889,12:00:00,30/04/2024 12:00:00 CH,,292322.4,8.5,8.6
2890,13:00:00,30/04/2024 1:00:00 CH,,292328.4,6.0,6.4
2891,14:00:00,30/04/2024 2:00:00 CH,,292332.6,4.2,4.4
2892,15:00:00,30/04/2024 3:00:00 CH,,292338.0,5.4,4.8
2893,16:00:00,30/04/2024 4:00:00 CH,,292344.5,6.5,7.2
2894,17:00:00,30/04/2024 5:00:00 CH,,292352.3,7.8,7.2
2895,18:00:00,30/04/2024 6:00:00 CH,,292364.4,12.1,11.6
2896,19:00:00,30/04/2024 7:00:00 CH,,292377.9,13.5,14.0
2897,20:00:00,30/04/2024 8:00:00 CH,,292389.0,11.1,10.7
2898,21:00:00,30/04/2024 9:00:00 CH,,292397.4,8.4,8.8
2899,22:00:00,30/04/2024 10:00:00 CH,,292406.8,9.4,9.5
2900,23:00:00,30/04/2024 11:00:00 CH,,292413.4,6.6,6.2
2901,00:00:00,01/05/2024 12:00:00 SA,,292417.6,4.2,3.8
2902,01:00:00,01/05/2024 1:00:00 SA,,292419.8,2.2,2.2
2903,02:00:00,01/05/2024 2:00:00 SA,,292422.5,2.7,2.4
2904,03:00:00,01/05/2024 3:00:00 SA,,292424.8,2.3,2.3
2905,04:00:00,01/05/2024 4:00:00 SA,,292426.1,1.3,1.2
2906,05:00:00,01/05/2024 5:00:00 SA,,292427.7,1.6,1.5
2907,06:00:00,01/05/2024 6:00:00 SA,,292431.1,3.4,2.9
2908,07:00:00,01/05/2024 7:00:00 SA,,292437.6,6.5,6.7
2909,09:00:00,01/05/2024 9:00:00 SA,,292459.7,22.1,0.0
2910,10:00:00,01/05/2024 10:00:00 SA,,292471.5,11.8,11.7
2911,11:00:00,01/05/2024 11:00:00 SA,,292481.1,9.6,9.2
2912,12:00:00,01/05/2024 12:00:00 CH,,292490.0,8.9,9.0
2913,13:00:00,01/05/2024 1:00:00 CH,,292497.4,7.4,7.4
2914,14:00:00,01/05/2024 2:00:00 CH,,292502.0,4.6,4.3
2915,15:00:00,01/05/2024 3:00:00 CH,,292507.3,5.3,5.0
2916,16:00:00,01/05/2024 4:00:00 CH,,292513.4,6.1,5.8
2917,17:00:00,01/05/2024 5:00:00 CH,,292522.5,9.1,8.8
2918,18:00:00,01/05/2024 6:00:00 CH,,292535.9,13.4,14.5
2919,19:00:00,01/05/2024 7:00:00 CH,,292550.7,14.8,15.0
2920,20:00:00,01/05/2024 8:00:00 CH,,292564.4,13.7,14.3
2921,21:00:00,01/05/2024 9:00:00 CH,,292575.6,11.2,11.5
2922,22:00:00,01/05/2024 10:00:00 CH,,292584.8,9.2,8.8
2923,23:00:00,01/05/2024 11:00:00 CH,,292592.7,7.9,8.0
2924,00:00:00,02/05/2024 12:00:00 SA,,292596.9,4.2,4.3
2925,01:00:00,02/05/2024 1:00:00 SA,,292599.0,2.1,2.1
2926,02:00:00,02/05/2024 2:00:00 SA,,292602.0,3.0,3.0
2927,03:00:00,02/05/2024 3:00:00 SA,,292603.5,1.5,1.3
2928,04:00:00,02/05/2024 4:00:00 SA,,292605.0,1.5,1.4
2929,05:00:00,02/05/2024 5:00:00 SA,,292607.3,2.3,1.9
2930,06:00:00,02/05/2024 6:00:00 SA,,292612.6,5.3,5.6
2931,07:00:00,02/05/2024 7:00:00 SA,,292624.2,11.6,11.0
2932,08:00:00,02/05/2024 8:00:00 SA,,292633.8,9.6,9.3
2933,09:00:00,02/05/2024 9:00:00 SA,,292643.3,9.5,10.4
2934,10:00:00,02/05/2024 10:00:00 SA,,292652.1,8.8,8.8
2935,11:00:00,02/05/2024 11:00:00 SA,,292662.9,10.8,10.4
2936,12:00:00,02/05/2024 12:00:00 CH,,292672.4,9.5,9.6
2937,13:00:00,02/05/2024 1:00:00 CH,,292677.8,5.4,5.2
2938,14:00:00,02/05/2024 2:00:00 CH,,292682.0,4.2,3.6
2939,15:00:00,02/05/2024 3:00:00 CH,,292728.1,46.1,39.5
2940,16:00:00,02/05/2024 4:00:00 CH,,292846.9,118.8,118.4
2941,17:00:00,02/05/2024 5:00:00 CH,,292860.1,13.2,13.8
2942,18:00:00,02/05/2024 6:00:00 CH,,292871.1,11.0,10.4
2943,19:00:00,02/05/2024 7:00:00 CH,,292886.7,15.6,15.3
2944,20:00:00,02/05/2024 8:00:00 CH,,292900.3,13.6,13.9
2945,21:00:00,02/05/2024 9:00:00 CH,,292912.0,11.7,11.5
2946,22:00:00,02/05/2024 10:00:00 CH,,292922.1,10.1,10.4
2947,23:00:00,02/05/2024 11:00:00 CH,,292929.8,7.7,7.9
2948,00:00:00,03/05/2024 12:00:00 SA,,292933.7,3.9,3.9
2949,01:00:00,03/05/2024 1:00:00 SA,,292935.9,2.2,2.1
2950,02:00:00,03/05/2024 2:00:00 SA,,292937.8,1.9,1.6
2951,03:00:00,03/05/2024 3:00:00 SA,,292939.7,1.9,1.8
2952,04:00:00,03/05/2024 4:00:00 SA,,292941.6,1.9,1.7
2953,05:00:00,03/05/2024 5:00:00 SA,,292943.8,2.2,2.1
2954,06:00:00,03/05/2024 6:00:00 SA,,292949.8,6.0,5.3
2955,07:00:00,03/05/2024 7:00:00 SA,,292959.8,10.0,9.3
2956,08:00:00,03/05/2024 8:00:00 SA,,292967.9,8.1,8.3
2957,09:00:00,03/05/2024 9:00:00 SA,,292974.7,6.8,7.1
2958,10:00:00,03/05/2024 10:00:00 SA,,292983.3,8.6,9.4
2959,11:00:00,03/05/2024 11:00:00 SA,,292992.1,8.8,8.5
2960,12:00:00,03/05/2024 12:00:00 CH,,293000.4,8.3,8.3
2961,13:00:00,03/05/2024 1:00:00 CH,,293006.4,6.0,5.7
2962,14:00:00,03/05/2024 2:00:00 CH,,293011.6,5.2,5.8
2963,15:00:00,03/05/2024 3:00:00 CH,,293018.0,6.4,7.0
2964,16:00:00,03/05/2024 4:00:00 CH,,293022.8,4.8,5.0
2965,17:00:00,03/05/2024 5:00:00 CH,,293028.5,5.7,5.6
2966,18:00:00,03/05/2024 6:00:00 CH,,293040.8,12.3,12.2
2967,19:00:00,03/05/2024 7:00:00 CH,,293056.0,15.2,15.5
2968,20:00:00,03/05/2024 8:00:00 CH,,293069.0,13.0,12.8
2969,21:00:00,03/05/2024 9:00:00 CH,,293080.4,11.4,11.6
2970,22:00:00,03/05/2024 10:00:00 CH,,293089.8,9.4,9.7
2971,23:00:00,03/05/2024 11:00:00 CH,,293097.0,7.2,7.6
2972,00:00:00,04/05/2024 12:00:00 SA,,293101.0,4.0,3.7
2973,01:00:00,04/05/2024 1:00:00 SA,,293103.1,2.1,2.1
2974,02:00:00,04/05/2024 2:00:00 SA,,293104.5,1.4,1.2
2975,03:00:00,04/05/2024 3:00:00 SA,,293105.8,1.3,1.2
2976,04:00:00,04/05/2024 4:00:00 SA,,293107.1,1.3,1.2
2977,05:00:00,04/05/2024 5:00:00 SA,,293109.0,1.9,1.9
2978,06:00:00,04/05/2024 6:00:00 SA,,293115.7,6.7,6.5
2979,07:00:00,04/05/2024 7:00:00 SA,,293126.3,10.6,11.4
2980,08:00:00,04/05/2024 8:00:00 SA,,293137.3,11.0,11.6
2981,09:00:00,04/05/2024 9:00:00 SA,,293147.9,10.6,10.3
2982,10:00:00,04/05/2024 10:00:00 SA,,293156.2,8.3,8.4
2983,11:00:00,04/05/2024 11:00:00 SA,,293163.7,7.5,7.1
2984,12:00:00,04/05/2024 12:00:00 CH,,293171.7,8.0,8.6
2985,13:00:00,04/05/2024 1:00:00 CH,,293179.9,8.2,7.7
2986,14:00:00,04/05/2024 2:00:00 CH,,293185.7,5.8,6.0
2987,15:00:00,04/05/2024 3:00:00 CH,,293192.5,6.8,6.6
2988,16:00:00,04/05/2024 4:00:00 CH,,293200.6,8.1,7.8
2989,17:00:00,04/05/2024 5:00:00 CH,,293207.8,7.2,7.7
2990,18:00:00,04/05/2024 6:00:00 CH,,293219.8,12.0,11.2
2991,19:00:00,04/05/2024 7:00:00 CH,,293236.0,16.2,16.2
2992,20:00:00,04/05/2024 8:00:00 CH,,293250.9,14.9,14.9
2993,21:00:00,04/05/2024 9:00:00 CH,,293262.8,11.9,12.2
2994,22:00:00,04/05/2024 10:00:00 CH,,293271.7,8.9,8.7
2995,23:00:00,04/05/2024 11:00:00 CH,,293279.0,7.3,7.4
2996,00:00:00,05/05/2024 12:00:00 SA,,293283.0,4.0,4.5
2997,01:00:00,05/05/2024 1:00:00 SA,,293285.1,2.1,1.8
2998,02:00:00,05/05/2024 2:00:00 SA,,293286.5,1.4,1.6
2999,03:00:00,05/05/2024 3:00:00 SA,,293288.1,1.6,1.4
3000,04:00:00,05/05/2024 4:00:00 SA,,293289.5,1.4,1.2
3001,05:00:00,05/05/2024 5:00:00 SA,,293291.4,1.9,2.1
3002,06:00:00,05/05/2024 6:00:00 SA,,293295.4,4.0,4.1
3003,07:00:00,05/05/2024 7:00:00 SA,,293304.3,8.9,8.2
3004,08:00:00,05/05/2024 8:00:00 SA,,293315.7,11.4,10.7
3005,09:00:00,05/05/2024 9:00:00 SA,,293327.9,12.2,12.8
3006,10:00:00,05/05/2024 10:00:00 SA,,293340.9,13.0,13.4
3007,11:00:00,05/05/2024 11:00:00 SA,,293351.4,10.5,10.5
3008,12:00:00,05/05/2024 12:00:00 CH,,293360.3,8.9,9.2
3009,13:00:00,05/05/2024 1:00:00 CH,,293367.2,6.9,7.0
3010,14:00:00,05/05/2024 2:00:00 CH,,293372.0,4.8,4.0
3011,15:00:00,05/05/2024 3:00:00 CH,,293379.8,7.8,7.4
3012,16:00:00,05/05/2024 4:00:00 CH,,293389.3,9.5,8.8
3013,17:00:00,05/05/2024 5:00:00 CH,,293398.8,9.5,9.7
3014,18:00:00,05/05/2024 6:00:00 CH,,293411.7,12.9,12.4
3015,19:00:00,05/05/2024 7:00:00 CH,,293429.7,18.0,17.7
3016,20:00:00,05/05/2024 8:00:00 CH,,293446.5,16.8,17.1
3017,21:00:00,05/05/2024 9:00:00 CH,,293458.1,11.6,12.0
3018,22:00:00,05/05/2024 10:00:00 CH,,293467.4,9.3,9.6
3019,23:00:00,05/05/2024 11:00:00 CH,,293475.8,8.4,8.4
3020,00:00:00,06/05/2024 12:00:00 SA,,293480.1,4.3,4.4
3021,01:00:00,06/05/2024 1:00:00 SA,,293482.4,2.3,2.3
3022,02:00:00,06/05/2024 2:00:00 SA,,293484.2,1.8,1.6
3023,03:00:00,06/05/2024 3:00:00 SA,,293485.8,1.6,1.6
3024,04:00:00,06/05/2024 4:00:00 SA,,293487.4,1.6,1.5
3025,05:00:00,06/05/2024 5:00:00 SA,,293489.5,2.1,1.9
3026,06:00:00,06/05/2024 6:00:00 SA,,293495.8,6.3,5.9
3027,07:00:00,06/05/2024 7:00:00 SA,,293504.8,9.0,8.8
3028,08:00:00,06/05/2024 8:00:00 SA,,293514.4,9.6,10.0
3029,09:00:00,06/05/2024 9:00:00 SA,,293523.0,8.6,8.1
3030,10:00:00,06/05/2024 10:00:00 SA,,293529.8,6.8,6.6
3031,11:00:00,06/05/2024 11:00:00 SA,,293537.4,7.6,7.9
3032,12:00:00,06/05/2024 12:00:00 CH,,293547.2,9.8,10.0
3033,13:00:00,06/05/2024 1:00:00 CH,,293554.2,7.0,7.3
3034,14:00:00,06/05/2024 2:00:00 CH,,293559.9,5.7,5.6
3035,15:00:00,06/05/2024 3:00:00 CH,,293566.5,6.6,6.7
3036,16:00:00,06/05/2024 4:00:00 CH,,293572.0,5.5,5.1
3037,17:00:00,06/05/2024 5:00:00 CH,,293577.6,5.6,5.6
3038,18:00:00,06/05/2024 6:00:00 CH,,293588.4,10.8,10.2
3039,19:00:00,06/05/2024 7:00:00 CH,,293604.1,15.7,15.8
3040,20:00:00,06/05/2024 8:00:00 CH,,293618.3,14.2,14.2
3041,21:00:00,06/05/2024 9:00:00 CH,,293629.8,11.5,12.2
3042,22:00:00,06/05/2024 10:00:00 CH,,293640.6,10.8,10.5
3043,23:00:00,06/05/2024 11:00:00 CH,,293649.1,8.5,9.0
3044,00:00:00,07/05/2024 12:00:00 SA,,293652.5,3.4,3.1
3045,01:00:00,07/05/2024 1:00:00 SA,,293656.0,3.5,3.4
3046,02:00:00,07/05/2024 2:00:00 SA,,293657.3,1.3,1.4
3047,03:00:00,07/05/2024 3:00:00 SA,,293658.4,1.1,1.0
3048,04:00:00,07/05/2024 4:00:00 SA,,293659.4,1.0,1.2
3049,05:00:00,07/05/2024 5:00:00 SA,,293661.5,2.1,1.6
3050,06:00:00,07/05/2024 6:00:00 SA,,293667.6,6.1,5.6
3051,07:00:00,07/05/2024 7:00:00 SA,,293679.3,11.7,12.0
3052,08:00:00,07/05/2024 8:00:00 SA,,293690.0,10.7,10.9
3053,09:00:00,07/05/2024 9:00:00 SA,,293696.5,6.5,7.0
3054,10:00:00,07/05/2024 10:00:00 SA,,293703.1,6.6,6.8
3055,11:00:00,07/05/2024 11:00:00 SA,,293709.3,6.2,6.3
3056,12:00:00,07/05/2024 12:00:00 CH,,293717.0,7.7,8.1
3057,13:00:00,07/05/2024 1:00:00 CH,,293723.2,6.2,5.7
3058,14:00:00,07/05/2024 2:00:00 CH,,293728.6,5.4,4.8
3059,15:00:00,07/05/2024 3:00:00 CH,,293736.1,7.5,7.0
3060,16:00:00,07/05/2024 4:00:00 CH,,293743.8,7.7,8.2
3061,17:00:00,07/05/2024 5:00:00 CH,,293750.4,6.6,6.4
3062,18:00:00,07/05/2024 6:00:00 CH,,293762.3,11.9,11.9
3063,19:00:00,07/05/2024 7:00:00 CH,,293778.9,16.6,16.3
3064,20:00:00,07/05/2024 8:00:00 CH,,293792.4,13.5,13.2
3065,21:00:00,07/05/2024 9:00:00 CH,,293805.4,13.0,13.3
3066,22:00:00,07/05/2024 10:00:00 CH,,293815.7,10.3,10.2
3067,23:00:00,07/05/2024 11:00:00 CH,,293825.2,9.5,8.8
3068,00:00:00,08/05/2024 12:00:00 SA,,293829.4,4.2,3.9
3069,01:00:00,08/05/2024 1:00:00 SA,,293831.3,1.9,2.0
3070,02:00:00,08/05/2024 2:00:00 SA,,293832.6,1.3,1.2
3071,03:00:00,08/05/2024 3:00:00 SA,,293833.8,1.2,1.1
3072,04:00:00,08/05/2024 4:00:00 SA,,293834.9,1.1,1.3
3073,05:00:00,08/05/2024 5:00:00 SA,,293836.8,1.9,1.7
3074,06:00:00,08/05/2024 6:00:00 SA,,293843.6,6.8,6.3
3075,07:00:00,08/05/2024 7:00:00 SA,,293854.3,10.7,10.4
3076,08:00:00,08/05/2024 8:00:00 SA,,293865.3,11.0,11.4
3077,09:00:00,08/05/2024 9:00:00 SA,,293872.6,7.3,6.7
3078,10:00:00,08/05/2024 10:00:00 SA,,293878.8,6.2,5.9
3079,11:00:00,08/05/2024 11:00:00 SA,,293886.3,7.5,7.1
3080,12:00:00,08/05/2024 12:00:00 CH,,293893.9,7.6,7.7
3081,13:00:00,08/05/2024 1:00:00 CH,,293900.2,6.3,6.5
3082,14:00:00,08/05/2024 2:00:00 CH,,293905.8,5.6,4.9
3083,15:00:00,08/05/2024 3:00:00 CH,,293912.8,7.0,7.0
3084,16:00:00,08/05/2024 4:00:00 CH,,293919.1,6.3,6.3
3085,17:00:00,08/05/2024 5:00:00 CH,,293925.6,6.5,5.7
3086,18:00:00,08/05/2024 6:00:00 CH,,293939.1,13.5,12.9
3087,19:00:00,08/05/2024 7:00:00 CH,,293956.6,17.5,17.1
3088,20:00:00,08/05/2024 8:00:00 CH,,293971.9,15.3,15.1
3089,21:00:00,08/05/2024 9:00:00 CH,,293984.0,12.1,12.2
3090,22:00:00,08/05/2024 10:00:00 CH,,293994.0,10.0,10.3
3091,23:00:00,08/05/2024 11:00:00 CH,,294003.2,9.2,9.6
3092,00:00:00,09/05/2024 12:00:00 SA,,294006.6,3.4,3.5
3093,01:00:00,09/05/2024 1:00:00 SA,,294008.7,2.1,2.1
3094,02:00:00,09/05/2024 2:00:00 SA,,294010.2,1.5,1.3
3095,03:00:00,09/05/2024 3:00:00 SA,,294011.6,1.4,1.2
3096,04:00:00,09/05/2024 4:00:00 SA,,294013.1,1.5,1.4
3097,05:00:00,09/05/2024 5:00:00 SA,,294015.5,2.4,2.4
3098,06:00:00,09/05/2024 6:00:00 SA,,294021.6,6.1,5.5
3099,07:00:00,09/05/2024 7:00:00 SA,,294032.7,11.1,10.8
3100,08:00:00,09/05/2024 8:00:00 SA,,294047.2,14.5,14.4
3101,09:00:00,09/05/2024 9:00:00 SA,,294056.6,9.4,8.9
3102,10:00:00,09/05/2024 10:00:00 SA,,294064.2,7.6,7.6
3103,11:00:00,09/05/2024 11:00:00 SA,,294072.8,8.6,8.2
3104,12:00:00,09/05/2024 12:00:00 CH,,294081.1,8.3,9.3
3105,13:00:00,09/05/2024 1:00:00 CH,,294089.5,8.4,7.7
3106,14:00:00,09/05/2024 2:00:00 CH,,294097.2,7.7,7.5
3107,15:00:00,09/05/2024 3:00:00 CH,,294107.5,10.3,10.3
3108,16:00:00,09/05/2024 4:00:00 CH,,294114.3,6.8,6.7
3109,17:00:00,09/05/2024 5:00:00 CH,,294121.5,7.2,7.8
3110,18:00:00,09/05/2024 6:00:00 CH,,294133.8,12.3,11.3
3111,19:00:00,09/05/2024 7:00:00 CH,,294149.7,15.9,15.5
3112,20:00:00,09/05/2024 8:00:00 CH,,294164.5,14.8,14.8
3113,21:00:00,09/05/2024 9:00:00 CH,,294176.2,11.7,12.8
3114,22:00:00,09/05/2024 10:00:00 CH,,294187.1,10.9,10.5
3115,23:00:00,09/05/2024 11:00:00 CH,,294197.1,10.0,10.8
3116,00:00:00,10/05/2024 12:00:00 SA,,294200.8,3.7,3.8
3117,01:00:00,10/05/2024 1:00:00 SA,,294203.5,2.7,2.9
3118,02:00:00,10/05/2024 2:00:00 SA,,294205.9,2.4,2.2
3119,03:00:00,10/05/2024 3:00:00 SA,,294208.6,2.7,2.7
3120,04:00:00,10/05/2024 4:00:00 SA,,294210.4,1.8,1.6
3121,05:00:00,10/05/2024 5:00:00 SA,,294212.6,2.2,2.0
3122,06:00:00,10/05/2024 6:00:00 SA,,294218.2,5.6,5.5
3123,07:00:00,10/05/2024 7:00:00 SA,,294229.2,11.0,11.1
3124,08:00:00,10/05/2024 8:00:00 SA,,294238.2,9.0,9.4
3125,09:00:00,10/05/2024 9:00:00 SA,,294250.1,11.9,10.9
3126,10:00:00,10/05/2024 10:00:00 SA,,294257.7,7.6,7.6
3127,11:00:00,10/05/2024 11:00:00 SA,,294264.6,6.9,7.4
3128,12:00:00,10/05/2024 12:00:00 CH,,294271.5,6.9,6.1
3129,13:00:00,10/05/2024 1:00:00 CH,,294277.9,6.4,6.5
3130,14:00:00,10/05/2024 2:00:00 CH,,294285.1,7.2,7.0
3131,15:00:00,10/05/2024 3:00:00 CH,,294292.9,7.8,7.5
3132,16:00:00,10/05/2024 4:00:00 CH,,294299.3,6.4,6.1
3133,17:00:00,10/05/2024 5:00:00 CH,,294306.4,7.1,6.6
3134,18:00:00,10/05/2024 6:00:00 CH,,294320.1,13.7,13.3
3135,19:00:00,10/05/2024 7:00:00 CH,,294337.5,17.4,17.4
3136,20:00:00,10/05/2024 8:00:00 CH,,294353.2,15.7,16.0
3137,21:00:00,10/05/2024 9:00:00 CH,,294363.4,10.2,10.3
3138,22:00:00,10/05/2024 10:00:00 CH,,294372.4,9.0,8.7
3139,23:00:00,10/05/2024 11:00:00 CH,,294382.2,9.8,9.9
3140,00:00:00,11/05/2024 12:00:00 SA,,294386.0,3.8,3.9
3141,01:00:00,11/05/2024 1:00:00 SA,,294387.9,1.9,1.6
3142,02:00:00,11/05/2024 2:00:00 SA,,294389.5,1.6,1.4
3143,03:00:00,11/05/2024 3:00:00 SA,,294391.0,1.5,1.4
3144,04:00:00,11/05/2024 4:00:00 SA,,294392.8,1.8,1.7
3145,05:00:00,11/05/2024 5:00:00 SA,,294395.2,2.4,2.2
3146,06:00:00,11/05/2024 6:00:00 SA,,294400.8,5.6,5.1
3147,07:00:00,11/05/2024 7:00:00 SA,,294411.8,11.0,11.1
3148,08:00:00,11/05/2024 8:00:00 SA,,294422.5,10.7,9.8
3149,09:00:00,11/05/2024 9:00:00 SA,,294434.8,12.3,12.0
3150,10:00:00,11/05/2024 10:00:00 SA,,294445.1,10.3,10.5
3151,11:00:00,11/05/2024 11:00:00 SA,,294454.7,9.6,10.5
3152,12:00:00,11/05/2024 12:00:00 CH,,294463.3,8.6,8.8
3153,13:00:00,11/05/2024 1:00:00 CH,,294473.0,9.7,8.9
3154,14:00:00,11/05/2024 2:00:00 CH,,294480.6,7.6,7.4
3155,15:00:00,11/05/2024 3:00:00 CH,,294488.5,7.9,8.0
3156,16:00:00,11/05/2024 4:00:00 CH,,294499.0,10.5,10.6
3157,17:00:00,11/05/2024 5:00:00 CH,,294507.6,8.6,8.4
3158,18:00:00,11/05/2024 6:00:00 CH,,294520.2,12.6,12.3
3159,19:00:00,11/05/2024 7:00:00 CH,,294537.1,16.9,16.0
3160,20:00:00,11/05/2024 8:00:00 CH,,294551.8,14.7,15.0
3161,21:00:00,11/05/2024 9:00:00 CH,,294561.9,10.1,10.8
3162,22:00:00,11/05/2024 10:00:00 CH,,294571.1,9.2,9.0
3163,23:00:00,11/05/2024 11:00:00 CH,,294579.5,8.4,8.7
3164,00:00:00,12/05/2024 12:00:00 SA,,294585.0,5.5,5.9
3165,01:00:00,12/05/2024 1:00:00 SA,,294589.5,4.5,4.5
3166,02:00:00,12/05/2024 2:00:00 SA,,294592.3,2.8,2.6
3167,03:00:00,12/05/2024 3:00:00 SA,,294595.9,3.6,3.4
3168,04:00:00,12/05/2024 4:00:00 SA,,294598.1,2.2,2.1
3169,05:00:00,12/05/2024 5:00:00 SA,,294600.5,2.4,2.2
3170,06:00:00,12/05/2024 6:00:00 SA,,294607.8,7.3,6.7
3171,07:00:00,12/05/2024 7:00:00 SA,,294617.9,10.1,10.0
3172,08:00:00,12/05/2024 8:00:00 SA,,294631.8,13.9,13.6
3173,09:00:00,12/05/2024 9:00:00 SA,,294644.4,12.6,13.7
3174,10:00:00,12/05/2024 10:00:00 SA,,294655.3,10.9,10.6
3175,11:00:00,12/05/2024 11:00:00 SA,,294665.8,10.5,10.3
3176,12:00:00,12/05/2024 12:00:00 CH,,294675.4,9.6,9.9
3177,13:00:00,12/05/2024 1:00:00 CH,,294682.4,7.0,7.1
3178,14:00:00,12/05/2024 2:00:00 CH,,294689.9,7.5,7.1
3179,15:00:00,12/05/2024 3:00:00 CH,,294697.2,7.3,7.6
3180,16:00:00,12/05/2024 4:00:00 CH,,294707.2,10.0,10.6
3181,17:00:00,12/05/2024 5:00:00 CH,,294718.9,11.7,12.3
3182,18:00:00,12/05/2024 6:00:00 CH,,294731.8,12.9,12.6
3183,19:00:00,12/05/2024 7:00:00 CH,,294747.6,15.8,15.5
3184,20:00:00,12/05/2024 8:00:00 CH,,294761.6,14.0,14.1
3185,21:00:00,12/05/2024 9:00:00 CH,,294774.4,12.8,13.3
3186,22:00:00,12/05/2024 10:00:00 CH,,294784.5,10.1,10.1
3187,23:00:00,12/05/2024 11:00:00 CH,,294793.7,9.2,9.1
3188,00:00:00,13/05/2024 12:00:00 SA,,294799.4,5.7,5.2
3189,01:00:00,13/05/2024 1:00:00 SA,,294802.8,3.4,3.9
3190,02:00:00,13/05/2024 2:00:00 SA,,294806.6,3.8,3.8
3191,03:00:00,13/05/2024 3:00:00 SA,,294809.0,2.4,2.3
3192,04:00:00,13/05/2024 4:00:00 SA,,294812.1,3.1,3.1
3193,05:00:00,13/05/2024 5:00:00 SA,,294815.7,3.6,3.2
3194,06:00:00,13/05/2024 6:00:00 SA,,294822.8,7.1,6.0
3195,07:00:00,13/05/2024 7:00:00 SA,,294835.8,13.0,12.9
3196,08:00:00,13/05/2024 8:00:00 SA,,294846.0,10.2,10.4
3197,09:00:00,13/05/2024 9:00:00 SA,,294855.0,9.0,9.4
3198,10:00:00,13/05/2024 10:00:00 SA,,294862.5,7.5,7.4
3199,11:00:00,13/05/2024 11:00:00 SA,,294870.3,7.8,7.1
3200,12:00:00,13/05/2024 12:00:00 CH,,294877.9,7.6,6.7
3201,13:00:00,13/05/2024 1:00:00 CH,,294884.3,6.4,6.3
3202,14:00:00,13/05/2024 2:00:00 CH,,294893.5,9.2,9.6
3203,15:00:00,13/05/2024 3:00:00 CH,,294900.6,7.1,7.0
3204,16:00:00,13/05/2024 4:00:00 CH,,294908.5,7.9,8.3
3205,17:00:00,13/05/2024 5:00:00 CH,,294914.7,6.2,6.7
3206,18:00:00,13/05/2024 6:00:00 CH,,294927.0,12.3,10.6
3207,19:00:00,13/05/2024 7:00:00 CH,,294945.1,18.1,16.7
3208,20:00:00,13/05/2024 8:00:00 CH,,294959.7,14.6,14.2
3209,21:00:00,13/05/2024 9:00:00 CH,,294972.2,12.5,11.6
3210,22:00:00,13/05/2024 10:00:00 CH,,294981.9,9.7,9.6
3211,23:00:00,13/05/2024 11:00:00 CH,,294991.6,9.7,10.2
3212,00:00:00,14/05/2024 12:00:00 SA,,294997.1,5.5,5.5
3213,01:00:00,14/05/2024 1:00:00 SA,,295000.0,2.9,3.0
3214,02:00:00,14/05/2024 2:00:00 SA,,295003.5,3.5,3.8
3215,03:00:00,14/05/2024 3:00:00 SA,,295006.5,3.0,2.8
3216,04:00:00,14/05/2024 4:00:00 SA,,295008.6,2.1,2.0
3217,05:00:00,14/05/2024 5:00:00 SA,,295011.3,2.7,2.5
3218,06:00:00,14/05/2024 6:00:00 SA,,295019.4,8.1,8.4
3219,07:00:00,14/05/2024 7:00:00 SA,,295032.2,12.8,12.6
3220,08:00:00,14/05/2024 8:00:00 SA,,295043.6,11.4,11.7
3221,09:00:00,14/05/2024 9:00:00 SA,,295052.2,8.6,8.7
3222,10:00:00,14/05/2024 10:00:00 SA,,295060.7,8.5,8.4
3223,11:00:00,14/05/2024 11:00:00 SA,,295070.4,9.7,9.7
3224,12:00:00,14/05/2024 12:00:00 CH,,295078.4,8.0,8.0
3225,13:00:00,14/05/2024 1:00:00 CH,,295084.6,6.2,5.3
3226,14:00:00,14/05/2024 2:00:00 CH,,295090.5,5.9,6.1
3227,15:00:00,14/05/2024 3:00:00 CH,,295097.4,6.9,6.4
3228,16:00:00,14/05/2024 4:00:00 CH,,295103.7,6.3,6.0
3229,17:00:00,14/05/2024 5:00:00 CH,,295110.0,6.3,6.0
3230,18:00:00,14/05/2024 6:00:00 CH,,295121.8,11.8,12.3
3231,19:00:00,14/05/2024 7:00:00 CH,,295136.6,14.8,15.2
3232,20:00:00,14/05/2024 8:00:00 CH,,295152.1,15.5,15.7
3233,21:00:00,14/05/2024 9:00:00 CH,,295164.0,11.9,11.7
3234,22:00:00,14/05/2024 10:00:00 CH,,295173.7,9.7,9.6
3235,23:00:00,14/05/2024 11:00:00 CH,,295181.3,7.6,7.7
3236,00:00:00,15/05/2024 12:00:00 SA,,295187.9,6.6,6.4
3237,01:00:00,15/05/2024 1:00:00 SA,,295190.6,2.7,2.9
3238,02:00:00,15/05/2024 2:00:00 SA,,295193.5,2.9,3.2
3239,03:00:00,15/05/2024 3:00:00 SA,,295195.7,2.2,2.1
3240,04:00:00,15/05/2024 4:00:00 SA,,295198.1,2.4,2.5
3241,05:00:00,15/05/2024 5:00:00 SA,,295200.3,2.2,2.2
3242,06:00:00,15/05/2024 6:00:00 SA,,295208.4,8.1,7.9
3243,07:00:00,15/05/2024 7:00:00 SA,,295219.6,11.2,11.4
3244,08:00:00,15/05/2024 8:00:00 SA,,295231.1,11.5,11.5
3245,09:00:00,15/05/2024 9:00:00 SA,,295240.7,9.6,9.6
3246,10:00:00,15/05/2024 10:00:00 SA,,295250.6,9.9,10.2
3247,11:00:00,15/05/2024 11:00:00 SA,,295259.2,8.6,8.7
3248,12:00:00,15/05/2024 12:00:00 CH,,295265.9,6.7,6.7
3249,13:00:00,15/05/2024 1:00:00 CH,,295272.0,6.1,6.3
3250,14:00:00,15/05/2024 2:00:00 CH,,295278.3,6.3,6.1
3251,15:00:00,15/05/2024 3:00:00 CH,,295285.5,7.2,6.7
3252,16:00:00,15/05/2024 4:00:00 CH,,295292.8,7.3,7.1
3253,17:00:00,15/05/2024 5:00:00 CH,,295300.0,7.2,6.7
3254,18:00:00,15/05/2024 6:00:00 CH,,295311.2,11.2,11.7
3255,19:00:00,15/05/2024 7:00:00 CH,,295327.4,16.2,16.5
3256,20:00:00,15/05/2024 8:00:00 CH,,295343.6,16.2,15.9
3257,21:00:00,15/05/2024 9:00:00 CH,,295356.2,12.6,13.0
3258,22:00:00,15/05/2024 10:00:00 CH,,295366.9,10.7,9.9
3259,23:00:00,15/05/2024 11:00:00 CH,,295375.2,8.3,9.2
3260,00:00:00,16/05/2024 12:00:00 SA,,295380.7,5.5,5.9
3261,01:00:00,16/05/2024 1:00:00 SA,,295382.8,2.1,2.2
3262,02:00:00,16/05/2024 2:00:00 SA,,295386.1,3.3,3.3
3263,03:00:00,16/05/2024 3:00:00 SA,,295388.8,2.7,2.3
3264,04:00:00,16/05/2024 4:00:00 SA,,295390.9,2.1,2.4
3265,05:00:00,16/05/2024 5:00:00 SA,,295393.6,2.7,2.7
3266,06:00:00,16/05/2024 6:00:00 SA,,295400.5,6.9,7.0
3267,07:00:00,16/05/2024 7:00:00 SA,,295413.1,12.6,12.5
3268,08:00:00,16/05/2024 8:00:00 SA,,295425.2,12.1,12.0
3269,09:00:00,16/05/2024 9:00:00 SA,,295435.5,10.3,10.2
3270,10:00:00,16/05/2024 10:00:00 SA,,295442.7,7.2,6.6
3271,11:00:00,16/05/2024 11:00:00 SA,,295450.3,7.6,7.6
3272,12:00:00,16/05/2024 12:00:00 CH,,295457.7,7.4,7.6
3273,13:00:00,16/05/2024 1:00:00 CH,,295464.0,6.3,6.1
3274,14:00:00,16/05/2024 2:00:00 CH,,295469.8,5.8,6.0
3275,15:00:00,16/05/2024 3:00:00 CH,,295478.1,8.3,8.4
3276,16:00:00,16/05/2024 4:00:00 CH,,295485.2,7.1,6.4
3277,17:00:00,16/05/2024 5:00:00 CH,,295492.0,6.8,6.5
3278,18:00:00,16/05/2024 6:00:00 CH,,295503.0,11.0,11.4
3279,19:00:00,16/05/2024 7:00:00 CH,,295519.7,16.7,16.2
3280,20:00:00,16/05/2024 8:00:00 CH,,295534.1,14.4,14.9
3281,21:00:00,16/05/2024 9:00:00 CH,,295544.8,10.7,10.5
3282,22:00:00,16/05/2024 10:00:00 CH,,295555.8,11.0,11.3
3283,23:00:00,16/05/2024 11:00:00 CH,,295566.6,10.8,10.5
3284,00:00:00,17/05/2024 12:00:00 SA,,295570.4,3.8,4.1
3285,01:00:00,17/05/2024 1:00:00 SA,,295574.6,4.2,4.0
3286,02:00:00,17/05/2024 2:00:00 SA,,295576.8,2.2,1.9
3287,03:00:00,17/05/2024 3:00:00 SA,,295580.3,3.5,3.8
3288,04:00:00,17/05/2024 4:00:00 SA,,295582.2,1.9,1.7
3289,05:00:00,17/05/2024 5:00:00 SA,,295586.2,4.0,3.8
3290,06:00:00,17/05/2024 6:00:00 SA,,295593.7,7.5,6.7
3291,07:00:00,17/05/2024 7:00:00 SA,,295608.9,15.2,15.8
3292,08:00:00,17/05/2024 8:00:00 SA,,295621.6,12.7,12.8
3293,09:00:00,17/05/2024 9:00:00 SA,,295634.0,12.4,12.3
3294,10:00:00,17/05/2024 10:00:00 SA,,295643.5,9.5,10.1
3295,11:00:00,17/05/2024 11:00:00 SA,,295651.4,7.9,8.0
3296,12:00:00,17/05/2024 12:00:00 CH,,295659.0,7.6,7.2
3297,13:00:00,17/05/2024 1:00:00 CH,,295666.7,7.7,8.0
3298,14:00:00,17/05/2024 2:00:00 CH,,295675.1,8.4,8.3
3299,15:00:00,17/05/2024 3:00:00 CH,,295683.7,8.6,8.2
3300,16:00:00,17/05/2024 4:00:00 CH,,295690.7,7.0,7.4
3301,17:00:00,17/05/2024 5:00:00 CH,,295697.1,6.4,6.3
3302,18:00:00,17/05/2024 6:00:00 CH,,295709.1,12.0,12.3
3303,19:00:00,17/05/2024 7:00:00 CH,,295726.5,17.4,17.1
3304,20:00:00,17/05/2024 8:00:00 CH,,295740.7,14.2,14.8
3305,21:00:00,17/05/2024 9:00:00 CH,,295753.3,12.6,13.4
3306,22:00:00,17/05/2024 10:00:00 CH,,295763.3,10.0,10.0
3307,23:00:00,17/05/2024 11:00:00 CH,,295774.7,11.4,11.2
3308,00:00:00,18/05/2024 12:00:00 SA,,295781.3,6.6,6.4
3309,01:00:00,18/05/2024 1:00:00 SA,,295784.1,2.8,3.0
3310,02:00:00,18/05/2024 2:00:00 SA,,295787.6,3.5,3.4
3311,03:00:00,18/05/2024 3:00:00 SA,,295789.7,2.1,2.3
3312,04:00:00,18/05/2024 4:00:00 SA,,295792.9,3.2,3.1
3313,05:00:00,18/05/2024 5:00:00 SA,,295795.6,2.7,2.4
3314,06:00:00,18/05/2024 6:00:00 SA,,295803.7,8.1,7.6
3315,07:00:00,18/05/2024 7:00:00 SA,,295817.4,13.7,13.5
3316,08:00:00,18/05/2024 8:00:00 SA,,295832.7,15.3,15.1
3317,09:00:00,18/05/2024 9:00:00 SA,,295845.5,12.8,13.3
3318,10:00:00,18/05/2024 10:00:00 SA,,295857.9,12.4,12.5
3319,11:00:00,18/05/2024 11:00:00 SA,,295867.0,9.1,10.1
3320,12:00:00,18/05/2024 12:00:00 CH,,295874.6,7.6,7.3
3321,13:00:00,18/05/2024 1:00:00 CH,,295882.3,7.7,8.2
3322,14:00:00,18/05/2024 2:00:00 CH,,295888.8,6.5,6.1
3323,15:00:00,18/05/2024 3:00:00 CH,,295897.8,9.0,9.3
3324,16:00:00,18/05/2024 4:00:00 CH,,295905.0,7.2,6.6
3325,17:00:00,18/05/2024 5:00:00 CH,,295915.0,10.0,10.0
3326,18:00:00,18/05/2024 6:00:00 CH,,295927.8,12.8,11.8
3327,19:00:00,18/05/2024 7:00:00 CH,,295944.1,16.3,15.9
3328,20:00:00,18/05/2024 8:00:00 CH,,295958.1,14.0,13.9
3329,21:00:00,18/05/2024 9:00:00 CH,,295970.0,11.9,11.6
3330,22:00:00,18/05/2024 10:00:00 CH,,295979.5,9.5,9.4
3331,23:00:00,18/05/2024 11:00:00 CH,,295988.5,9.0,9.0
3332,00:00:00,19/05/2024 12:00:00 SA,,295993.2,4.7,4.6
3333,01:00:00,19/05/2024 1:00:00 SA,,295997.0,3.8,3.8
3334,02:00:00,19/05/2024 2:00:00 SA,,296000.2,3.2,2.9
3335,03:00:00,19/05/2024 3:00:00 SA,,296003.3,3.1,3.4
3336,04:00:00,19/05/2024 4:00:00 SA,,296006.0,2.7,2.7
3337,05:00:00,19/05/2024 5:00:00 SA,,296008.6,2.6,2.5
3338,06:00:00,19/05/2024 6:00:00 SA,,296013.1,4.5,4.4
3339,07:00:00,19/05/2024 7:00:00 SA,,296021.6,8.5,8.4
3340,08:00:00,19/05/2024 8:00:00 SA,,296032.9,11.3,11.5
3341,09:00:00,19/05/2024 9:00:00 SA,,296043.1,10.2,9.9
3342,10:00:00,19/05/2024 10:00:00 SA,,296053.9,10.8,10.5
3343,11:00:00,19/05/2024 11:00:00 SA,,296063.2,9.3,12.1
3344,12:00:00,19/05/2024 12:00:00 CH,,296072.3,9.1,8.9
3345,13:00:00,19/05/2024 1:00:00 CH,,296082.1,9.8,9.8
3346,14:00:00,19/05/2024 2:00:00 CH,,296087.5,5.4,5.3
3347,15:00:00,19/05/2024 3:00:00 CH,,296094.4,6.9,6.2
3348,16:00:00,19/05/2024 4:00:00 CH,,296102.8,8.4,9.1
3349,17:00:00,19/05/2024 5:00:00 CH,,296113.4,10.6,10.6
3350,18:00:00,19/05/2024 6:00:00 CH,,296125.0,11.6,16.5
3351,19:00:00,19/05/2024 7:00:00 CH,,296127.2,2.2,7.7
3352,20:00:00,19/05/2024 8:00:00 CH,,296134.9,7.7,6.8
3353,21:00:00,19/05/2024 9:00:00 CH,,296155.1,20.2,20.6
3354,22:00:00,19/05/2024 10:00:00 CH,,296167.6,12.5,12.2
3355,23:00:00,19/05/2024 11:00:00 CH,,296175.8,8.2,8.1
3356,00:00:00,20/05/2024 12:00:00 SA,,296184.3,8.5,7.5
3357,01:00:00,20/05/2024 1:00:00 SA,,296188.0,3.7,3.7
3358,02:00:00,20/05/2024 2:00:00 SA,,296191.7,3.7,3.4
3359,03:00:00,20/05/2024 3:00:00 SA,,296194.6,2.9,2.9
3360,04:00:00,20/05/2024 4:00:00 SA,,296197.6,3.0,2.8
3361,05:00:00,20/05/2024 5:00:00 SA,,296201.3,3.7,3.9
3362,06:00:00,20/05/2024 6:00:00 SA,,296211.2,9.9,9.4
3363,07:00:00,20/05/2024 7:00:00 SA,,296224.1,12.9,13.4
3364,08:00:00,20/05/2024 8:00:00 SA,,296236.9,12.8,12.3
3365,09:00:00,20/05/2024 9:00:00 SA,,296250.2,13.3,13.7
3366,10:00:00,20/05/2024 10:00:00 SA,,296259.3,9.1,9.1
3367,11:00:00,20/05/2024 11:00:00 SA,,296268.4,9.1,9.3
3368,12:00:00,20/05/2024 12:00:00 CH,,296277.2,8.8,10.0
3369,13:00:00,20/05/2024 1:00:00 CH,,296283.7,6.5,6.7
3370,14:00:00,20/05/2024 2:00:00 CH,,296290.2,6.5,6.0
3371,15:00:00,20/05/2024 3:00:00 CH,,296296.0,5.8,5.6
3372,16:00:00,20/05/2024 4:00:00 CH,,296302.3,6.3,5.8
3373,17:00:00,20/05/2024 5:00:00 CH,,296310.4,8.1,8.1
3374,18:00:00,20/05/2024 6:00:00 CH,,296325.1,14.7,14.1
3375,19:00:00,20/05/2024 7:00:00 CH,,296340.7,15.6,14.7
3376,20:00:00,20/05/2024 8:00:00 CH,,296356.3,15.6,16.5
3377,21:00:00,20/05/2024 9:00:00 CH,,296369.2,12.9,13.8
3378,22:00:00,20/05/2024 10:00:00 CH,,296379.1,9.9,10.3
3379,23:00:00,20/05/2024 11:00:00 CH,,296388.8,9.7,10.2
3380,00:00:00,21/05/2024 12:00:00 SA,,296393.1,4.3,4.6
3381,01:00:00,21/05/2024 1:00:00 SA,,296397.3,4.2,3.9
3382,02:00:00,21/05/2024 2:00:00 SA,,296399.5,2.2,2.0
3383,03:00:00,21/05/2024 3:00:00 SA,,296403.3,3.8,3.7
3384,04:00:00,21/05/2024 4:00:00 SA,,296405.3,2.0,1.9
3385,05:00:00,21/05/2024 5:00:00 SA,,296409.3,4.0,3.7
3386,06:00:00,21/05/2024 6:00:00 SA,,296418.1,8.8,8.3
3387,07:00:00,21/05/2024 7:00:00 SA,,296430.1,12.0,11.7
3388,08:00:00,21/05/2024 8:00:00 SA,,296441.5,11.4,11.6
3389,09:00:00,21/05/2024 9:00:00 SA,,296453.8,12.3,11.8
3390,10:00:00,21/05/2024 10:00:00 SA,,296465.5,11.7,11.4
3391,11:00:00,21/05/2024 11:00:00 SA,,296475.4,9.9,10.2
3392,12:00:00,21/05/2024 12:00:00 CH,,296482.9,7.5,7.3
3393,13:00:00,21/05/2024 1:00:00 CH,,296489.5,6.6,6.9
3394,14:00:00,21/05/2024 2:00:00 CH,,296496.9,7.4,7.8
3395,15:00:00,21/05/2024 3:00:00 CH,,296505.1,8.2,7.9
3396,16:00:00,21/05/2024 4:00:00 CH,,296512.9,7.8,8.2
3397,17:00:00,21/05/2024 5:00:00 CH,,296519.1,6.2,6.2
3398,18:00:00,21/05/2024 6:00:00 CH,,296533.0,13.9,13.6
3399,19:00:00,21/05/2024 7:00:00 CH,,296550.0,17.0,18.0
3400,20:00:00,21/05/2024 8:00:00 CH,,296565.2,15.2,14.4
3401,21:00:00,21/05/2024 9:00:00 CH,,296578.8,13.6,13.4
3402,22:00:00,21/05/2024 10:00:00 CH,,296589.7,10.9,11.1
3403,23:00:00,21/05/2024 11:00:00 CH,,296598.7,9.0,8.4
3404,00:00:00,22/05/2024 12:00:00 SA,,296602.9,4.2,4.4
3405,01:00:00,22/05/2024 1:00:00 SA,,296607.4,4.5,4.6
3406,02:00:00,22/05/2024 2:00:00 SA,,296609.6,2.2,2.0
3407,03:00:00,22/05/2024 3:00:00 SA,,296613.1,3.5,3.5
3408,04:00:00,22/05/2024 4:00:00 SA,,296616.2,3.1,3.0
3409,05:00:00,22/05/2024 5:00:00 SA,,296618.9,2.7,2.8
3410,06:00:00,22/05/2024 6:00:00 SA,,296627.2,8.3,8.7
3411,07:00:00,22/05/2024 7:00:00 SA,,296639.1,11.9,11.8
3412,08:00:00,22/05/2024 8:00:00 SA,,296652.9,13.8,13.5
3413,09:00:00,22/05/2024 9:00:00 SA,,296662.8,9.9,10.5
3414,10:00:00,22/05/2024 10:00:00 SA,,296670.9,8.1,8.1
3415,11:00:00,22/05/2024 11:00:00 SA,,296681.1,10.2,10.1
3416,12:00:00,22/05/2024 12:00:00 CH,,296689.4,8.3,8.9
3417,13:00:00,22/05/2024 1:00:00 CH,,296696.4,7.0,7.4
3418,14:00:00,22/05/2024 2:00:00 CH,,296703.5,7.1,6.4
3419,15:00:00,22/05/2024 3:00:00 CH,,296710.7,7.2,7.2
3420,16:00:00,22/05/2024 4:00:00 CH,,296718.7,8.0,8.0
3421,17:00:00,22/05/2024 5:00:00 CH,,296725.6,6.9,6.7
3422,18:00:00,22/05/2024 6:00:00 CH,,296737.7,12.1,11.6
3423,19:00:00,22/05/2024 7:00:00 CH,,296753.1,15.4,14.9
3424,20:00:00,22/05/2024 8:00:00 CH,,296768.3,15.2,14.9
3425,21:00:00,22/05/2024 9:00:00 CH,,296781.3,13.0,13.1
3426,22:00:00,22/05/2024 10:00:00 CH,,296792.3,11.0,10.0
3427,23:00:00,22/05/2024 11:00:00 CH,,296801.8,9.5,9.5
3428,00:00:00,23/05/2024 12:00:00 SA,,296806.3,4.5,4.3
3429,01:00:00,23/05/2024 1:00:00 SA,,296810.3,4.0,4.0
3430,02:00:00,23/05/2024 2:00:00 SA,,296813.9,3.6,3.5
3431,03:00:00,23/05/2024 3:00:00 SA,,296815.9,2.0,1.7
3432,04:00:00,23/05/2024 4:00:00 SA,,296819.1,3.2,3.2
3433,05:00:00,23/05/2024 5:00:00 SA,,296822.4,3.3,2.9
3434,06:00:00,23/05/2024 6:00:00 SA,,296831.2,8.8,8.2
3435,07:00:00,23/05/2024 7:00:00 SA,,296843.8,12.6,12.2
3436,08:00:00,23/05/2024 8:00:00 SA,,296855.8,12.0,11.8
3437,09:00:00,23/05/2024 9:00:00 SA,,296865.9,10.1,10.4
3438,10:00:00,23/05/2024 10:00:00 SA,,296872.9,7.0,6.6
3439,11:00:00,23/05/2024 11:00:00 SA,,296880.4,7.5,7.2
3440,12:00:00,23/05/2024 12:00:00 CH,,296888.1,7.7,7.2
3441,13:00:00,23/05/2024 1:00:00 CH,,296894.4,6.3,6.7
3442,14:00:00,23/05/2024 2:00:00 CH,,296901.7,7.3,7.1
3443,15:00:00,23/05/2024 3:00:00 CH,,296908.6,6.9,6.8
3444,16:00:00,23/05/2024 4:00:00 CH,,296915.0,6.4,6.6
3445,17:00:00,23/05/2024 5:00:00 CH,,296922.7,7.7,7.8
3446,18:00:00,23/05/2024 6:00:00 CH,,296934.9,12.2,11.9
3447,19:00:00,23/05/2024 7:00:00 CH,,296951.2,16.3,16.4
3448,20:00:00,23/05/2024 8:00:00 CH,,296966.6,15.4,15.6
3449,21:00:00,23/05/2024 9:00:00 CH,,296978.5,11.9,12.6
3450,22:00:00,23/05/2024 10:00:00 CH,,296990.0,11.5,11.1
3451,23:00:00,23/05/2024 11:00:00 CH,,297000.9,10.9,11.2
3452,00:00:00,24/05/2024 12:00:00 SA,,297006.4,5.5,5.4
3453,01:00:00,24/05/2024 1:00:00 SA,,297009.8,3.4,3.4
3454,02:00:00,24/05/2024 2:00:00 SA,,297013.4,3.6,3.5
3455,03:00:00,24/05/2024 3:00:00 SA,,297016.4,3.0,2.7
3456,04:00:00,24/05/2024 4:00:00 SA,,297018.2,1.8,1.9
3457,05:00:00,24/05/2024 5:00:00 SA,,297021.6,3.4,3.2
3458,06:00:00,24/05/2024 6:00:00 SA,,297029.1,7.5,7.1
3459,07:00:00,24/05/2024 7:00:00 SA,,297042.2,13.1,13.0
3460,08:00:00,24/05/2024 8:00:00 SA,,297054.3,12.1,12.0
3461,09:00:00,24/05/2024 9:00:00 SA,,297063.8,9.5,10.0
3462,10:00:00,24/05/2024 10:00:00 SA,,297073.0,9.2,9.2
3463,11:00:00,24/05/2024 11:00:00 SA,,297082.0,9.0,9.1
3464,12:00:00,24/05/2024 12:00:00 CH,,297090.8,8.8,8.5
3465,13:00:00,24/05/2024 1:00:00 CH,,297098.6,7.8,7.9
3466,14:00:00,24/05/2024 2:00:00 CH,,297107.3,8.7,8.3
3467,15:00:00,24/05/2024 3:00:00 CH,,297114.7,7.4,7.4
3468,16:00:00,24/05/2024 4:00:00 CH,,297120.7,6.0,5.7
3469,17:00:00,24/05/2024 5:00:00 CH,,297128.2,7.5,7.6
3470,18:00:00,24/05/2024 6:00:00 CH,,297139.0,10.8,10.2
3471,19:00:00,24/05/2024 7:00:00 CH,,297154.5,15.5,15.3
3472,20:00:00,24/05/2024 8:00:00 CH,,297168.9,14.4,14.7
3473,21:00:00,24/05/2024 9:00:00 CH,,297180.4,11.5,12.2
3474,22:00:00,24/05/2024 10:00:00 CH,,297191.3,10.9,11.2
3475,23:00:00,24/05/2024 11:00:00 CH,,297200.5,9.2,8.8
3476,00:00:00,25/05/2024 12:00:00 SA,,297205.9,5.4,5.5
3477,01:00:00,25/05/2024 1:00:00 SA,,297209.4,3.5,3.5
3478,02:00:00,25/05/2024 2:00:00 SA,,297213.6,4.2,4.2
3479,03:00:00,25/05/2024 3:00:00 SA,,297216.4,2.8,2.6
3480,04:00:00,25/05/2024 4:00:00 SA,,297219.8,3.4,3.5
3481,05:00:00,25/05/2024 5:00:00 SA,,297224.0,4.2,4.3
3482,06:00:00,25/05/2024 6:00:00 SA,,297229.5,5.5,5.4
3483,07:00:00,25/05/2024 7:00:00 SA,,297242.2,12.7,11.4
3484,08:00:00,25/05/2024 8:00:00 SA,,297254.9,12.7,13.4
3485,09:00:00,25/05/2024 9:00:00 SA,,297268.1,13.2,12.6
3486,10:00:00,25/05/2024 10:00:00 SA,,297278.8,10.7,10.6
3487,11:00:00,25/05/2024 11:00:00 SA,,297287.9,9.1,9.3
3488,12:00:00,25/05/2024 12:00:00 CH,,297296.9,9.0,8.7
3489,13:00:00,25/05/2024 1:00:00 CH,,297305.3,8.4,8.6
3490,14:00:00,25/05/2024 2:00:00 CH,,297311.8,6.5,5.8
3491,15:00:00,25/05/2024 3:00:00 CH,,297319.2,7.4,7.2
3492,16:00:00,25/05/2024 4:00:00 CH,,297326.2,7.0,6.5
3493,17:00:00,25/05/2024 5:00:00 CH,,297334.6,8.4,8.1
3494,18:00:00,25/05/2024 6:00:00 CH,,297346.5,11.9,12.8
3495,19:00:00,25/05/2024 7:00:00 CH,,297362.9,16.4,16.0
3496,20:00:00,25/05/2024 8:00:00 CH,,297377.1,14.2,14.3
3497,21:00:00,25/05/2024 9:00:00 CH,,297387.2,10.1,10.7
3498,22:00:00,25/05/2024 10:00:00 CH,,297396.7,9.5,9.7
3499,23:00:00,25/05/2024 11:00:00 CH,,297406.0,9.3,8.7
3500,00:00:00,26/05/2024 12:00:00 SA,,297411.6,5.6,5.8
3501,01:00:00,26/05/2024 1:00:00 SA,,297416.0,4.4,4.6
3502,02:00:00,26/05/2024 2:00:00 SA,,297420.7,4.7,4.8
3503,03:00:00,26/05/2024 3:00:00 SA,,297423.4,2.7,2.6
3504,04:00:00,26/05/2024 4:00:00 SA,,297427.3,3.9,4.0
3505,05:00:00,26/05/2024 5:00:00 SA,,297431.3,4.0,4.1
3506,06:00:00,26/05/2024 6:00:00 SA,,297435.9,4.6,4.8
3507,07:00:00,26/05/2024 7:00:00 SA,,297446.4,10.5,11.1
3508,08:00:00,26/05/2024 8:00:00 SA,,297458.8,12.4,13.0
3509,09:00:00,26/05/2024 9:00:00 SA,,297470.4,11.6,10.8
3510,10:00:00,26/05/2024 10:00:00 SA,,297481.7,11.3,10.6
3511,11:00:00,26/05/2024 11:00:00 SA,,297492.5,10.8,11.4
3512,12:00:00,26/05/2024 12:00:00 CH,,297502.3,9.8,10.1
3513,13:00:00,26/05/2024 1:00:00 CH,,297511.1,8.8,9.9
3514,14:00:00,26/05/2024 2:00:00 CH,,297517.5,6.4,6.7
3515,15:00:00,26/05/2024 3:00:00 CH,,297525.4,7.9,8.4
3516,16:00:00,26/05/2024 4:00:00 CH,,297538.1,12.7,12.4
3517,17:00:00,26/05/2024 5:00:00 CH,,297550.7,12.6,11.8
3518,18:00:00,26/05/2024 6:00:00 CH,,297564.4,13.7,13.4
3519,19:00:00,26/05/2024 7:00:00 CH,,297582.6,18.2,17.3
3520,20:00:00,26/05/2024 8:00:00 CH,,297597.7,15.1,15.3
3521,21:00:00,26/05/2024 9:00:00 CH,,297611.2,13.5,13.2
3522,22:00:00,26/05/2024 10:00:00 CH,,297621.8,10.6,10.5
3523,23:00:00,26/05/2024 11:00:00 CH,,297631.9,10.1,10.0
3524,00:00:00,27/05/2024 12:00:00 SA,,297638.1,6.2,6.3
3525,01:00:00,27/05/2024 1:00:00 SA,,297645.1,7.0,7.0
3526,02:00:00,27/05/2024 2:00:00 SA,,297650.4,5.3,5.3
3527,03:00:00,27/05/2024 3:00:00 SA,,297653.1,2.7,2.7
3528,04:00:00,27/05/2024 4:00:00 SA,,297656.9,3.8,3.4
3529,05:00:00,27/05/2024 5:00:00 SA,,297660.0,3.1,3.2
3530,06:00:00,27/05/2024 6:00:00 SA,,297669.0,9.0,8.2
3531,07:00:00,27/05/2024 7:00:00 SA,,297680.1,11.1,11.5
3532,08:00:00,27/05/2024 8:00:00 SA,,297694.2,14.1,13.4
3533,09:00:00,27/05/2024 9:00:00 SA,,297706.5,12.3,12.5
3534,10:00:00,27/05/2024 10:00:00 SA,,297718.7,12.2,13.0
3535,11:00:00,27/05/2024 11:00:00 SA,,297727.6,8.9,8.5
3536,12:00:00,27/05/2024 12:00:00 CH,,297736.9,9.3,9.1
3537,13:00:00,27/05/2024 1:00:00 CH,,297744.0,7.1,6.8
3538,14:00:00,27/05/2024 2:00:00 CH,,297752.0,8.0,7.2
3539,15:00:00,27/05/2024 3:00:00 CH,,297761.6,9.6,9.1
3540,16:00:00,27/05/2024 4:00:00 CH,,297773.4,11.8,12.1
3541,17:00:00,27/05/2024 5:00:00 CH,,297781.4,8.0,6.7
3542,18:00:00,27/05/2024 6:00:00 CH,,297796.5,15.1,14.6
3543,19:00:00,27/05/2024 7:00:00 CH,,297816.2,19.7,19.2
3544,20:00:00,27/05/2024 8:00:00 CH,,297833.0,16.8,17.0
3545,21:00:00,27/05/2024 9:00:00 CH,,297847.9,14.9,14.4
3546,22:00:00,27/05/2024 10:00:00 CH,,297859.7,11.8,11.2
3547,23:00:00,27/05/2024 11:00:00 CH,,297870.2,10.5,11.0
3548,00:00:00,28/05/2024 12:00:00 SA,,297875.9,5.7,6.0
3549,01:00:00,28/05/2024 1:00:00 SA,,297879.9,4.0,4.1
3550,02:00:00,28/05/2024 2:00:00 SA,,297884.5,4.6,4.5
3551,03:00:00,28/05/2024 3:00:00 SA,,297887.2,2.7,2.8
3552,04:00:00,28/05/2024 4:00:00 SA,,297892.2,5.0,4.8
3553,05:00:00,28/05/2024 5:00:00 SA,,297896.8,4.6,4.9
3554,06:00:00,28/05/2024 6:00:00 SA,,297906.9,10.1,9.5
3555,07:00:00,28/05/2024 7:00:00 SA,,297919.1,12.2,13.2
3556,08:00:00,28/05/2024 8:00:00 SA,,297932.1,13.0,12.8
3557,09:00:00,28/05/2024 9:00:00 SA,,297945.2,13.1,12.2
3558,10:00:00,28/05/2024 10:00:00 SA,,297958.9,13.7,14.2
3559,11:00:00,28/05/2024 11:00:00 SA,,297970.8,11.9,11.4
3560,12:00:00,28/05/2024 12:00:00 CH,,297981.4,10.6,10.1
3561,13:00:00,28/05/2024 1:00:00 CH,,297989.8,8.4,8.5
3562,14:00:00,28/05/2024 2:00:00 CH,,297997.6,7.8,7.2
3563,15:00:00,28/05/2024 3:00:00 CH,,298005.0,7.4,6.7
3564,16:00:00,28/05/2024 4:00:00 CH,,298014.6,9.6,10.0
3565,17:00:00,28/05/2024 5:00:00 CH,,298024.8,10.2,9.5
3566,18:00:00,28/05/2024 6:00:00 CH,,298039.3,14.5,14.5
3567,19:00:00,28/05/2024 7:00:00 CH,,298059.7,20.4,20.8
3568,20:00:00,28/05/2024 8:00:00 CH,,298076.3,16.6,17.2
3569,21:00:00,28/05/2024 9:00:00 CH,,298091.8,15.5,14.9
3570,22:00:00,28/05/2024 10:00:00 CH,,298103.8,12.0,11.6
3571,23:00:00,28/05/2024 11:00:00 CH,,298114.0,10.2,10.9
3572,00:00:00,29/05/2024 12:00:00 SA,,298120.4,6.4,6.2
3573,01:00:00,29/05/2024 1:00:00 SA,,298126.8,6.4,6.4
3574,02:00:00,29/05/2024 2:00:00 SA,,298131.1,4.3,4.1
3575,03:00:00,29/05/2024 3:00:00 SA,,298136.0,4.9,5.1
3576,04:00:00,29/05/2024 4:00:00 SA,,298140.3,4.3,4.1
3577,05:00:00,29/05/2024 5:00:00 SA,,298144.3,4.0,3.9
3578,06:00:00,29/05/2024 6:00:00 SA,,298155.3,11.0,10.7
3579,07:00:00,29/05/2024 7:00:00 SA,,298171.4,16.1,15.8
3580,08:00:00,29/05/2024 8:00:00 SA,,298186.6,15.2,15.2
3581,09:00:00,29/05/2024 9:00:00 SA,,298201.0,14.4,14.0
3582,10:00:00,29/05/2024 10:00:00 SA,,298212.3,11.3,11.6
3583,11:00:00,29/05/2024 11:00:00 SA,,298224.0,11.7,10.8
3584,12:00:00,29/05/2024 12:00:00 CH,,298236.6,12.6,12.5
3585,13:00:00,29/05/2024 1:00:00 CH,,298245.1,8.5,8.0
3586,14:00:00,29/05/2024 2:00:00 CH,,298252.0,6.9,6.6
3587,15:00:00,29/05/2024 3:00:00 CH,,298259.9,7.9,8.0
3588,16:00:00,29/05/2024 4:00:00 CH,,298267.2,7.3,7.5
3589,17:00:00,29/05/2024 5:00:00 CH,,298277.0,9.8,8.7
3590,18:00:00,29/05/2024 6:00:00 CH,,298289.8,12.8,12.8
3591,19:00:00,29/05/2024 7:00:00 CH,,298307.9,18.1,17.9
3592,20:00:00,29/05/2024 8:00:00 CH,,298324.5,16.6,17.0
3593,21:00:00,29/05/2024 9:00:00 CH,,298339.1,14.6,14.7
3594,22:00:00,29/05/2024 10:00:00 CH,,298351.9,12.8,13.4
3595,23:00:00,29/05/2024 11:00:00 CH,,298363.3,11.4,12.0
3596,00:00:00,30/05/2024 12:00:00 SA,,298371.2,7.9,8.1
3597,01:00:00,30/05/2024 1:00:00 SA,,298374.1,2.9,2.9
3598,02:00:00,30/05/2024 2:00:00 SA,,298378.3,4.2,4.2
3599,03:00:00,30/05/2024 3:00:00 SA,,298380.6,2.3,2.2
3600,04:00:00,30/05/2024 4:00:00 SA,,298385.1,4.5,4.4
3601,05:00:00,30/05/2024 5:00:00 SA,,298388.3,3.2,3.0
3602,06:00:00,30/05/2024 6:00:00 SA,,298395.9,7.6,7.5
3603,07:00:00,30/05/2024 7:00:00 SA,,298411.3,15.4,15.8
3604,08:00:00,30/05/2024 8:00:00 SA,,298427.9,16.6,16.1
3605,09:00:00,30/05/2024 9:00:00 SA,,298441.1,13.2,13.5
3606,10:00:00,30/05/2024 10:00:00 SA,,298453.9,12.8,13.0
3607,11:00:00,30/05/2024 11:00:00 SA,,298464.0,10.1,9.5
3608,12:00:00,30/05/2024 12:00:00 CH,,298473.4,9.4,9.6
3609,13:00:00,30/05/2024 1:00:00 CH,,298481.7,8.3,8.7
3610,14:00:00,30/05/2024 2:00:00 CH,,298490.9,9.2,9.4
3611,15:00:00,30/05/2024 3:00:00 CH,,298497.6,6.7,7.7
3612,16:00:00,30/05/2024 4:00:00 CH,,298505.1,7.5,6.6
3613,17:00:00,30/05/2024 5:00:00 CH,,298512.9,7.8,7.6
3614,18:00:00,30/05/2024 6:00:00 CH,,298524.9,12.0,11.4
3615,19:00:00,30/05/2024 7:00:00 CH,,298542.0,17.1,16.7
3616,20:00:00,30/05/2024 8:00:00 CH,,298557.3,15.3,15.5
3617,21:00:00,30/05/2024 9:00:00 CH,,298569.9,12.6,12.7
3618,22:00:00,30/05/2024 10:00:00 CH,,298582.1,12.2,11.7
3619,23:00:00,30/05/2024 11:00:00 CH,,298593.1,11.0,11.2
3620,00:00:00,31/05/2024 12:00:00 SA,,298598.2,5.1,4.9
3621,01:00:00,31/05/2024 1:00:00 SA,,298601.2,3.0,2.8
3622,02:00:00,31/05/2024 2:00:00 SA,,298605.9,4.7,4.5
3623,03:00:00,31/05/2024 3:00:00 SA,,298609.5,3.6,3.7
3624,04:00:00,31/05/2024 4:00:00 SA,,298612.1,2.6,2.5
3625,05:00:00,31/05/2024 5:00:00 SA,,298617.7,5.6,6.1
3626,06:00:00,31/05/2024 6:00:00 SA,,298624.3,6.6,5.5
3627,07:00:00,31/05/2024 7:00:00 SA,,298635.8,11.5,10.5
3628,08:00:00,31/05/2024 8:00:00 SA,,298651.4,15.6,16.2
3629,09:00:00,31/05/2024 9:00:00 SA,,298663.8,12.4,12.7
3630,10:00:00,31/05/2024 10:00:00 SA,,298671.1,7.3,6.8
3631,11:00:00,31/05/2024 11:00:00 SA,,298679.3,8.2,8.1
3632,12:00:00,31/05/2024 12:00:00 CH,,298688.5,9.2,9.1
3633,13:00:00,31/05/2024 1:00:00 CH,,298696.6,8.1,8.3
3634,14:00:00,31/05/2024 2:00:00 CH,,298702.9,6.3,6.0
3635,15:00:00,31/05/2024 3:00:00 CH,,298708.7,5.8,6.0
3636,16:00:00,31/05/2024 4:00:00 CH,,298715.1,6.4,6.0
3637,17:00:00,31/05/2024 5:00:00 CH,,298723.7,8.6,8.3
3638,18:00:00,31/05/2024 6:00:00 CH,,298738.5,14.8,13.7
3639,19:00:00,31/05/2024 7:00:00 CH,,298753.7,15.2,15.4
3640,20:00:00,31/05/2024 8:00:00 CH,,298767.0,13.3,13.8
3641,21:00:00,31/05/2024 9:00:00 CH,,298778.3,11.3,11.9
3642,22:00:00,31/05/2024 10:00:00 CH,,298788.8,10.5,10.7
3643,23:00:00,31/05/2024 11:00:00 CH,,298796.6,7.8,7.6
3644,00:00:00,01/06/2024 12:00:00 SA,,298802.6,6.0,6.2
3645,01:00:00,01/06/2024 1:00:00 SA,,298805.8,3.2,3.1
3646,02:00:00,01/06/2024 2:00:00 SA,,298810.4,4.6,4.5
3647,03:00:00,01/06/2024 3:00:00 SA,,298812.7,2.3,2.1
3648,04:00:00,01/06/2024 4:00:00 SA,,298816.9,4.2,4.1
3649,05:00:00,01/06/2024 5:00:00 SA,,298819.6,2.7,2.4
3650,06:00:00,01/06/2024 6:00:00 SA,,298826.8,7.2,6.6
3651,07:00:00,01/06/2024 7:00:00 SA,,298838.0,11.2,11.8
3652,09:00:00,01/06/2024 9:00:00 SA,,298868.9,30.9,0.0
3653,10:00:00,01/06/2024 10:00:00 SA,,298879.5,10.6,10.8
3654,11:00:00,01/06/2024 11:00:00 SA,,298890.0,10.5,10.5
3655,12:00:00,01/06/2024 12:00:00 CH,,298901.4,11.4,11.7
3656,13:00:00,01/06/2024 1:00:00 CH,,298910.4,9.0,9.2
3657,14:00:00,01/06/2024 2:00:00 CH,,298917.7,7.3,7.1
3658,15:00:00,01/06/2024 3:00:00 CH,,298929.0,11.3,11.3
3659,16:00:00,01/06/2024 4:00:00 CH,,298938.0,9.0,9.0
3660,17:00:00,01/06/2024 5:00:00 CH,,298946.8,8.8,8.9
3661,18:00:00,01/06/2024 6:00:00 CH,,298958.4,11.6,11.3
3662,19:00:00,01/06/2024 7:00:00 CH,,298975.7,17.3,17.9
3663,20:00:00,01/06/2024 8:00:00 CH,,298991.9,16.2,15.8
3664,21:00:00,01/06/2024 9:00:00 CH,,299003.2,11.3,10.8
3665,22:00:00,01/06/2024 10:00:00 CH,,299013.3,10.1,9.6
3666,23:00:00,01/06/2024 11:00:00 CH,,299023.0,9.7,10.7
3667,00:00:00,02/06/2024 12:00:00 SA,,299028.4,5.4,5.6
3668,01:00:00,02/06/2024 1:00:00 SA,,299033.9,5.5,5.4
3669,02:00:00,02/06/2024 2:00:00 SA,,299036.8,2.9,2.6
3670,03:00:00,02/06/2024 3:00:00 SA,,299041.3,4.5,4.2
3671,04:00:00,02/06/2024 4:00:00 SA,,299044.2,2.9,2.8
3672,05:00:00,02/06/2024 5:00:00 SA,,299047.3,3.1,3.1
3673,06:00:00,02/06/2024 6:00:00 SA,,299054.5,7.2,7.2
3674,07:00:00,02/06/2024 7:00:00 SA,,299064.6,10.1,9.9
3675,08:00:00,02/06/2024 8:00:00 SA,,299077.4,12.8,13.8
3676,09:00:00,02/06/2024 9:00:00 SA,,299093.6,16.2,16.4
3677,10:00:00,02/06/2024 10:00:00 SA,,299106.1,12.5,12.5
3678,11:00:00,02/06/2024 11:00:00 SA,,299118.7,12.6,12.9
3679,12:00:00,02/06/2024 12:00:00 CH,,299129.7,11.0,11.2
3680,13:00:00,02/06/2024 1:00:00 CH,,299138.7,9.0,9.3
3681,14:00:00,02/06/2024 2:00:00 CH,,299145.5,6.8,7.5
3682,15:00:00,02/06/2024 3:00:00 CH,,299152.5,7.0,6.5
3683,16:00:00,02/06/2024 4:00:00 CH,,299163.2,10.7,10.8
3684,17:00:00,02/06/2024 5:00:00 CH,,299174.9,11.7,12.0
3685,18:00:00,02/06/2024 6:00:00 CH,,299190.0,15.1,14.5
3686,19:00:00,02/06/2024 7:00:00 CH,,299207.5,17.5,17.4
3687,20:00:00,02/06/2024 8:00:00 CH,,299224.3,16.8,16.7
3688,21:00:00,02/06/2024 9:00:00 CH,,299238.5,14.2,14.2
3689,22:00:00,02/06/2024 10:00:00 CH,,299250.9,12.4,12.5
3690,23:00:00,02/06/2024 11:00:00 CH,,299260.3,9.4,9.3
3691,00:00:00,03/06/2024 12:00:00 SA,,299268.6,8.3,8.6
3692,01:00:00,03/06/2024 1:00:00 SA,,299273.2,4.6,4.1
3693,02:00:00,03/06/2024 2:00:00 SA,,299277.1,3.9,4.0
3694,03:00:00,03/06/2024 3:00:00 SA,,299280.1,3.0,2.7
3695,04:00:00,03/06/2024 4:00:00 SA,,299283.9,3.8,4.2
3696,05:00:00,03/06/2024 5:00:00 SA,,299288.4,4.5,4.1
3697,06:00:00,03/06/2024 6:00:00 SA,,299296.0,7.6,6.8
3698,07:00:00,03/06/2024 7:00:00 SA,,299309.5,13.5,13.6
3699,08:00:00,03/06/2024 8:00:00 SA,,299325.1,15.6,16.3
3700,09:00:00,03/06/2024 9:00:00 SA,,299338.6,13.5,13.5
3701,10:00:00,03/06/2024 10:00:00 SA,,299348.3,9.7,10.1
3702,11:00:00,03/06/2024 11:00:00 SA,,299358.2,9.9,8.9
3703,12:00:00,03/06/2024 12:00:00 CH,,299367.9,9.7,8.7
3704,13:00:00,03/06/2024 1:00:00 CH,,299377.1,9.2,9.1
3705,14:00:00,03/06/2024 2:00:00 CH,,299384.1,7.0,7.6
3706,15:00:00,03/06/2024 3:00:00 CH,,299393.7,9.6,9.2
3707,16:00:00,03/06/2024 4:00:00 CH,,299401.8,8.1,8.3
3708,17:00:00,03/06/2024 5:00:00 CH,,299411.7,9.9,10.1
3709,18:00:00,03/06/2024 6:00:00 CH,,299429.0,17.3,17.1
3710,19:00:00,03/06/2024 7:00:00 CH,,299449.8,20.8,20.2
3711,20:00:00,03/06/2024 8:00:00 CH,,299466.5,16.7,16.2
3712,21:00:00,03/06/2024 9:00:00 CH,,299479.1,12.6,12.7
3713,22:00:00,03/06/2024 10:00:00 CH,,299490.6,11.5,11.9
3714,23:00:00,03/06/2024 11:00:00 CH,,299500.1,9.5,9.7
3715,00:00:00,04/06/2024 12:00:00 SA,,299504.9,4.8,4.3
3716,01:00:00,04/06/2024 1:00:00 SA,,299510.1,5.2,5.5
3717,02:00:00,04/06/2024 2:00:00 SA,,299512.7,2.6,2.8
3718,03:00:00,04/06/2024 3:00:00 SA,,299517.1,4.4,4.5
3719,04:00:00,04/06/2024 4:00:00 SA,,299521.1,4.0,3.7
3720,05:00:00,04/06/2024 5:00:00 SA,,299525.2,4.1,4.0
3721,06:00:00,04/06/2024 6:00:00 SA,,299533.3,8.1,7.8
3722,07:00:00,04/06/2024 7:00:00 SA,,299545.7,12.4,13.2
3723,08:00:00,04/06/2024 8:00:00 SA,,299559.3,13.6,13.1
3724,09:00:00,04/06/2024 9:00:00 SA,,299573.6,14.3,14.7
3725,10:00:00,04/06/2024 10:00:00 SA,,299586.1,12.5,12.8
3726,11:00:00,04/06/2024 11:00:00 SA,,299599.0,12.9,12.3
3727,12:00:00,04/06/2024 12:00:00 CH,,299610.9,11.9,11.7
3728,13:00:00,04/06/2024 1:00:00 CH,,299620.0,9.1,9.3
3729,14:00:00,04/06/2024 2:00:00 CH,,299628.4,8.4,7.8
3730,15:00:00,04/06/2024 3:00:00 CH,,299636.4,8.0,8.4
3731,16:00:00,04/06/2024 4:00:00 CH,,299642.8,6.4,6.3
3732,17:00:00,04/06/2024 5:00:00 CH,,299651.7,8.9,8.7
3733,18:00:00,04/06/2024 6:00:00 CH,,299666.9,15.2,14.6
3734,19:00:00,04/06/2024 7:00:00 CH,,299686.1,19.2,19.2
3735,20:00:00,04/06/2024 8:00:00 CH,,299701.3,15.2,16.1
3736,21:00:00,04/06/2024 9:00:00 CH,,299714.6,13.3,13.1
3737,22:00:00,04/06/2024 10:00:00 CH,,299725.6,11.0,10.4
3738,23:00:00,04/06/2024 11:00:00 CH,,299737.9,12.3,12.3
3739,00:00:00,05/06/2024 12:00:00 SA,,299744.1,6.2,6.4
3740,01:00:00,05/06/2024 1:00:00 SA,,299749.1,5.0,4.6
3741,02:00:00,05/06/2024 2:00:00 SA,,299751.9,2.8,3.0
3742,03:00:00,05/06/2024 3:00:00 SA,,299756.0,4.1,3.7
3743,04:00:00,05/06/2024 4:00:00 SA,,299759.7,3.7,3.4
3744,05:00:00,05/06/2024 5:00:00 SA,,299763.4,3.7,3.7
3745,06:00:00,05/06/2024 6:00:00 SA,,299770.7,7.3,6.8
3746,07:00:00,05/06/2024 7:00:00 SA,,299782.6,11.9,12.3
3747,08:00:00,05/06/2024 8:00:00 SA,,299796.4,13.8,13.9
3748,09:00:00,05/06/2024 9:00:00 SA,,299807.3,10.9,10.8
3749,10:00:00,05/06/2024 10:00:00 SA,,299818.6,11.3,11.5
3750,11:00:00,05/06/2024 11:00:00 SA,,299828.9,10.3,10.7
3751,12:00:00,05/06/2024 12:00:00 CH,,299840.2,11.3,11.2
3752,13:00:00,05/06/2024 1:00:00 CH,,299850.7,10.5,10.6
3753,14:00:00,05/06/2024 2:00:00 CH,,299857.3,6.6,6.8
3754,15:00:00,05/06/2024 3:00:00 CH,,299863.1,5.8,5.6
3755,16:00:00,05/06/2024 4:00:00 CH,,299868.7,5.6,5.7
3756,17:00:00,05/06/2024 5:00:00 CH,,299876.7,8.0,7.6
3757,18:00:00,05/06/2024 6:00:00 CH,,299889.4,12.7,12.6
3758,19:00:00,05/06/2024 7:00:00 CH,,299907.7,18.3,18.5
3759,20:00:00,05/06/2024 8:00:00 CH,,299922.4,14.7,14.5
3760,21:00:00,05/06/2024 9:00:00 CH,,299935.5,13.1,13.8
3761,22:00:00,05/06/2024 10:00:00 CH,,299947.2,11.7,10.7
3762,23:00:00,05/06/2024 11:00:00 CH,,299958.3,11.1,10.9
3763,00:00:00,06/06/2024 12:00:00 SA,,299965.1,6.8,7.1
3764,01:00:00,06/06/2024 1:00:00 SA,,299969.4,4.3,4.5
3765,02:00:00,06/06/2024 2:00:00 SA,,299974.0,4.6,4.5
3766,03:00:00,06/06/2024 3:00:00 SA,,299978.5,4.5,4.6
3767,04:00:00,06/06/2024 4:00:00 SA,,299981.8,3.3,3.2
3768,05:00:00,06/06/2024 5:00:00 SA,,299987.5,5.7,5.3
3769,06:00:00,06/06/2024 6:00:00 SA,,299994.7,7.2,6.7
3770,07:00:00,06/06/2024 7:00:00 SA,,300006.7,12.0,12.4
3771,08:00:00,06/06/2024 8:00:00 SA,,300018.6,11.9,11.4
3772,09:00:00,06/06/2024 9:00:00 SA,,300030.8,12.2,13.1
3773,10:00:00,06/06/2024 10:00:00 SA,,300039.4,8.6,8.3
3774,11:00:00,06/06/2024 11:00:00 SA,,300047.7,8.3,7.8
3775,12:00:00,06/06/2024 12:00:00 CH,,300056.2,8.5,9.4
3776,13:00:00,06/06/2024 1:00:00 CH,,300064.4,8.2,7.8
3777,14:00:00,06/06/2024 2:00:00 CH,,300072.1,7.7,8.0
3778,15:00:00,06/06/2024 3:00:00 CH,,300080.7,8.6,7.9
3779,16:00:00,06/06/2024 4:00:00 CH,,300086.0,5.3,4.9
3780,17:00:00,06/06/2024 5:00:00 CH,,300093.0,7.0,7.0
3781,18:00:00,06/06/2024 6:00:00 CH,,300103.9,10.9,10.3
3782,19:00:00,06/06/2024 7:00:00 CH,,300118.7,14.8,14.9
3783,20:00:00,06/06/2024 8:00:00 CH,,300132.1,13.4,12.7
3784,21:00:00,06/06/2024 9:00:00 CH,,300142.7,10.6,10.3
3785,22:00:00,06/06/2024 10:00:00 CH,,300153.5,10.8,10.2
3786,23:00:00,06/06/2024 11:00:00 CH,,300162.0,8.5,8.1
3787,00:00:00,07/06/2024 12:00:00 SA,,300168.1,6.1,6.2
3788,01:00:00,07/06/2024 1:00:00 SA,,300170.9,2.8,2.5
3789,02:00:00,07/06/2024 2:00:00 SA,,300174.1,3.2,3.3
3790,03:00:00,07/06/2024 3:00:00 SA,,300175.6,1.5,1.4
3791,04:00:00,07/06/2024 4:00:00 SA,,300178.7,3.1,2.8
3792,05:00:00,07/06/2024 5:00:00 SA,,300181.1,2.4,2.4
3793,06:00:00,07/06/2024 6:00:00 SA,,300188.9,7.8,7.1
3794,07:00:00,07/06/2024 7:00:00 SA,,300199.5,10.6,10.9
3795,08:00:00,07/06/2024 8:00:00 SA,,300211.9,12.4,11.5
3796,09:00:00,07/06/2024 9:00:00 SA,,300225.0,13.1,13.1
3797,10:00:00,07/06/2024 10:00:00 SA,,300234.4,9.4,9.6
3798,11:00:00,07/06/2024 11:00:00 SA,,300243.7,9.3,9.0
3799,12:00:00,07/06/2024 12:00:00 CH,,300252.4,8.7,8.2
3800,13:00:00,07/06/2024 1:00:00 CH,,300259.6,7.2,7.1
3801,14:00:00,07/06/2024 2:00:00 CH,,300264.9,5.3,5.4
3802,15:00:00,07/06/2024 3:00:00 CH,,300271.5,6.6,6.5
3803,16:00:00,07/06/2024 4:00:00 CH,,300280.0,8.5,8.4
3804,17:00:00,07/06/2024 5:00:00 CH,,300288.1,8.1,7.8
3805,18:00:00,07/06/2024 6:00:00 CH,,300300.5,12.4,12.4
3806,19:00:00,07/06/2024 7:00:00 CH,,300316.6,16.1,15.6
3807,20:00:00,07/06/2024 8:00:00 CH,,300332.4,15.8,16.6
3808,21:00:00,07/06/2024 9:00:00 CH,,300344.1,11.7,11.4
3809,22:00:00,07/06/2024 10:00:00 CH,,300354.1,10.0,9.9
3810,23:00:00,07/06/2024 11:00:00 CH,,300362.9,8.8,8.8
3811,00:00:00,08/06/2024 12:00:00 SA,,300368.8,5.9,5.6
3812,01:00:00,08/06/2024 1:00:00 SA,,300371.6,2.8,3.1
3813,02:00:00,08/06/2024 2:00:00 SA,,300374.9,3.3,3.5
3814,03:00:00,08/06/2024 3:00:00 SA,,300376.4,1.5,1.4
3815,04:00:00,08/06/2024 4:00:00 SA,,300377.9,1.5,1.6
3816,05:00:00,08/06/2024 5:00:00 SA,,300381.2,3.3,2.8
3817,06:00:00,08/06/2024 6:00:00 SA,,300387.3,6.1,5.8
3818,07:00:00,08/06/2024 7:00:00 SA,,300397.1,9.8,9.4
3819,08:00:00,08/06/2024 8:00:00 SA,,300413.9,16.8,16.9
3820,09:00:00,08/06/2024 9:00:00 SA,,300425.7,11.8,12.4
3821,10:00:00,08/06/2024 10:00:00 SA,,300435.7,10.0,9.4
3822,11:00:00,08/06/2024 11:00:00 SA,,300447.2,11.5,11.5
3823,12:00:00,08/06/2024 12:00:00 CH,,300457.2,10.0,9.8
3824,13:00:00,08/06/2024 1:00:00 CH,,300465.6,8.4,8.5
3825,14:00:00,08/06/2024 2:00:00 CH,,300471.2,5.6,5.6
3826,15:00:00,08/06/2024 3:00:00 CH,,300479.5,8.3,8.8
3827,16:00:00,08/06/2024 4:00:00 CH,,300487.3,7.8,7.7
3828,17:00:00,08/06/2024 5:00:00 CH,,300495.5,8.2,7.5
3829,18:00:00,08/06/2024 6:00:00 CH,,300506.8,11.3,10.3
3830,19:00:00,08/06/2024 7:00:00 CH,,300523.5,16.7,16.6
3831,20:00:00,08/06/2024 8:00:00 CH,,300537.6,14.1,14.1
3832,21:00:00,08/06/2024 9:00:00 CH,,300548.5,10.9,9.8
3833,22:00:00,08/06/2024 10:00:00 CH,,300557.8,9.3,9.5
3834,23:00:00,08/06/2024 11:00:00 CH,,300565.6,7.8,7.7
3835,00:00:00,09/06/2024 12:00:00 SA,,300571.4,5.8,5.9
3836,01:00:00,09/06/2024 1:00:00 SA,,300573.9,2.5,2.5
3837,02:00:00,09/06/2024 2:00:00 SA,,300576.4,2.5,2.6
3838,03:00:00,09/06/2024 3:00:00 SA,,300577.9,1.5,1.4
3839,04:00:00,09/06/2024 4:00:00 SA,,300579.6,1.7,1.7
3840,05:00:00,09/06/2024 5:00:00 SA,,300582.6,3.0,2.7
3841,06:00:00,09/06/2024 6:00:00 SA,,300587.7,5.1,3.2
3842,07:00:00,09/06/2024 7:00:00 SA,,300595.3,7.6,7.9
3843,08:00:00,09/06/2024 8:00:00 SA,,300602.0,6.7,6.3
3844,09:00:00,09/06/2024 9:00:00 SA,,300610.4,8.4,8.6
3845,10:00:00,09/06/2024 10:00:00 SA,,300619.2,8.8,8.4
3846,11:00:00,09/06/2024 11:00:00 SA,,300625.6,6.4,5.9
3847,12:00:00,09/06/2024 12:00:00 CH,,300632.4,6.8,6.8
3848,13:00:00,09/06/2024 1:00:00 CH,,300639.1,6.7,6.9
3849,14:00:00,09/06/2024 2:00:00 CH,,300644.9,5.8,5.6
3850,15:00:00,09/06/2024 3:00:00 CH,,300652.1,7.2,7.9
3851,16:00:00,09/06/2024 4:00:00 CH,,300662.3,10.2,10.0
3852,17:00:00,09/06/2024 5:00:00 CH,,300675.7,13.4,12.8
3853,18:00:00,09/06/2024 6:00:00 CH,,300686.3,10.6,12.7
3854,19:00:00,09/06/2024 7:00:00 CH,,300686.3,0.0,13.7
3855,20:00:00,09/06/2024 8:00:00 CH,,300718.8,32.5,13.9
3856,21:00:00,09/06/2024 9:00:00 CH,,300730.7,11.9,12.2
3857,22:00:00,09/06/2024 10:00:00 CH,,300742.1,11.4,11.2
3858,23:00:00,09/06/2024 11:00:00 CH,,300752.0,9.9,10.4
3859,00:00:00,10/06/2024 12:00:00 SA,,300756.0,4.0,4.4
3860,01:00:00,10/06/2024 1:00:00 SA,,300760.9,4.9,4.6
3861,02:00:00,10/06/2024 2:00:00 SA,,300762.5,1.6,1.6
3862,03:00:00,10/06/2024 3:00:00 SA,,300763.9,1.4,1.4
3863,04:00:00,10/06/2024 4:00:00 SA,,300765.5,1.6,1.4
3864,05:00:00,10/06/2024 5:00:00 SA,,300767.7,2.2,2.1
3865,06:00:00,10/06/2024 6:00:00 SA,,300772.7,5.0,4.9
3866,07:00:00,10/06/2024 7:00:00 SA,,300781.1,8.4,8.2
3867,08:00:00,10/06/2024 8:00:00 SA,,300790.9,9.8,9.4
3868,09:00:00,10/06/2024 9:00:00 SA,,300798.2,7.3,7.3
3869,10:00:00,10/06/2024 10:00:00 SA,,300805.1,6.9,6.6
3870,11:00:00,10/06/2024 11:00:00 SA,,300813.4,8.3,8.3
3871,12:00:00,10/06/2024 12:00:00 CH,,300822.2,8.8,8.5
3872,13:00:00,10/06/2024 1:00:00 CH,,300830.3,8.1,8.4
3873,14:00:00,10/06/2024 2:00:00 CH,,300836.8,6.5,6.9
3874,15:00:00,10/06/2024 3:00:00 CH,,300843.7,6.9,6.3
3875,16:00:00,10/06/2024 4:00:00 CH,,300849.5,5.8,6.1
3876,17:00:00,10/06/2024 5:00:00 CH,,300856.9,7.4,6.9
3877,18:00:00,10/06/2024 6:00:00 CH,,300868.9,12.0,12.6
3878,19:00:00,10/06/2024 7:00:00 CH,,300885.5,16.6,16.1
3879,20:00:00,10/06/2024 8:00:00 CH,,300900.2,14.7,14.7
3880,21:00:00,10/06/2024 9:00:00 CH,,300912.6,12.4,12.5
3881,22:00:00,10/06/2024 10:00:00 CH,,300922.5,9.9,10.4
3882,23:00:00,10/06/2024 11:00:00 CH,,300934.2,11.7,11.5
3883,00:00:00,11/06/2024 12:00:00 SA,,300940.2,6.0,6.0
3884,01:00:00,11/06/2024 1:00:00 SA,,300943.5,3.3,3.2
3885,02:00:00,11/06/2024 2:00:00 SA,,300945.3,1.8,1.6
3886,03:00:00,11/06/2024 3:00:00 SA,,300947.0,1.7,1.4
3887,04:00:00,11/06/2024 4:00:00 SA,,300949.5,2.5,2.7
3888,05:00:00,11/06/2024 5:00:00 SA,,300953.4,3.9,3.8
3889,06:00:00,11/06/2024 6:00:00 SA,,300960.4,7.0,6.2
3890,07:00:00,11/06/2024 7:00:00 SA,,300972.6,12.2,11.5
3891,08:00:00,11/06/2024 8:00:00 SA,,300984.6,12.0,12.2
3892,09:00:00,11/06/2024 9:00:00 SA,,300996.1,11.5,11.9
3893,10:00:00,11/06/2024 10:00:00 SA,,301006.9,10.8,10.8
3894,11:00:00,11/06/2024 11:00:00 SA,,301014.1,7.2,7.5
3895,12:00:00,11/06/2024 12:00:00 CH,,301023.5,9.4,8.9
3896,13:00:00,11/06/2024 1:00:00 CH,,301033.5,10.0,10.1
3897,14:00:00,11/06/2024 2:00:00 CH,,301041.2,7.7,7.5
3898,15:00:00,11/06/2024 3:00:00 CH,,301048.7,7.5,6.7
3899,16:00:00,11/06/2024 4:00:00 CH,,301056.6,7.9,8.8
3900,17:00:00,11/06/2024 5:00:00 CH,,301063.0,6.4,5.6
3901,18:00:00,11/06/2024 6:00:00 CH,,301075.1,12.1,12.5
3902,19:00:00,11/06/2024 7:00:00 CH,,301092.6,17.5,17.5
3903,20:00:00,11/06/2024 8:00:00 CH,,301107.1,14.5,14.2
3904,21:00:00,11/06/2024 9:00:00 CH,,301120.2,13.1,13.1
3905,22:00:00,11/06/2024 10:00:00 CH,,301130.5,10.3,10.3
3906,23:00:00,11/06/2024 11:00:00 CH,,301139.5,9.0,9.0
3907,00:00:00,12/06/2024 12:00:00 SA,,301144.1,4.6,4.5
3908,01:00:00,12/06/2024 1:00:00 SA,,301149.0,4.9,4.9
3909,02:00:00,12/06/2024 2:00:00 SA,,301150.9,1.9,1.9
3910,03:00:00,12/06/2024 3:00:00 SA,,301154.5,3.6,3.4
3911,04:00:00,12/06/2024 4:00:00 SA,,301156.6,2.1,2.1
3912,05:00:00,12/06/2024 5:00:00 SA,,301158.8,2.2,2.4
3913,06:00:00,12/06/2024 6:00:00 SA,,301166.7,7.9,7.1
3914,07:00:00,12/06/2024 7:00:00 SA,,301178.6,11.9,11.6
3915,08:00:00,12/06/2024 8:00:00 SA,,301191.9,13.3,13.3
3916,09:00:00,12/06/2024 9:00:00 SA,,301204.7,12.8,13.0
3917,10:00:00,12/06/2024 10:00:00 SA,,301213.1,8.4,8.6
3918,11:00:00,12/06/2024 11:00:00 SA,,301222.6,9.5,9.2
3919,12:00:00,12/06/2024 12:00:00 CH,,301235.0,12.4,12.5
3920,13:00:00,12/06/2024 1:00:00 CH,,301241.6,6.6,6.4
3921,14:00:00,12/06/2024 2:00:00 CH,,301248.1,6.5,6.4
3922,15:00:00,12/06/2024 3:00:00 CH,,301254.7,6.6,6.7
3923,16:00:00,12/06/2024 4:00:00 CH,,301263.9,9.2,8.5
3924,17:00:00,12/06/2024 5:00:00 CH,,301273.9,10.0,9.9
3925,18:00:00,12/06/2024 6:00:00 CH,,301288.2,14.3,15.1
3926,19:00:00,12/06/2024 7:00:00 CH,,301305.6,17.4,16.4
3927,20:00:00,12/06/2024 8:00:00 CH,,301317.1,11.5,15.9
3928,21:00:00,12/06/2024 9:00:00 CH,,301326.0,8.9,12.6
3929,22:00:00,12/06/2024 10:00:00 CH,,301337.9,11.9,12.4
3930,23:00:00,12/06/2024 11:00:00 CH,,301348.9,11.0,11.4
3931,00:00:00,13/06/2024 12:00:00 SA,,301355.2,6.3,6.7
3932,01:00:00,13/06/2024 1:00:00 SA,,301359.0,3.8,3.8
3933,02:00:00,13/06/2024 2:00:00 SA,,301361.6,2.6,2.4
3934,03:00:00,13/06/2024 3:00:00 SA,,301363.9,2.3,2.4
3935,04:00:00,13/06/2024 4:00:00 SA,,301367.3,3.4,3.3
3936,05:00:00,13/06/2024 5:00:00 SA,,301369.7,2.4,2.3
3937,06:00:00,13/06/2024 6:00:00 SA,,301378.0,8.3,7.3
3938,07:00:00,13/06/2024 7:00:00 SA,,301391.2,13.2,13.3
3939,08:00:00,13/06/2024 8:00:00 SA,,301405.1,13.9,13.8
3940,09:00:00,13/06/2024 9:00:00 SA,,301414.9,9.8,9.8
3941,10:00:00,13/06/2024 10:00:00 SA,,301424.4,9.5,9.8
3942,11:00:00,13/06/2024 11:00:00 SA,,301435.6,11.2,11.3
3943,12:00:00,13/06/2024 12:00:00 CH,,301446.4,10.8,11.3
3944,13:00:00,13/06/2024 1:00:00 CH,,301454.0,7.6,7.3
3945,14:00:00,13/06/2024 2:00:00 CH,,301461.0,7.0,6.9
3946,15:00:00,13/06/2024 3:00:00 CH,,301468.2,7.2,7.0
3947,16:00:00,13/06/2024 4:00:00 CH,,301476.2,8.0,8.0
3948,17:00:00,13/06/2024 5:00:00 CH,,301484.5,8.3,7.8
3949,18:00:00,13/06/2024 6:00:00 CH,,301499.2,14.7,8.2
3950,19:00:00,13/06/2024 7:00:00 CH,,301519.9,20.7,12.7
3951,20:00:00,13/06/2024 8:00:00 CH,,301537.5,17.6,11.2
3952,21:00:00,13/06/2024 9:00:00 CH,,301549.0,11.5,7.8
3953,22:00:00,13/06/2024 10:00:00 CH,,301561.9,12.9,7.4
3954,23:00:00,13/06/2024 11:00:00 CH,,301571.7,9.8,6.1
3955,00:00:00,14/06/2024 12:00:00 SA,,301576.1,4.4,2.7
3956,01:00:00,14/06/2024 1:00:00 SA,,301579.4,3.3,2.1
3957,02:00:00,14/06/2024 2:00:00 SA,,301581.9,2.5,1.4
3958,03:00:00,14/06/2024 3:00:00 SA,,301583.1,1.2,0.7
3959,04:00:00,14/06/2024 4:00:00 SA,,301586.0,2.9,2.0
3960,05:00:00,14/06/2024 5:00:00 SA,,301588.9,2.9,1.7
3961,06:00:00,14/06/2024 6:00:00 SA,,301596.6,7.7,4.6
3962,07:00:00,14/06/2024 7:00:00 SA,,301608.5,11.9,7.2
3963,08:00:00,14/06/2024 8:00:00 SA,,301620.4,11.9,7.6
3964,09:00:00,14/06/2024 9:00:00 SA,,301629.9,9.5,5.6
3965,10:00:00,14/06/2024 10:00:00 SA,,301636.8,6.9,4.2
3966,11:00:00,14/06/2024 11:00:00 SA,,301644.4,7.6,4.1
3967,12:00:00,14/06/2024 12:00:00 CH,,301653.3,8.9,5.2
3968,13:00:00,14/06/2024 1:00:00 CH,,301660.1,6.8,4.2
3969,14:00:00,14/06/2024 2:00:00 CH,,301666.6,6.5,3.7
3970,15:00:00,14/06/2024 3:00:00 CH,,301676.4,9.8,5.7
3971,16:00:00,14/06/2024 4:00:00 CH,,301687.1,10.7,6.2
3972,17:00:00,14/06/2024 5:00:00 CH,,301697.8,10.7,6.6
3973,18:00:00,14/06/2024 6:00:00 CH,,301711.8,14.0,8.4
3974,19:00:00,14/06/2024 7:00:00 CH,,301729.3,17.5,10.8
3975,20:00:00,14/06/2024 8:00:00 CH,,301743.8,14.5,9.1
3976,21:00:00,14/06/2024 9:00:00 CH,,301755.7,11.9,7.5
3977,22:00:00,14/06/2024 10:00:00 CH,,301767.1,11.4,6.4
3978,23:00:00,14/06/2024 11:00:00 CH,,301776.8,9.7,5.9
3979,00:00:00,15/06/2024 12:00:00 SA,,301783.8,7.0,4.4
3980,01:00:00,15/06/2024 1:00:00 SA,,301786.9,3.1,1.9
3981,02:00:00,15/06/2024 2:00:00 SA,,301790.8,3.9,2.4
3982,03:00:00,15/06/2024 3:00:00 SA,,301793.5,2.7,1.5
3983,04:00:00,15/06/2024 4:00:00 SA,,301795.6,2.1,1.5
3984,05:00:00,15/06/2024 5:00:00 SA,,301798.4,2.8,1.3
3985,06:00:00,15/06/2024 6:00:00 SA,,301805.8,7.4,4.3
3986,07:00:00,15/06/2024 7:00:00 SA,,301817.6,11.8,6.7
3987,08:00:00,15/06/2024 8:00:00 SA,,301832.5,14.9,9.3
3988,09:00:00,15/06/2024 9:00:00 SA,,301843.7,11.2,7.0
3989,10:00:00,15/06/2024 10:00:00 SA,,301856.0,12.3,7.7
3990,11:00:00,15/06/2024 11:00:00 SA,,301865.3,9.3,5.7
3991,12:00:00,15/06/2024 12:00:00 CH,,301876.1,10.8,6.6
3992,13:00:00,15/06/2024 1:00:00 CH,,301885.3,9.2,5.6
3993,14:00:00,15/06/2024 2:00:00 CH,,301893.5,8.2,5.0
3994,15:00:00,15/06/2024 3:00:00 CH,,301900.1,6.6,4.1
3995,16:00:00,15/06/2024 4:00:00 CH,,301908.6,8.5,5.1
3996,17:00:00,15/06/2024 5:00:00 CH,,301920.6,12.0,7.6
3997,18:00:00,15/06/2024 6:00:00 CH,,301933.5,12.9,8.1
3998,19:00:00,15/06/2024 7:00:00 CH,,301951.9,18.4,10.9
3999,20:00:00,15/06/2024 8:00:00 CH,,301968.4,16.5,10.1
4000,21:00:00,15/06/2024 9:00:00 CH,,301979.5,11.1,6.7
4001,22:00:00,15/06/2024 10:00:00 CH,,301989.7,10.2,6.6
4002,23:00:00,15/06/2024 11:00:00 CH,,301997.0,7.3,4.3
4003,00:00:00,16/06/2024 12:00:00 SA,,302003.4,6.4,3.9
4004,01:00:00,16/06/2024 1:00:00 SA,,302005.4,2.0,1.2
4005,02:00:00,16/06/2024 2:00:00 SA,,302008.2,2.8,1.6
4006,03:00:00,16/06/2024 3:00:00 SA,,302009.9,1.7,1.0
4007,04:00:00,16/06/2024 4:00:00 SA,,302013.9,4.0,2.4
4008,05:00:00,16/06/2024 5:00:00 SA,,302017.7,3.8,2.2
4009,06:00:00,16/06/2024 6:00:00 SA,,302024.0,6.3,3.9
4010,07:00:00,16/06/2024 7:00:00 SA,,302033.8,9.8,5.9
4011,08:00:00,16/06/2024 8:00:00 SA,,302045.4,11.6,7.6
4012,09:00:00,16/06/2024 9:00:00 SA,,302057.8,12.4,7.8
4013,10:00:00,16/06/2024 10:00:00 SA,,302069.0,11.2,6.8
4014,11:00:00,16/06/2024 11:00:00 SA,,302080.9,11.9,7.5
4015,12:00:00,16/06/2024 12:00:00 CH,,302093.5,12.6,7.9
4016,13:00:00,16/06/2024 1:00:00 CH,,302100.9,7.4,4.3
4017,14:00:00,16/06/2024 2:00:00 CH,,302106.9,6.0,4.1
4018,15:00:00,16/06/2024 3:00:00 CH,,302112.8,5.9,3.6
4019,16:00:00,16/06/2024 4:00:00 CH,,302120.8,8.0,4.7
4020,17:00:00,16/06/2024 5:00:00 CH,,302133.6,12.8,7.4
4021,18:00:00,16/06/2024 6:00:00 CH,,302151.7,18.1,11.4
4022,19:00:00,16/06/2024 7:00:00 CH,,302171.6,19.9,12.2
4023,20:00:00,16/06/2024 8:00:00 CH,,302188.0,16.4,10.0
4024,21:00:00,16/06/2024 9:00:00 CH,,302200.0,12.0,7.2
4025,22:00:00,16/06/2024 10:00:00 CH,,302209.1,9.1,5.9
4026,23:00:00,16/06/2024 11:00:00 CH,,302217.4,8.3,5.0
4027,00:00:00,17/06/2024 12:00:00 SA,,302224.9,7.5,4.7
4028,01:00:00,17/06/2024 1:00:00 SA,,302227.2,2.3,1.5
4029,02:00:00,17/06/2024 2:00:00 SA,,302230.9,3.7,2.3
4030,03:00:00,17/06/2024 3:00:00 SA,,302232.6,1.7,1.0
4031,04:00:00,17/06/2024 4:00:00 SA,,302235.9,3.3,2.1
4032,05:00:00,17/06/2024 5:00:00 SA,,302238.2,2.3,1.3
4033,06:00:00,17/06/2024 6:00:00 SA,,302245.7,7.5,4.6
4034,07:00:00,17/06/2024 7:00:00 SA,,302257.6,11.9,6.9
4035,08:00:00,17/06/2024 8:00:00 SA,,302270.7,13.1,8.2
4036,09:00:00,17/06/2024 9:00:00 SA,,302282.9,12.2,7.3
4037,10:00:00,17/06/2024 10:00:00 SA,,302293.3,10.4,6.8
4038,11:00:00,17/06/2024 11:00:00 SA,,302304.3,11.0,6.7
4039,12:00:00,17/06/2024 12:00:00 CH,,302313.4,9.1,5.9
4040,13:00:00,17/06/2024 1:00:00 CH,,302320.5,7.1,4.4
4041,14:00:00,17/06/2024 2:00:00 CH,,302327.1,6.6,4.5
4042,15:00:00,17/06/2024 3:00:00 CH,,302334.1,7.0,4.4
4043,16:00:00,17/06/2024 4:00:00 CH,,302342.6,8.5,5.1
4044,17:00:00,17/06/2024 5:00:00 CH,,302354.5,11.9,7.4
4045,18:00:00,17/06/2024 6:00:00 CH,,302369.7,15.2,9.7
4046,19:00:00,17/06/2024 7:00:00 CH,,302387.0,17.3,10.6
4047,20:00:00,17/06/2024 8:00:00 CH,,302404.5,17.5,11.0
4048,21:00:00,17/06/2024 9:00:00 CH,,302417.4,12.9,8.6
4049,22:00:00,17/06/2024 10:00:00 CH,,302428.6,11.2,7.3
4050,23:00:00,17/06/2024 11:00:00 CH,,302439.5,10.9,6.9
4051,00:00:00,18/06/2024 12:00:00 SA,,302443.5,4.0,2.5
4052,01:00:00,18/06/2024 1:00:00 SA,,302447.2,3.7,2.3
4053,02:00:00,18/06/2024 2:00:00 SA,,302449.8,2.6,1.6
4054,03:00:00,18/06/2024 3:00:00 SA,,302453.6,3.8,2.1
4055,04:00:00,18/06/2024 4:00:00 SA,,302455.9,2.3,1.6
4056,05:00:00,18/06/2024 5:00:00 SA,,302458.9,3.0,1.4
4057,06:00:00,18/06/2024 6:00:00 SA,,302466.0,7.1,4.4
4058,07:00:00,18/06/2024 7:00:00 SA,,302475.8,9.8,6.1
4059,08:00:00,18/06/2024 8:00:00 SA,,302490.1,14.3,8.8
4060,09:00:00,18/06/2024 9:00:00 SA,,302503.3,13.2,8.1
4061,10:00:00,18/06/2024 10:00:00 SA,,302514.4,11.1,7.1
4062,11:00:00,18/06/2024 11:00:00 SA,,302523.2,8.8,5.4
4063,12:00:00,18/06/2024 12:00:00 CH,,302532.3,9.1,5.2
4064,13:00:00,18/06/2024 1:00:00 CH,,302541.6,9.3,5.6
4065,14:00:00,18/06/2024 2:00:00 CH,,302549.4,7.8,4.7
4066,15:00:00,18/06/2024 3:00:00 CH,,302556.6,7.2,4.4
4067,16:00:00,18/06/2024 4:00:00 CH,,302563.9,7.3,4.7
4068,17:00:00,18/06/2024 5:00:00 CH,,302572.6,8.7,5.2
4069,18:00:00,18/06/2024 6:00:00 CH,,302585.6,13.0,8.0
4070,19:00:00,18/06/2024 7:00:00 CH,,302606.5,20.9,13.8
4071,20:00:00,18/06/2024 8:00:00 CH,,302622.4,15.9,9.8
4072,21:00:00,18/06/2024 9:00:00 CH,,302635.0,12.6,8.1
4073,22:00:00,18/06/2024 10:00:00 CH,,302647.0,12.0,7.3
4074,23:00:00,18/06/2024 11:00:00 CH,,302656.2,9.2,5.8
4075,00:00:00,19/06/2024 12:00:00 SA,,302661.9,5.7,3.5
4076,01:00:00,19/06/2024 1:00:00 SA,,302666.6,4.7,3.0
4077,02:00:00,19/06/2024 2:00:00 SA,,302668.7,2.1,1.2
4078,03:00:00,19/06/2024 3:00:00 SA,,302671.6,2.9,1.9
4079,04:00:00,19/06/2024 4:00:00 SA,,302674.9,3.3,2.1
4080,05:00:00,19/06/2024 5:00:00 SA,,302677.5,2.6,1.5
4081,06:00:00,19/06/2024 6:00:00 SA,,302685.9,8.4,4.7
4082,07:00:00,19/06/2024 7:00:00 SA,,302698.6,12.7,8.0
4083,08:00:00,19/06/2024 8:00:00 SA,,302714.2,15.6,9.5
4084,09:00:00,19/06/2024 9:00:00 SA,,302725.0,10.8,6.5
4085,10:00:00,19/06/2024 10:00:00 SA,,302736.7,11.7,7.6
4086,11:00:00,19/06/2024 11:00:00 SA,,302745.9,9.2,5.7
4087,12:00:00,19/06/2024 12:00:00 CH,,302754.6,8.7,5.3
4088,13:00:00,19/06/2024 1:00:00 CH,,302763.7,9.1,5.4
4089,14:00:00,19/06/2024 2:00:00 CH,,302772.0,8.3,4.9
4090,15:00:00,19/06/2024 3:00:00 CH,,302784.4,12.4,7.7
4091,16:00:00,19/06/2024 4:00:00 CH,,302793.9,9.5,5.9
4092,17:00:00,19/06/2024 5:00:00 CH,,302806.3,12.4,7.7
4093,18:00:00,19/06/2024 6:00:00 CH,,302820.9,14.6,8.7
4094,19:00:00,19/06/2024 7:00:00 CH,,302839.3,18.4,11.3
4095,20:00:00,19/06/2024 8:00:00 CH,,302856.7,17.4,10.7
4096,21:00:00,19/06/2024 9:00:00 CH,,302871.3,14.6,9.6
4097,22:00:00,19/06/2024 10:00:00 CH,,302883.8,12.5,7.3
4098,23:00:00,19/06/2024 11:00:00 CH,,302894.3,10.5,6.5
4099,00:00:00,20/06/2024 12:00:00 SA,,302901.1,6.8,4.1
4100,01:00:00,20/06/2024 1:00:00 SA,,302904.4,3.3,2.1
4101,02:00:00,20/06/2024 2:00:00 SA,,302906.4,2.0,1.3
4102,03:00:00,20/06/2024 3:00:00 SA,,302908.6,2.2,1.1
4103,04:00:00,20/06/2024 4:00:00 SA,,302910.8,2.2,1.4
4104,05:00:00,20/06/2024 5:00:00 SA,,302913.8,3.0,1.9
4105,06:00:00,20/06/2024 6:00:00 SA,,302921.8,8.0,5.1
4106,07:00:00,20/06/2024 7:00:00 SA,,302932.0,10.2,6.1
4107,08:00:00,20/06/2024 8:00:00 SA,,302948.0,16.0,9.4
4108,09:00:00,20/06/2024 9:00:00 SA,,302961.0,13.0,8.1
4109,10:00:00,20/06/2024 10:00:00 SA,,302971.0,10.0,6.1
4110,11:00:00,20/06/2024 11:00:00 SA,,302984.4,13.4,8.3
4111,12:00:00,20/06/2024 12:00:00 CH,,302994.8,10.4,6.2
4112,13:00:00,20/06/2024 1:00:00 CH,,303003.4,8.6,5.4
4113,14:00:00,20/06/2024 2:00:00 CH,,303010.2,6.8,4.5
4114,15:00:00,20/06/2024 3:00:00 CH,,303017.8,7.6,4.3
4115,16:00:00,20/06/2024 4:00:00 CH,,303025.9,8.1,4.9
4116,17:00:00,20/06/2024 5:00:00 CH,,303034.3,8.4,5.3
4117,18:00:00,20/06/2024 6:00:00 CH,,303046.2,11.9,6.9
4118,19:00:00,20/06/2024 7:00:00 CH,,303064.1,17.9,10.7
4119,20:00:00,20/06/2024 8:00:00 CH,,303081.4,17.3,11.2
4120,21:00:00,20/06/2024 9:00:00 CH,,303095.5,14.1,8.9
4121,22:00:00,20/06/2024 10:00:00 CH,,303106.6,11.1,6.8
4122,23:00:00,20/06/2024 11:00:00 CH,,303115.8,9.2,5.8
4123,00:00:00,21/06/2024 12:00:00 SA,,303121.1,5.3,3.2
4124,01:00:00,21/06/2024 1:00:00 SA,,303125.9,4.8,3.1
4125,02:00:00,21/06/2024 2:00:00 SA,,303127.5,1.6,0.9
4126,03:00:00,21/06/2024 3:00:00 SA,,303130.4,2.9,1.7
4127,04:00:00,21/06/2024 4:00:00 SA,,303132.0,1.6,1.1
4128,05:00:00,21/06/2024 5:00:00 SA,,303134.3,2.3,1.6
4129,06:00:00,21/06/2024 6:00:00 SA,,303142.1,7.8,4.6
4130,07:00:00,21/06/2024 7:00:00 SA,,303154.3,12.2,7.2
4131,08:00:00,21/06/2024 8:00:00 SA,,303167.9,13.6,8.5
4132,09:00:00,21/06/2024 9:00:00 SA,,303179.5,11.6,7.3
4133,10:00:00,21/06/2024 10:00:00 SA,,303191.1,11.6,6.9
4134,11:00:00,21/06/2024 11:00:00 SA,,303201.8,10.7,6.1
4135,12:00:00,21/06/2024 12:00:00 CH,,303212.4,10.6,6.7
4136,13:00:00,21/06/2024 1:00:00 CH,,303221.7,9.3,5.8
4137,14:00:00,21/06/2024 2:00:00 CH,,303227.3,5.6,3.2
4138,15:00:00,21/06/2024 3:00:00 CH,,303235.7,8.4,4.7
4139,16:00:00,21/06/2024 4:00:00 CH,,303242.0,6.3,4.1
4140,17:00:00,21/06/2024 5:00:00 CH,,303253.3,11.3,7.1
4141,18:00:00,21/06/2024 6:00:00 CH,,303268.1,14.8,9.2
4142,19:00:00,21/06/2024 7:00:00 CH,,303285.3,17.2,9.9
4143,20:00:00,21/06/2024 8:00:00 CH,,303303.6,18.3,11.4
4144,21:00:00,21/06/2024 9:00:00 CH,,303314.8,11.2,6.6
4145,22:00:00,21/06/2024 10:00:00 CH,,303326.4,11.6,7.5
4146,23:00:00,21/06/2024 11:00:00 CH,,303335.3,8.9,5.5
4147,00:00:00,22/06/2024 12:00:00 SA,,303339.3,4.0,2.6
4148,01:00:00,22/06/2024 1:00:00 SA,,303342.5,3.2,1.8
4149,02:00:00,22/06/2024 2:00:00 SA,,303345.6,3.1,1.7
4150,03:00:00,22/06/2024 3:00:00 SA,,303347.8,2.2,1.4
4151,04:00:00,22/06/2024 4:00:00 SA,,303350.5,2.7,1.6
4152,05:00:00,22/06/2024 5:00:00 SA,,303352.6,2.1,1.3
4153,06:00:00,22/06/2024 6:00:00 SA,,303357.5,4.9,2.9
4154,07:00:00,22/06/2024 7:00:00 SA,,303369.6,12.1,7.3
4155,08:00:00,22/06/2024 8:00:00 SA,,303385.2,15.6,9.6
4156,09:00:00,22/06/2024 9:00:00 SA,,303400.8,15.6,9.7
4157,10:00:00,22/06/2024 10:00:00 SA,,303413.3,12.5,7.3
4158,11:00:00,22/06/2024 11:00:00 SA,,303427.1,13.8,8.8
4159,12:00:00,22/06/2024 12:00:00 CH,,303436.8,9.7,5.6
4160,13:00:00,22/06/2024 1:00:00 CH,,303444.1,7.3,4.2
4161,14:00:00,22/06/2024 2:00:00 CH,,303449.8,5.7,3.3
4162,15:00:00,22/06/2024 3:00:00 CH,,303460.9,11.1,6.8
4163,16:00:00,22/06/2024 4:00:00 CH,,303470.2,9.3,5.8
4164,17:00:00,22/06/2024 5:00:00 CH,,303477.6,7.4,4.5
4165,18:00:00,22/06/2024 6:00:00 CH,,303488.2,10.6,7.2
4166,19:00:00,22/06/2024 7:00:00 CH,,303504.4,16.2,9.6
4167,20:00:00,22/06/2024 8:00:00 CH,,303520.0,15.6,10.1
4168,21:00:00,22/06/2024 9:00:00 CH,,303531.8,11.8,7.0
4169,22:00:00,22/06/2024 10:00:00 CH,,303542.7,10.9,6.7
4170,23:00:00,22/06/2024 11:00:00 CH,,303550.4,7.7,4.9
4171,00:00:00,23/06/2024 12:00:00 SA,,303557.3,6.9,4.4
4172,01:00:00,23/06/2024 1:00:00 SA,,303560.3,3.0,1.7
4173,02:00:00,23/06/2024 2:00:00 SA,,303563.0,2.7,1.6
4174,03:00:00,23/06/2024 3:00:00 SA,,303565.6,2.6,1.5
4175,04:00:00,23/06/2024 4:00:00 SA,,303568.1,2.5,1.6
4176,05:00:00,23/06/2024 5:00:00 SA,,303571.8,3.7,2.2
4177,06:00:00,23/06/2024 6:00:00 SA,,303576.8,5.0,3.1
4178,07:00:00,23/06/2024 7:00:00 SA,,303586.0,9.2,5.9
4179,08:00:00,23/06/2024 8:00:00 SA,,303599.1,13.1,8.0
4180,09:00:00,23/06/2024 9:00:00 SA,,303612.0,12.9,8.1
4181,10:00:00,23/06/2024 10:00:00 SA,,303623.0,11.0,7.2
4182,11:00:00,23/06/2024 11:00:00 SA,,303636.4,13.4,7.8
4183,12:00:00,23/06/2024 12:00:00 CH,,303647.4,11.0,6.8
4184,13:00:00,23/06/2024 1:00:00 CH,,303657.6,10.2,6.5
4185,14:00:00,23/06/2024 2:00:00 CH,,303664.1,6.5,3.9
4186,15:00:00,23/06/2024 3:00:00 CH,,303673.9,9.8,5.7
4187,16:00:00,23/06/2024 4:00:00 CH,,303683.5,9.6,6.5
4188,17:00:00,23/06/2024 5:00:00 CH,,303692.2,8.7,5.3
4189,18:00:00,23/06/2024 6:00:00 CH,,303706.4,14.2,9.2
4190,19:00:00,23/06/2024 7:00:00 CH,,303724.0,17.6,11.1
4191,20:00:00,23/06/2024 8:00:00 CH,,303740.5,16.5,10.9
4192,21:00:00,23/06/2024 9:00:00 CH,,303751.7,11.2,6.8
4193,22:00:00,23/06/2024 10:00:00 CH,,303763.7,12.0,7.3
4194,23:00:00,23/06/2024 11:00:00 CH,,303773.0,9.3,5.9
4195,00:00:00,24/06/2024 12:00:00 SA,,303777.4,4.4,2.7
4196,01:00:00,24/06/2024 1:00:00 SA,,303779.7,2.3,1.4
4197,02:00:00,24/06/2024 2:00:00 SA,,303783.4,3.7,2.2
4198,03:00:00,24/06/2024 3:00:00 SA,,303785.9,2.5,1.6
4199,04:00:00,24/06/2024 4:00:00 SA,,303789.1,3.2,1.6
4200,05:00:00,24/06/2024 5:00:00 SA,,303793.0,3.9,2.5
4201,06:00:00,24/06/2024 6:00:00 SA,,303799.1,6.1,3.5
4202,07:00:00,24/06/2024 7:00:00 SA,,303810.0,10.9,7.0
4203,08:00:00,24/06/2024 8:00:00 SA,,303823.3,13.3,8.0
4204,09:00:00,24/06/2024 9:00:00 SA,,303831.5,8.2,7.1
4205,10:00:00,24/06/2024 10:00:00 SA,,303838.5,7.0,7.5
4206,11:00:00,24/06/2024 11:00:00 SA,,303847.7,9.2,9.0
4207,12:00:00,24/06/2024 12:00:00 CH,,303855.7,8.0,8.1
4208,13:00:00,24/06/2024 1:00:00 CH,,303862.5,6.8,6.6
4209,14:00:00,24/06/2024 2:00:00 CH,,303872.8,10.3,9.8
4210,15:00:00,24/06/2024 3:00:00 CH,,303880.4,7.6,6.7
4211,16:00:00,24/06/2024 4:00:00 CH,,303886.6,6.2,6.5
4212,17:00:00,24/06/2024 5:00:00 CH,,303894.2,7.6,7.0
4213,18:00:00,24/06/2024 6:00:00 CH,,303905.3,11.1,10.8
4214,19:00:00,24/06/2024 7:00:00 CH,,303922.8,17.5,17.2
4215,20:00:00,24/06/2024 8:00:00 CH,,303936.3,13.5,14.4
4216,21:00:00,24/06/2024 9:00:00 CH,,303949.1,12.8,12.0
4217,22:00:00,24/06/2024 10:00:00 CH,,303959.4,10.3,10.2
4218,23:00:00,24/06/2024 11:00:00 CH,,303968.1,8.7,8.8
4219,00:00:00,25/06/2024 12:00:00 SA,,303973.8,5.7,5.1
4220,01:00:00,25/06/2024 1:00:00 SA,,303975.8,2.0,2.1
4221,02:00:00,25/06/2024 2:00:00 SA,,303979.3,3.5,3.6
4222,03:00:00,25/06/2024 3:00:00 SA,,303982.2,2.9,2.7
4223,04:00:00,25/06/2024 4:00:00 SA,,303984.1,1.9,2.2
4224,05:00:00,25/06/2024 5:00:00 SA,,303986.5,2.4,2.6
4225,06:00:00,25/06/2024 6:00:00 SA,,303993.2,6.7,5.9
4226,07:00:00,25/06/2024 7:00:00 SA,,304003.5,10.3,8.9
4227,08:00:00,25/06/2024 8:00:00 SA,,304014.9,11.4,11.6
4228,09:00:00,25/06/2024 9:00:00 SA,,304025.6,10.7,10.5
4229,10:00:00,25/06/2024 10:00:00 SA,,304037.0,11.4,11.8
4230,11:00:00,25/06/2024 11:00:00 SA,,304045.8,8.8,8.5
4231,12:00:00,25/06/2024 12:00:00 CH,,304054.7,8.9,8.9
4232,13:00:00,25/06/2024 1:00:00 CH,,304061.4,6.7,7.1
4233,14:00:00,25/06/2024 2:00:00 CH,,304067.8,6.4,5.7
4234,15:00:00,25/06/2024 3:00:00 CH,,304077.9,10.1,10.1
4235,16:00:00,25/06/2024 4:00:00 CH,,304083.7,5.8,6.4
4236,17:00:00,25/06/2024 5:00:00 CH,,304091.2,7.5,7.8
4237,18:00:00,25/06/2024 6:00:00 CH,,304103.3,12.1,12.3
4238,19:00:00,25/06/2024 7:00:00 CH,,304119.8,16.5,16.9
4239,20:00:00,25/06/2024 8:00:00 CH,,304133.3,13.5,14.1
4240,21:00:00,25/06/2024 9:00:00 CH,,304144.5,11.2,12.2
4241,22:00:00,25/06/2024 10:00:00 CH,,304156.2,11.7,12.2
4242,23:00:00,25/06/2024 11:00:00 CH,,304163.5,7.3,7.2
4243,00:00:00,26/06/2024 12:00:00 SA,,304170.1,6.6,6.1
4244,01:00:00,26/06/2024 1:00:00 SA,,304174.1,4.0,4.3
4245,02:00:00,26/06/2024 2:00:00 SA,,304176.5,2.4,2.5
4246,03:00:00,26/06/2024 3:00:00 SA,,304179.2,2.7,2.6
4247,04:00:00,26/06/2024 4:00:00 SA,,304183.3,4.1,3.5
4248,05:00:00,26/06/2024 5:00:00 SA,,304185.9,2.6,2.4
4249,06:00:00,26/06/2024 6:00:00 SA,,304192.5,6.6,6.1
4250,07:00:00,26/06/2024 7:00:00 SA,,304202.0,9.5,9.7
4251,08:00:00,26/06/2024 8:00:00 SA,,304212.8,10.8,10.7
4252,09:00:00,26/06/2024 9:00:00 SA,,304225.8,13.0,12.7
4253,10:00:00,26/06/2024 10:00:00 SA,,304237.1,11.3,12.0
4254,11:00:00,26/06/2024 11:00:00 SA,,304245.6,8.5,8.6
4255,12:00:00,26/06/2024 12:00:00 CH,,304253.8,8.2,7.7
4256,13:00:00,26/06/2024 1:00:00 CH,,304260.4,6.6,6.8
4257,14:00:00,26/06/2024 2:00:00 CH,,304265.7,5.3,5.1
4258,15:00:00,26/06/2024 3:00:00 CH,,304272.5,6.8,6.6
4259,16:00:00,26/06/2024 4:00:00 CH,,304280.3,7.8,7.3
4260,17:00:00,26/06/2024 5:00:00 CH,,304288.7,8.4,8.6
4261,18:00:00,26/06/2024 6:00:00 CH,,304300.8,12.1,12.3
4262,19:00:00,26/06/2024 7:00:00 CH,,304318.1,17.3,16.7
4263,20:00:00,26/06/2024 8:00:00 CH,,304332.9,14.8,14.6
4264,21:00:00,26/06/2024 9:00:00 CH,,304344.0,11.1,10.6
4265,22:00:00,26/06/2024 10:00:00 CH,,304354.3,10.3,10.2
4266,23:00:00,26/06/2024 11:00:00 CH,,304362.7,8.4,9.2
4267,00:00:00,27/06/2024 12:00:00 SA,,304366.1,3.4,3.4
4268,01:00:00,27/06/2024 1:00:00 SA,,304370.8,4.7,4.3
4269,02:00:00,27/06/2024 2:00:00 SA,,304372.8,2.0,2.1
4270,03:00:00,27/06/2024 3:00:00 SA,,304375.6,2.8,2.7
4271,04:00:00,27/06/2024 4:00:00 SA,,304378.3,2.7,2.7
4272,05:00:00,27/06/2024 5:00:00 SA,,304380.4,2.1,1.9
4273,06:00:00,27/06/2024 6:00:00 SA,,304387.1,6.7,6.8
4274,07:00:00,27/06/2024 7:00:00 SA,,304396.1,9.0,8.9
4275,08:00:00,27/06/2024 8:00:00 SA,,304405.6,9.5,9.9
4276,09:00:00,27/06/2024 9:00:00 SA,,304416.3,10.7,11.0
4277,10:00:00,27/06/2024 10:00:00 SA,,304426.8,10.5,10.4
4278,11:00:00,27/06/2024 11:00:00 SA,,304434.8,8.0,7.7
4279,12:00:00,27/06/2024 12:00:00 CH,,304442.3,7.5,7.5
4280,13:00:00,27/06/2024 1:00:00 CH,,304449.1,6.8,6.6
4281,14:00:00,27/06/2024 2:00:00 CH,,304456.3,7.2,7.7
4282,15:00:00,27/06/2024 3:00:00 CH,,304462.5,6.2,6.3
4283,16:00:00,27/06/2024 4:00:00 CH,,304468.5,6.0,5.4
4284,17:00:00,27/06/2024 5:00:00 CH,,304477.8,9.3,9.5
4285,18:00:00,27/06/2024 6:00:00 CH,,304490.8,13.0,13.0
4286,19:00:00,27/06/2024 7:00:00 CH,,304506.2,15.4,15.8
4287,20:00:00,27/06/2024 8:00:00 CH,,304520.6,14.4,14.2
4288,21:00:00,27/06/2024 9:00:00 CH,,304532.2,11.6,11.8
4289,22:00:00,27/06/2024 10:00:00 CH,,304543.8,11.6,12.1
4290,23:00:00,27/06/2024 11:00:00 CH,,304553.5,9.7,9.7
4291,00:00:00,28/06/2024 12:00:00 SA,,304558.1,4.6,4.3
4292,01:00:00,28/06/2024 1:00:00 SA,,304562.8,4.7,4.5
4293,02:00:00,28/06/2024 2:00:00 SA,,304565.2,2.4,2.1
4294,03:00:00,28/06/2024 3:00:00 SA,,304568.2,3.0,3.0
4295,04:00:00,28/06/2024 4:00:00 SA,,304569.9,1.7,1.6
4296,05:00:00,28/06/2024 5:00:00 SA,,304574.1,4.2,4.1
4297,06:00:00,28/06/2024 6:00:00 SA,,304581.0,6.9,6.3
4298,07:00:00,28/06/2024 7:00:00 SA,,304592.1,11.1,11.0
4299,08:00:00,28/06/2024 8:00:00 SA,,304604.7,12.6,12.4
4300,09:00:00,28/06/2024 9:00:00 SA,,304615.5,10.8,10.6
4301,10:00:00,28/06/2024 10:00:00 SA,,304624.6,9.1,9.5
4302,11:00:00,28/06/2024 11:00:00 SA,,304632.3,7.7,7.4
4303,12:00:00,28/06/2024 12:00:00 CH,,304639.6,7.3,6.9
4304,13:00:00,28/06/2024 1:00:00 CH,,304646.0,6.4,6.7
4305,14:00:00,28/06/2024 2:00:00 CH,,304651.6,5.6,5.2
4306,15:00:00,28/06/2024 3:00:00 CH,,304659.5,7.9,7.5
4307,16:00:00,28/06/2024 4:00:00 CH,,304665.4,5.9,6.0
4308,17:00:00,28/06/2024 5:00:00 CH,,304673.7,8.3,8.3
4309,18:00:00,28/06/2024 6:00:00 CH,,304685.0,11.3,11.4
4310,19:00:00,28/06/2024 7:00:00 CH,,304701.5,16.5,16.0
4311,20:00:00,28/06/2024 8:00:00 CH,,304716.7,15.2,16.0
4312,21:00:00,28/06/2024 9:00:00 CH,,304728.1,11.4,12.3
4313,22:00:00,28/06/2024 10:00:00 CH,,304737.5,9.4,9.1
4314,23:00:00,28/06/2024 11:00:00 CH,,304746.0,8.5,8.1
4315,00:00:00,29/06/2024 12:00:00 SA,,304751.7,5.7,5.7
4316,01:00:00,29/06/2024 1:00:00 SA,,304754.1,2.4,2.1
4317,02:00:00,29/06/2024 2:00:00 SA,,304757.0,2.9,2.9
4318,03:00:00,29/06/2024 3:00:00 SA,,304760.0,3.0,3.0
4319,04:00:00,29/06/2024 4:00:00 SA,,304762.7,2.7,2.8
4320,05:00:00,29/06/2024 5:00:00 SA,,304764.8,2.1,2.0
4321,06:00:00,29/06/2024 6:00:00 SA,,304770.4,5.6,5.3
4322,07:00:00,29/06/2024 7:00:00 SA,,304780.6,10.2,10.0
4323,08:00:00,29/06/2024 8:00:00 SA,,304792.7,12.1,13.3
4324,09:00:00,29/06/2024 9:00:00 SA,,304806.6,13.9,13.9
4325,10:00:00,29/06/2024 10:00:00 SA,,304817.9,11.3,11.4
4326,11:00:00,29/06/2024 11:00:00 SA,,304828.5,10.6,10.7
4327,12:00:00,29/06/2024 12:00:00 CH,,304838.7,10.2,9.8
4328,13:00:00,29/06/2024 1:00:00 CH,,304846.6,7.9,8.4
4329,14:00:00,29/06/2024 2:00:00 CH,,304853.2,6.6,6.3
4330,15:00:00,29/06/2024 3:00:00 CH,,304859.9,6.7,6.0
4331,16:00:00,29/06/2024 4:00:00 CH,,304867.8,7.9,8.3
4332,17:00:00,29/06/2024 5:00:00 CH,,304877.0,9.2,8.8
4333,18:00:00,29/06/2024 6:00:00 CH,,304887.7,10.7,10.9
4334,19:00:00,29/06/2024 7:00:00 CH,,304903.5,15.8,15.5
4335,20:00:00,29/06/2024 8:00:00 CH,,304917.9,14.4,14.0
4336,21:00:00,29/06/2024 9:00:00 CH,,304929.3,11.4,11.8
4337,22:00:00,29/06/2024 10:00:00 CH,,304938.5,9.2,8.7
4338,23:00:00,29/06/2024 11:00:00 CH,,304947.1,8.6,7.8
4339,00:00:00,30/06/2024 12:00:00 SA,,304951.6,4.5,4.6
4340,01:00:00,30/06/2024 1:00:00 SA,,304958.0,6.4,6.4
4341,02:00:00,30/06/2024 2:00:00 SA,,304960.0,2.0,2.2
4342,03:00:00,30/06/2024 3:00:00 SA,,304963.4,3.4,3.4
4343,04:00:00,30/06/2024 4:00:00 SA,,304966.5,3.1,2.8
4344,05:00:00,30/06/2024 5:00:00 SA,,304968.6,2.1,2.0
4345,06:00:00,30/06/2024 6:00:00 SA,,304974.8,6.2,6.1
4346,07:00:00,30/06/2024 7:00:00 SA,,304982.8,8.0,7.5
4347,08:00:00,30/06/2024 8:00:00 SA,,0.0,-304982.8,12.9
4348,09:00:00,30/06/2024 9:00:00 SA,,305007.7,305007.7,11.3
4349,10:00:00,30/06/2024 10:00:00 SA,,305018.0,10.3,10.2
4350,11:00:00,30/06/2024 11:00:00 SA,,305026.8,8.8,8.6
4351,12:00:00,30/06/2024 12:00:00 CH,,305035.9,9.1,9.3
4352,13:00:00,30/06/2024 1:00:00 CH,,305042.7,6.8,6.5
4353,14:00:00,30/06/2024 2:00:00 CH,,305049.1,6.4,6.6
4354,15:00:00,30/06/2024 3:00:00 CH,,305056.3,7.2,6.7
4355,16:00:00,30/06/2024 4:00:00 CH,,305065.5,9.2,9.6
4356,17:00:00,30/06/2024 5:00:00 CH,,305076.6,11.1,11.0
4357,18:00:00,30/06/2024 6:00:00 CH,,305090.2,13.6,13.1
4358,19:00:00,30/06/2024 7:00:00 CH,,305106.8,16.6,15.8
4359,20:00:00,30/06/2024 8:00:00 CH,,305120.1,13.3,13.1
4360,21:00:00,30/06/2024 9:00:00 CH,,305131.9,11.8,11.9
4361,22:00:00,30/06/2024 10:00:00 CH,,305142.9,11.0,11.7
4362,23:00:00,30/06/2024 11:00:00 CH,,305152.3,9.4,9.7
4363,00:00:00,01/07/2024 12:00:00 SA,,305159.6,7.3,7.4
4364,01:00:00,01/07/2024 1:00:00 SA,,305163.2,3.6,3.4
4365,02:00:00,01/07/2024 2:00:00 SA,,305166.4,3.2,3.2
4366,03:00:00,01/07/2024 3:00:00 SA,,305170.7,4.3,4.2
4367,04:00:00,01/07/2024 4:00:00 SA,,305173.1,2.4,2.4
4368,05:00:00,01/07/2024 5:00:00 SA,,305176.7,3.6,3.3
4369,06:00:00,01/07/2024 6:00:00 SA,,305183.7,7.0,6.8
4370,07:00:00,01/07/2024 7:00:00 SA,,305194.4,10.7,11.6
4371,09:00:00,01/07/2024 9:00:00 SA,,305221.1,26.7,0.0
4372,10:00:00,01/07/2024 10:00:00 SA,,305232.6,11.5,10.5
4373,11:00:00,01/07/2024 11:00:00 SA,,305241.1,8.5,9.1
4374,12:00:00,01/07/2024 12:00:00 CH,,305250.6,9.5,9.4
4375,13:00:00,01/07/2024 1:00:00 CH,,305258.4,7.8,8.1
4376,14:00:00,01/07/2024 2:00:00 CH,,305265.3,6.9,6.6
4377,15:00:00,01/07/2024 3:00:00 CH,,305270.8,5.5,4.8
4378,16:00:00,01/07/2024 4:00:00 CH,,305278.4,7.6,7.5
4379,17:00:00,01/07/2024 5:00:00 CH,,305286.1,7.7,7.8
4380,18:00:00,01/07/2024 6:00:00 CH,,305297.5,11.4,10.6
4381,19:00:00,01/07/2024 7:00:00 CH,,305315.3,17.8,17.2
4382,20:00:00,01/07/2024 8:00:00 CH,,305332.7,17.4,17.6
4383,21:00:00,01/07/2024 9:00:00 CH,,305344.4,11.7,11.7
4384,22:00:00,01/07/2024 10:00:00 CH,,305354.6,10.2,9.9
4385,23:00:00,01/07/2024 11:00:00 CH,,305364.9,10.3,11.2
4386,00:00:00,02/07/2024 12:00:00 SA,,305369.3,4.4,4.2
4387,01:00:00,02/07/2024 1:00:00 SA,,305373.3,4.0,3.8
4388,02:00:00,02/07/2024 2:00:00 SA,,305376.5,3.2,2.9
4389,03:00:00,02/07/2024 3:00:00 SA,,305377.9,1.4,1.5
4390,04:00:00,02/07/2024 4:00:00 SA,,305381.0,3.1,3.2
4391,05:00:00,02/07/2024 5:00:00 SA,,305384.1,3.1,3.1
4392,06:00:00,02/07/2024 6:00:00 SA,,305390.6,6.5,5.9
4393,07:00:00,02/07/2024 7:00:00 SA,,305401.9,11.3,11.6
4394,08:00:00,02/07/2024 8:00:00 SA,,305415.2,13.3,13.9
4395,09:00:00,02/07/2024 9:00:00 SA,,305428.4,13.2,14.3
4396,10:00:00,02/07/2024 10:00:00 SA,,305438.3,9.9,9.4
4397,11:00:00,02/07/2024 11:00:00 SA,,305447.8,9.5,9.3
4398,12:00:00,02/07/2024 12:00:00 CH,,305456.2,8.4,8.3
4399,13:00:00,02/07/2024 1:00:00 CH,,305463.7,7.5,6.9
4400,14:00:00,02/07/2024 2:00:00 CH,,305471.5,7.8,8.2
4401,15:00:00,02/07/2024 3:00:00 CH,,305481.8,10.3,7.1
4402,16:00:00,02/07/2024 4:00:00 CH,,305490.1,8.3,8.4
4403,17:00:00,02/07/2024 5:00:00 CH,,305498.0,7.9,7.2
4404,18:00:00,02/07/2024 6:00:00 CH,,305511.5,13.5,12.3
4405,19:00:00,02/07/2024 7:00:00 CH,,305529.1,17.6,17.7
4406,20:00:00,02/07/2024 8:00:00 CH,,305543.1,14.0,13.8
4407,21:00:00,02/07/2024 9:00:00 CH,,305555.4,12.3,11.9
4408,22:00:00,02/07/2024 10:00:00 CH,,305567.7,12.3,11.5
4409,23:00:00,02/07/2024 11:00:00 CH,,305577.2,9.5,9.7
4410,00:00:00,03/07/2024 12:00:00 SA,,305582.5,5.3,5.3
4411,01:00:00,03/07/2024 1:00:00 SA,,305587.9,5.4,5.3
4412,02:00:00,03/07/2024 2:00:00 SA,,305592.2,4.3,3.7
4413,03:00:00,03/07/2024 3:00:00 SA,,305597.0,4.8,4.3
4414,04:00:00,03/07/2024 4:00:00 SA,,305601.1,4.1,4.4
4415,05:00:00,03/07/2024 5:00:00 SA,,305607.2,6.1,5.9
4416,06:00:00,03/07/2024 6:00:00 SA,,305614.7,7.5,6.9
4417,07:00:00,03/07/2024 7:00:00 SA,,305626.3,11.6,11.8
4418,08:00:00,03/07/2024 8:00:00 SA,,305638.2,11.9,11.4
4419,09:00:00,03/07/2024 9:00:00 SA,,305649.7,11.5,11.0
4420,10:00:00,03/07/2024 10:00:00 SA,,305659.8,10.1,10.3
4421,11:00:00,03/07/2024 11:00:00 SA,,305667.3,7.5,7.3
4422,12:00:00,03/07/2024 12:00:00 CH,,305676.5,9.2,8.9
4423,13:00:00,03/07/2024 1:00:00 CH,,305685.1,8.6,8.5
4424,14:00:00,03/07/2024 2:00:00 CH,,305693.0,7.9,7.9
4425,15:00:00,03/07/2024 3:00:00 CH,,305701.6,8.6,9.1
4426,16:00:00,03/07/2024 4:00:00 CH,,305710.2,8.6,8.9
4427,17:00:00,03/07/2024 5:00:00 CH,,305717.8,7.6,7.3
4428,18:00:00,03/07/2024 6:00:00 CH,,305730.7,12.9,12.6
4429,19:00:00,03/07/2024 7:00:00 CH,,305750.5,19.8,20.9
4430,20:00:00,03/07/2024 8:00:00 CH,,305766.3,15.8,14.8
4431,21:00:00,03/07/2024 9:00:00 CH,,305777.8,11.5,11.8
4432,22:00:00,03/07/2024 10:00:00 CH,,305789.0,11.2,10.5
4433,23:00:00,03/07/2024 11:00:00 CH,,305799.4,10.4,10.8
4434,00:00:00,04/07/2024 12:00:00 SA,,305805.3,5.9,5.7
4435,01:00:00,04/07/2024 1:00:00 SA,,305808.3,3.0,3.3
4436,02:00:00,04/07/2024 2:00:00 SA,,305811.9,3.6,3.9
4437,03:00:00,04/07/2024 3:00:00 SA,,305815.1,3.2,2.7
4438,04:00:00,04/07/2024 4:00:00 SA,,305817.8,2.7,2.7
4439,05:00:00,04/07/2024 5:00:00 SA,,305821.8,4.0,4.4
4440,06:00:00,04/07/2024 6:00:00 SA,,305829.4,7.6,7.5
4441,07:00:00,04/07/2024 7:00:00 SA,,305840.6,11.2,10.6
4442,08:00:00,04/07/2024 8:00:00 SA,,305854.5,13.9,13.2
4443,09:00:00,04/07/2024 9:00:00 SA,,305866.2,11.7,12.5
4444,10:00:00,04/07/2024 10:00:00 SA,,305875.7,9.5,9.4
4445,11:00:00,04/07/2024 11:00:00 SA,,305885.4,9.7,9.7
4446,12:00:00,04/07/2024 12:00:00 CH,,305893.0,7.6,7.4
4447,13:00:00,04/07/2024 1:00:00 CH,,305901.0,8.0,8.4
4448,14:00:00,04/07/2024 2:00:00 CH,,305909.4,8.4,8.7
4449,15:00:00,04/07/2024 3:00:00 CH,,305916.5,7.1,7.1
4450,16:00:00,04/07/2024 4:00:00 CH,,305923.0,6.5,6.9
4451,17:00:00,04/07/2024 5:00:00 CH,,305930.6,7.6,7.5
4452,18:00:00,04/07/2024 6:00:00 CH,,305942.6,12.0,11.6
4453,19:00:00,04/07/2024 7:00:00 CH,,305958.7,16.1,15.6
4454,20:00:00,04/07/2024 8:00:00 CH,,305972.7,14.0,14.2
4455,21:00:00,04/07/2024 9:00:00 CH,,305985.5,12.8,13.2
4456,22:00:00,04/07/2024 10:00:00 CH,,305997.1,11.6,11.7
4457,23:00:00,04/07/2024 11:00:00 CH,,306007.0,9.9,10.2
4458,00:00:00,05/07/2024 12:00:00 SA,,306013.6,6.6,6.7
4459,01:00:00,05/07/2024 1:00:00 SA,,306016.0,2.4,2.3
4460,02:00:00,05/07/2024 2:00:00 SA,,306019.4,3.4,3.6
4461,03:00:00,05/07/2024 3:00:00 SA,,306022.6,3.2,3.1
4462,04:00:00,05/07/2024 4:00:00 SA,,306025.4,2.8,2.8
4463,05:00:00,05/07/2024 5:00:00 SA,,306028.6,3.2,2.8
4464,06:00:00,05/07/2024 6:00:00 SA,,306036.1,7.5,7.0
4465,07:00:00,05/07/2024 7:00:00 SA,,306046.4,10.3,10.8
4466,08:00:00,05/07/2024 8:00:00 SA,,306059.4,13.0,12.4
4467,09:00:00,05/07/2024 9:00:00 SA,,306070.9,11.5,11.9
4468,10:00:00,05/07/2024 10:00:00 SA,,306084.2,13.3,12.7
4469,11:00:00,05/07/2024 11:00:00 SA,,306093.6,9.4,9.9
4470,12:00:00,05/07/2024 12:00:00 CH,,306101.5,7.9,7.9
4471,13:00:00,05/07/2024 1:00:00 CH,,306108.0,6.5,6.7
4472,14:00:00,05/07/2024 2:00:00 CH,,306115.5,7.5,7.4
4473,15:00:00,05/07/2024 3:00:00 CH,,306123.7,8.2,7.4
4474,16:00:00,05/07/2024 4:00:00 CH,,306134.1,10.4,11.2
4475,17:00:00,05/07/2024 5:00:00 CH,,306140.9,6.8,6.7
4476,18:00:00,05/07/2024 6:00:00 CH,,306152.9,12.0,11.1
4477,19:00:00,05/07/2024 7:00:00 CH,,306169.6,16.7,16.6
4478,20:00:00,05/07/2024 8:00:00 CH,,306183.7,14.1,13.9
4479,21:00:00,05/07/2024 9:00:00 CH,,306195.7,12.0,11.8
4480,22:00:00,05/07/2024 10:00:00 CH,,306206.5,10.8,11.2
4481,23:00:00,05/07/2024 11:00:00 CH,,306216.5,10.0,10.9
4482,00:00:00,06/07/2024 12:00:00 SA,,306222.5,6.0,5.4
4483,01:00:00,06/07/2024 1:00:00 SA,,306225.5,3.0,3.2
4484,02:00:00,06/07/2024 2:00:00 SA,,306229.1,3.6,3.6
4485,03:00:00,06/07/2024 3:00:00 SA,,306231.7,2.6,2.3
4486,04:00:00,06/07/2024 4:00:00 SA,,306234.6,2.9,3.3
4487,05:00:00,06/07/2024 5:00:00 SA,,306238.2,3.6,3.1
4488,06:00:00,06/07/2024 6:00:00 SA,,306245.4,7.2,6.4
4489,07:00:00,06/07/2024 7:00:00 SA,,306254.9,9.5,9.5
4490,08:00:00,06/07/2024 8:00:00 SA,,306268.4,13.5,13.4
4491,09:00:00,06/07/2024 9:00:00 SA,,306281.6,13.2,13.3
4492,10:00:00,06/07/2024 10:00:00 SA,,306293.0,11.4,11.4
4493,11:00:00,06/07/2024 11:00:00 SA,,306302.4,9.4,9.4
4494,12:00:00,06/07/2024 12:00:00 CH,,306311.7,9.3,9.8
4495,13:00:00,06/07/2024 1:00:00 CH,,306320.6,8.9,9.2
4496,14:00:00,06/07/2024 2:00:00 CH,,306326.4,5.8,5.9
4497,15:00:00,06/07/2024 3:00:00 CH,,306332.8,6.4,5.4
4498,16:00:00,06/07/2024 4:00:00 CH,,306342.4,9.6,9.6
4499,17:00:00,06/07/2024 5:00:00 CH,,306351.2,8.8,9.3
4500,18:00:00,06/07/2024 6:00:00 CH,,306362.6,11.4,11.5
4501,19:00:00,06/07/2024 7:00:00 CH,,306379.6,17.0,17.2
4502,20:00:00,06/07/2024 8:00:00 CH,,306393.3,13.7,14.3
4503,21:00:00,06/07/2024 9:00:00 CH,,306403.4,10.1,10.9
4504,22:00:00,06/07/2024 10:00:00 CH,,306412.7,9.3,8.9
4505,23:00:00,06/07/2024 11:00:00 CH,,306421.0,8.3,8.3
4506,00:00:00,07/07/2024 12:00:00 SA,,306426.9,5.9,5.6
4507,01:00:00,07/07/2024 1:00:00 SA,,306431.2,4.3,4.2
4508,02:00:00,07/07/2024 2:00:00 SA,,306433.2,2.0,2.0
4509,03:00:00,07/07/2024 3:00:00 SA,,306436.3,3.1,2.8
4510,04:00:00,07/07/2024 4:00:00 SA,,306439.3,3.0,3.1
4511,05:00:00,07/07/2024 5:00:00 SA,,306441.5,2.2,2.0
4512,06:00:00,07/07/2024 6:00:00 SA,,306447.6,6.1,6.1
4513,07:00:00,07/07/2024 7:00:00 SA,,306456.9,9.3,9.2
4514,08:00:00,07/07/2024 8:00:00 SA,,306468.2,11.3,11.3
4515,09:00:00,07/07/2024 9:00:00 SA,,306485.0,16.8,16.3
4516,10:00:00,07/07/2024 10:00:00 SA,,306497.2,12.2,11.8
4517,11:00:00,07/07/2024 11:00:00 SA,,306509.1,11.9,12.2
4518,12:00:00,07/07/2024 12:00:00 CH,,306518.6,9.5,9.2
4519,13:00:00,07/07/2024 1:00:00 CH,,306528.2,9.6,10.1
4520,14:00:00,07/07/2024 2:00:00 CH,,306535.9,7.7,7.2
4521,15:00:00,07/07/2024 3:00:00 CH,,306544.3,8.4,8.3
4522,16:00:00,07/07/2024 4:00:00 CH,,306551.6,7.3,7.1
4523,17:00:00,07/07/2024 5:00:00 CH,,306563.2,11.6,11.1
4524,18:00:00,07/07/2024 6:00:00 CH,,306575.5,12.3,11.6
4525,19:00:00,07/07/2024 7:00:00 CH,,306593.4,17.9,16.4
4526,20:00:00,07/07/2024 8:00:00 CH,,306608.5,15.1,15.2
4527,21:00:00,07/07/2024 9:00:00 CH,,306619.8,11.3,11.9
4528,22:00:00,07/07/2024 10:00:00 CH,,306631.9,12.1,12.1
4529,23:00:00,07/07/2024 11:00:00 CH,,306643.1,11.2,11.8
4530,00:00:00,08/07/2024 12:00:00 SA,,306648.5,5.4,6.0
4531,01:00:00,08/07/2024 1:00:00 SA,,306651.1,2.6,2.4
4532,02:00:00,08/07/2024 2:00:00 SA,,306655.2,4.1,4.2
4533,03:00:00,08/07/2024 3:00:00 SA,,306657.0,1.8,1.6
4534,04:00:00,08/07/2024 4:00:00 SA,,306660.2,3.2,3.1
4535,05:00:00,08/07/2024 5:00:00 SA,,306662.6,2.4,2.2
4536,06:00:00,08/07/2024 6:00:00 SA,,306670.1,7.5,7.0
4537,07:00:00,08/07/2024 7:00:00 SA,,306681.5,11.4,10.6
4538,08:00:00,08/07/2024 8:00:00 SA,,306693.6,12.1,11.8
4539,09:00:00,08/07/2024 9:00:00 SA,,306702.1,8.5,9.0
4540,10:00:00,08/07/2024 10:00:00 SA,,306712.0,9.9,10.1
4541,11:00:00,08/07/2024 11:00:00 SA,,306722.2,10.2,9.8
4542,12:00:00,08/07/2024 12:00:00 CH,,306732.6,10.4,9.1
4543,13:00:00,08/07/2024 1:00:00 CH,,306744.4,11.8,12.1
4544,14:00:00,08/07/2024 2:00:00 CH,,306750.4,6.0,6.0
4545,15:00:00,08/07/2024 3:00:00 CH,,306757.6,7.2,7.0
4546,16:00:00,08/07/2024 4:00:00 CH,,306766.0,8.4,9.1
4547,17:00:00,08/07/2024 5:00:00 CH,,306773.1,7.1,6.6
4548,18:00:00,08/07/2024 6:00:00 CH,,306785.0,11.9,11.6
4549,19:00:00,08/07/2024 7:00:00 CH,,306802.8,17.8,17.8
4550,20:00:00,08/07/2024 8:00:00 CH,,306819.9,17.1,16.8
4551,21:00:00,08/07/2024 9:00:00 CH,,306833.7,13.8,14.8
4552,22:00:00,08/07/2024 10:00:00 CH,,306844.9,11.2,10.5
4553,23:00:00,08/07/2024 11:00:00 CH,,306854.7,9.8,9.6
4554,00:00:00,09/07/2024 12:00:00 SA,,306860.9,6.2,6.2
4555,01:00:00,09/07/2024 1:00:00 SA,,306863.7,2.8,2.9
4556,02:00:00,09/07/2024 2:00:00 SA,,306866.3,2.6,2.5
4557,03:00:00,09/07/2024 3:00:00 SA,,306869.8,3.5,3.6
4558,04:00:00,09/07/2024 4:00:00 SA,,306871.6,1.8,2.0
4559,05:00:00,09/07/2024 5:00:00 SA,,306875.7,4.1,4.2
4560,06:00:00,09/07/2024 6:00:00 SA,,306881.8,6.1,5.5
4561,07:00:00,09/07/2024 7:00:00 SA,,306896.1,14.3,14.3
4562,08:00:00,09/07/2024 8:00:00 SA,,306909.9,13.8,14.0
4563,09:00:00,09/07/2024 9:00:00 SA,,306924.6,14.7,14.1
4564,10:00:00,09/07/2024 10:00:00 SA,,306936.7,12.1,12.5
4565,11:00:00,09/07/2024 11:00:00 SA,,306947.7,11.0,11.2
4566,12:00:00,09/07/2024 12:00:00 CH,,306956.0,8.3,8.8
4567,13:00:00,09/07/2024 1:00:00 CH,,306962.2,6.2,6.3
4568,14:00:00,09/07/2024 2:00:00 CH,,306968.7,6.5,6.1
4569,15:00:00,09/07/2024 3:00:00 CH,,306975.8,7.1,6.6
4570,16:00:00,09/07/2024 4:00:00 CH,,306982.8,7.0,6.9
4571,17:00:00,09/07/2024 5:00:00 CH,,306990.2,7.4,7.8
4572,18:00:00,09/07/2024 6:00:00 CH,,307002.6,12.4,11.4
4573,19:00:00,09/07/2024 7:00:00 CH,,307019.9,17.3,16.6
4574,20:00:00,09/07/2024 8:00:00 CH,,307034.9,15.0,14.0
4575,21:00:00,09/07/2024 9:00:00 CH,,307048.0,13.1,13.2
4576,22:00:00,09/07/2024 10:00:00 CH,,307059.5,11.5,11.0
4577,23:00:00,09/07/2024 11:00:00 CH,,307068.1,8.6,9.6
4578,00:00:00,10/07/2024 12:00:00 SA,,307073.3,5.2,5.5
4579,01:00:00,10/07/2024 1:00:00 SA,,307075.5,2.2,2.2
4580,02:00:00,10/07/2024 2:00:00 SA,,307078.6,3.1,3.3
4581,03:00:00,10/07/2024 3:00:00 SA,,307081.7,3.1,3.2
4582,04:00:00,10/07/2024 4:00:00 SA,,307083.2,1.5,1.4
4583,05:00:00,10/07/2024 5:00:00 SA,,307087.3,4.1,4.5
4584,06:00:00,10/07/2024 6:00:00 SA,,307092.8,5.5,5.3
4585,07:00:00,10/07/2024 7:00:00 SA,,307105.5,12.7,13.1
4586,08:00:00,10/07/2024 8:00:00 SA,,307118.8,13.3,13.6
4587,09:00:00,10/07/2024 9:00:00 SA,,307128.4,9.6,8.9
4588,10:00:00,10/07/2024 10:00:00 SA,,307139.2,10.8,10.3
4589,11:00:00,10/07/2024 11:00:00 SA,,307153.2,14.0,13.6
4590,12:00:00,10/07/2024 12:00:00 CH,,307167.4,14.2,13.9
4591,13:00:00,10/07/2024 1:00:00 CH,,307175.8,8.4,8.5
4592,14:00:00,10/07/2024 2:00:00 CH,,307182.9,7.1,7.6
4593,15:00:00,10/07/2024 3:00:00 CH,,307189.3,6.4,6.2
4594,16:00:00,10/07/2024 4:00:00 CH,,307198.0,8.7,8.4
4595,17:00:00,10/07/2024 5:00:00 CH,,307206.2,8.2,7.7
4596,18:00:00,10/07/2024 6:00:00 CH,,307218.3,12.1,12.6
4597,19:00:00,10/07/2024 7:00:00 CH,,307234.3,16.0,15.4
4598,20:00:00,10/07/2024 8:00:00 CH,,307247.8,13.5,13.2
4599,21:00:00,10/07/2024 9:00:00 CH,,307259.8,12.0,13.2
4600,22:00:00,10/07/2024 10:00:00 CH,,307270.6,10.8,11.5
4601,23:00:00,10/07/2024 11:00:00 CH,,307279.8,9.2,9.3
4602,00:00:00,11/07/2024 12:00:00 SA,,307283.0,3.2,3.6
4603,01:00:00,11/07/2024 1:00:00 SA,,307286.3,3.3,3.1
4604,02:00:00,11/07/2024 2:00:00 SA,,307288.6,2.3,1.9
4605,03:00:00,11/07/2024 3:00:00 SA,,307291.2,2.6,2.8
4606,04:00:00,11/07/2024 4:00:00 SA,,307293.0,1.8,1.8
4607,05:00:00,11/07/2024 5:00:00 SA,,307297.2,4.2,4.2
4608,06:00:00,11/07/2024 6:00:00 SA,,307302.9,5.7,4.8
4609,07:00:00,11/07/2024 7:00:00 SA,,307313.7,10.8,10.4
4610,08:00:00,11/07/2024 8:00:00 SA,,307328.7,15.0,14.9
4611,09:00:00,11/07/2024 9:00:00 SA,,307344.3,15.6,15.8
4612,10:00:00,11/07/2024 10:00:00 SA,,307356.9,12.6,13.5
4613,11:00:00,11/07/2024 11:00:00 SA,,307366.6,9.7,8.8
4614,12:00:00,11/07/2024 12:00:00 CH,,307375.7,9.1,9.7
4615,13:00:00,11/07/2024 1:00:00 CH,,307381.6,5.9,5.0
4616,14:00:00,11/07/2024 2:00:00 CH,,307388.6,7.0,6.8
4617,15:00:00,11/07/2024 3:00:00 CH,,307396.6,8.0,8.0
4618,16:00:00,11/07/2024 4:00:00 CH,,307402.1,5.5,10.1
4619,17:00:00,11/07/2024 5:00:00 CH,,307412.2,10.1,7.8
4620,18:00:00,11/07/2024 6:00:00 CH,,307423.1,10.9,10.2
4621,19:00:00,11/07/2024 7:00:00 CH,,307441.1,18.0,18.0
4622,20:00:00,11/07/2024 8:00:00 CH,,307458.1,17.0,16.9
4623,21:00:00,11/07/2024 9:00:00 CH,,307470.6,12.5,11.9
4624,22:00:00,11/07/2024 10:00:00 CH,,307480.7,10.1,10.1
4625,23:00:00,11/07/2024 11:00:00 CH,,307492.0,11.3,11.2
4626,00:00:00,12/07/2024 12:00:00 SA,,307498.5,6.5,6.7
4627,01:00:00,12/07/2024 1:00:00 SA,,307504.7,6.2,5.9
4628,02:00:00,12/07/2024 2:00:00 SA,,307509.0,4.3,4.2
4629,03:00:00,12/07/2024 3:00:00 SA,,307513.9,4.9,5.0
4630,04:00:00,12/07/2024 4:00:00 SA,,307519.2,5.3,5.2
4631,05:00:00,12/07/2024 5:00:00 SA,,307523.9,4.7,4.3
4632,06:00:00,12/07/2024 6:00:00 SA,,307533.2,9.3,9.3
4633,07:00:00,12/07/2024 7:00:00 SA,,307546.4,13.2,12.9
4634,08:00:00,12/07/2024 8:00:00 SA,,307559.1,12.7,13.1
4635,09:00:00,12/07/2024 9:00:00 SA,,307571.7,12.6,12.7
4636,10:00:00,12/07/2024 10:00:00 SA,,307582.3,10.6,9.8
4637,11:00:00,12/07/2024 11:00:00 SA,,307592.8,10.5,10.0
4638,12:00:00,12/07/2024 12:00:00 CH,,307601.6,8.8,8.4
4639,13:00:00,12/07/2024 1:00:00 CH,,307609.4,7.8,8.1
4640,14:00:00,12/07/2024 2:00:00 CH,,307616.4,7.0,6.8
4641,15:00:00,12/07/2024 3:00:00 CH,,307624.3,7.9,8.8
4642,16:00:00,12/07/2024 4:00:00 CH,,307632.8,8.5,8.4
4643,17:00:00,12/07/2024 5:00:00 CH,,307639.7,6.9,6.4
4644,18:00:00,12/07/2024 6:00:00 CH,,307653.6,13.9,13.7
4645,19:00:00,12/07/2024 7:00:00 CH,,307669.2,15.6,15.2
4646,20:00:00,12/07/2024 8:00:00 CH,,307685.9,16.7,16.9
4647,21:00:00,12/07/2024 9:00:00 CH,,307698.0,12.1,11.9
4648,22:00:00,12/07/2024 10:00:00 CH,,307708.3,10.3,10.4
4649,23:00:00,12/07/2024 11:00:00 CH,,307718.9,10.6,10.6
4650,00:00:00,13/07/2024 12:00:00 SA,,307722.5,3.6,4.1
4651,01:00:00,13/07/2024 1:00:00 SA,,307725.9,3.4,3.5
4652,02:00:00,13/07/2024 2:00:00 SA,,307728.2,2.3,1.8
4653,03:00:00,13/07/2024 3:00:00 SA,,307732.2,4.0,4.3
4654,04:00:00,13/07/2024 4:00:00 SA,,307735.4,3.2,3.0
4655,05:00:00,13/07/2024 5:00:00 SA,,307738.5,3.1,3.2
4656,06:00:00,13/07/2024 6:00:00 SA,,307743.8,5.3,5.1
4657,07:00:00,13/07/2024 7:00:00 SA,,307755.0,11.2,10.7
4658,08:00:00,13/07/2024 8:00:00 SA,,307769.5,14.5,14.2
4659,09:00:00,13/07/2024 9:00:00 SA,,307784.2,14.7,14.4
4660,10:00:00,13/07/2024 10:00:00 SA,,307793.8,9.6,10.1
4661,11:00:00,13/07/2024 11:00:00 SA,,307804.6,10.8,10.4
4662,12:00:00,13/07/2024 12:00:00 CH,,307813.7,9.1,8.6
4663,13:00:00,13/07/2024 1:00:00 CH,,307823.7,10.0,9.4
4664,14:00:00,13/07/2024 2:00:00 CH,,307831.8,8.1,8.3
4665,15:00:00,13/07/2024 3:00:00 CH,,307837.5,5.7,5.8
4666,16:00:00,13/07/2024 4:00:00 CH,,307848.5,11.0,11.3
4667,17:00:00,13/07/2024 5:00:00 CH,,307859.8,11.3,11.1
4668,18:00:00,13/07/2024 6:00:00 CH,,307872.7,12.9,12.8
4669,19:00:00,13/07/2024 7:00:00 CH,,307890.0,17.3,16.4
4670,20:00:00,13/07/2024 8:00:00 CH,,307903.3,13.3,13.8
4671,21:00:00,13/07/2024 9:00:00 CH,,307913.3,10.0,9.3
4672,22:00:00,13/07/2024 10:00:00 CH,,307922.6,9.3,9.5
4673,23:00:00,13/07/2024 11:00:00 CH,,307929.7,7.1,7.0
4674,00:00:00,14/07/2024 12:00:00 SA,,307935.9,6.2,6.2
4675,01:00:00,14/07/2024 1:00:00 SA,,307938.5,2.6,2.3
4676,02:00:00,14/07/2024 2:00:00 SA,,307942.2,3.7,3.7
4677,03:00:00,14/07/2024 3:00:00 SA,,307943.5,1.3,1.2
4678,04:00:00,14/07/2024 4:00:00 SA,,307946.1,2.6,2.8
4679,05:00:00,14/07/2024 5:00:00 SA,,307949.0,2.9,3.2
4680,06:00:00,14/07/2024 6:00:00 SA,,307954.0,5.0,4.9
4681,07:00:00,14/07/2024 7:00:00 SA,,307964.2,10.2,10.0
4682,08:00:00,14/07/2024 8:00:00 SA,,307978.9,14.7,14.7
4683,09:00:00,14/07/2024 9:00:00 SA,,307991.4,12.5,12.2
4684,10:00:00,14/07/2024 10:00:00 SA,,308000.0,8.6,8.5
4685,11:00:00,14/07/2024 11:00:00 SA,,308011.2,11.2,11.5
4686,12:00:00,14/07/2024 12:00:00 CH,,308020.5,9.3,9.5
4687,13:00:00,14/07/2024 1:00:00 CH,,308027.9,7.4,7.0
4688,14:00:00,14/07/2024 2:00:00 CH,,308033.8,5.9,6.3
4689,15:00:00,14/07/2024 3:00:00 CH,,308042.2,8.4,8.4
4690,16:00:00,14/07/2024 4:00:00 CH,,308050.6,8.4,8.9
4691,17:00:00,14/07/2024 5:00:00 CH,,308060.2,9.6,9.8
4692,18:00:00,14/07/2024 6:00:00 CH,,308072.8,12.6,12.5
4693,19:00:00,14/07/2024 7:00:00 CH,,308089.9,17.1,17.0
4694,20:00:00,14/07/2024 8:00:00 CH,,308104.7,14.8,14.9
4695,21:00:00,14/07/2024 9:00:00 CH,,308115.3,10.6,11.0
4696,22:00:00,14/07/2024 10:00:00 CH,,308125.2,9.9,8.9
4697,23:00:00,14/07/2024 11:00:00 CH,,308132.7,7.5,7.9
4698,00:00:00,15/07/2024 12:00:00 SA,,308139.3,6.6,6.5
4699,01:00:00,15/07/2024 1:00:00 SA,,308141.2,1.9,1.9
4700,02:00:00,15/07/2024 2:00:00 SA,,308144.9,3.7,3.4
4701,03:00:00,15/07/2024 3:00:00 SA,,308146.8,1.9,1.9
4702,04:00:00,15/07/2024 4:00:00 SA,,308150.9,4.1,4.1
4703,05:00:00,15/07/2024 5:00:00 SA,,308153.2,2.3,2.3
4704,06:00:00,15/07/2024 6:00:00 SA,,308159.9,6.7,6.3
4705,07:00:00,15/07/2024 7:00:00 SA,,308169.8,9.9,9.1
4706,08:00:00,15/07/2024 8:00:00 SA,,308181.6,11.8,10.7
4707,09:00:00,15/07/2024 9:00:00 SA,,308193.1,11.5,11.7
4708,10:00:00,15/07/2024 10:00:00 SA,,308204.3,11.2,11.3
4709,11:00:00,15/07/2024 11:00:00 SA,,308215.0,10.7,10.0
4710,12:00:00,15/07/2024 12:00:00 CH,,308224.3,9.3,8.5
4711,13:00:00,15/07/2024 1:00:00 CH,,308231.8,7.5,7.8
4712,14:00:00,15/07/2024 2:00:00 CH,,308240.2,8.4,7.9
4713,15:00:00,15/07/2024 3:00:00 CH,,0.0,-308240.2,8.1
4714,16:00:00,15/07/2024 4:00:00 CH,,308256.0,308256.0,7.5
4715,17:00:00,15/07/2024 5:00:00 CH,,308263.1,7.1,5.9
4716,18:00:00,15/07/2024 6:00:00 CH,,308275.6,12.5,11.9
4717,19:00:00,15/07/2024 7:00:00 CH,,308292.0,16.4,17.6
4718,20:00:00,15/07/2024 8:00:00 CH,,308306.1,14.1,13.3
4719,21:00:00,15/07/2024 9:00:00 CH,,308317.9,11.8,11.5
4720,22:00:00,15/07/2024 10:00:00 CH,,308327.8,9.9,9.6
4721,23:00:00,15/07/2024 11:00:00 CH,,308335.9,8.1,8.7
4722,00:00:00,16/07/2024 12:00:00 SA,,308340.5,4.6,4.5
4723,01:00:00,16/07/2024 1:00:00 SA,,308344.2,3.7,3.9
4724,02:00:00,16/07/2024 2:00:00 SA,,308346.6,2.4,1.8
4725,03:00:00,16/07/2024 3:00:00 SA,,308350.0,3.4,3.4
4726,04:00:00,16/07/2024 4:00:00 SA,,308351.7,1.7,1.6
4727,05:00:00,16/07/2024 5:00:00 SA,,308355.0,3.3,3.1
4728,06:00:00,16/07/2024 6:00:00 SA,,308360.9,5.9,5.3
4729,07:00:00,16/07/2024 7:00:00 SA,,308374.7,13.8,13.8
4730,08:00:00,16/07/2024 8:00:00 SA,,308389.0,14.3,14.3
4731,09:00:00,16/07/2024 9:00:00 SA,,308400.6,11.6,11.5
4732,10:00:00,16/07/2024 10:00:00 SA,,308410.5,9.9,9.7
4733,11:00:00,16/07/2024 11:00:00 SA,,308419.4,8.9,7.7
4734,12:00:00,16/07/2024 12:00:00 CH,,308428.6,9.2,8.9
4735,13:00:00,16/07/2024 1:00:00 CH,,308436.8,8.2,8.0
4736,14:00:00,16/07/2024 2:00:00 CH,,308444.8,8.0,7.6
4737,15:00:00,16/07/2024 3:00:00 CH,,308453.3,8.5,8.2
4738,16:00:00,16/07/2024 4:00:00 CH,,308463.0,9.7,10.6
4739,17:00:00,16/07/2024 5:00:00 CH,,308470.8,7.8,7.8
4740,18:00:00,16/07/2024 6:00:00 CH,,308483.1,12.3,12.1
4741,19:00:00,16/07/2024 7:00:00 CH,,308502.3,19.2,19.2
4742,20:00:00,16/07/2024 8:00:00 CH,,308518.2,15.9,15.9
4743,21:00:00,16/07/2024 9:00:00 CH,,308529.9,11.7,12.0
4744,22:00:00,16/07/2024 10:00:00 CH,,308540.6,10.7,10.1
4745,23:00:00,16/07/2024 11:00:00 CH,,308549.5,8.9,9.6
4746,00:00:00,17/07/2024 12:00:00 SA,,308555.1,5.6,5.5
4747,01:00:00,17/07/2024 1:00:00 SA,,308557.6,2.5,2.2
4748,02:00:00,17/07/2024 2:00:00 SA,,308561.2,3.6,3.6
4749,03:00:00,17/07/2024 3:00:00 SA,,308564.2,3.0,2.8
4750,04:00:00,17/07/2024 4:00:00 SA,,308566.0,1.8,1.9
4751,05:00:00,17/07/2024 5:00:00 SA,,308568.1,2.1,2.1
4752,06:00:00,17/07/2024 6:00:00 SA,,308573.1,5.0,4.6
4753,07:00:00,17/07/2024 7:00:00 SA,,308586.7,13.6,14.0
4754,08:00:00,17/07/2024 8:00:00 SA,,308599.6,12.9,12.4
4755,09:00:00,17/07/2024 9:00:00 SA,,308611.5,11.9,11.8
4756,10:00:00,17/07/2024 10:00:00 SA,,308620.3,8.8,8.6
4757,11:00:00,17/07/2024 11:00:00 SA,,308631.7,11.4,11.5
4758,12:00:00,17/07/2024 12:00:00 CH,,308640.7,9.0,8.6
4759,13:00:00,17/07/2024 1:00:00 CH,,308647.2,6.5,6.7
4760,14:00:00,17/07/2024 2:00:00 CH,,308654.0,6.8,6.8
4761,15:00:00,17/07/2024 3:00:00 CH,,308661.1,7.1,7.4
4762,16:00:00,17/07/2024 4:00:00 CH,,308667.4,6.3,5.7
4763,17:00:00,17/07/2024 5:00:00 CH,,308675.3,7.9,7.0
4764,18:00:00,17/07/2024 6:00:00 CH,,308687.9,12.6,12.1
4765,19:00:00,17/07/2024 7:00:00 CH,,308705.5,17.6,18.3
4766,20:00:00,17/07/2024 8:00:00 CH,,308720.2,14.7,14.3
4767,21:00:00,17/07/2024 9:00:00 CH,,0.0,-308720.2,12.5
4768,22:00:00,17/07/2024 10:00:00 CH,,308744.5,308744.5,10.9
4769,23:00:00,17/07/2024 11:00:00 CH,,308752.8,8.3,8.6
4770,00:00:00,18/07/2024 12:00:00 SA,,308757.7,4.9,5.3
4771,01:00:00,18/07/2024 1:00:00 SA,,308761.1,3.4,3.7
4772,02:00:00,18/07/2024 2:00:00 SA,,308764.0,2.9,2.6
4773,03:00:00,18/07/2024 3:00:00 SA,,308771.4,7.4,2.7
4774,04:00:00,18/07/2024 4:00:00 SA,,308776.1,4.7,4.9
4775,05:00:00,18/07/2024 5:00:00 SA,,308778.1,2.0,2.0
4776,06:00:00,18/07/2024 6:00:00 SA,,308782.8,4.7,4.4
4777,07:00:00,18/07/2024 7:00:00 SA,,308793.4,10.6,10.6
4778,08:00:00,18/07/2024 8:00:00 SA,,308802.4,9.0,8.4
4779,09:00:00,18/07/2024 9:00:00 SA,,308809.3,6.9,6.5
4780,10:00:00,18/07/2024 10:00:00 SA,,308818.5,9.2,9.9
4781,11:00:00,18/07/2024 11:00:00 SA,,308828.6,10.1,9.5
4782,12:00:00,18/07/2024 12:00:00 CH,,308838.1,9.5,9.3
4783,13:00:00,18/07/2024 1:00:00 CH,,308846.9,8.8,9.4
4784,14:00:00,18/07/2024 2:00:00 CH,,308854.6,7.7,7.5
4785,15:00:00,18/07/2024 3:00:00 CH,,308867.8,13.2,13.1
4786,16:00:00,18/07/2024 4:00:00 CH,,308876.9,9.1,8.8
4787,17:00:00,18/07/2024 5:00:00 CH,,308884.6,7.7,7.2
4788,18:00:00,18/07/2024 6:00:00 CH,,308897.5,12.9,13.3
4789,19:00:00,18/07/2024 7:00:00 CH,,308916.2,18.7,17.7
4790,20:00:00,18/07/2024 8:00:00 CH,,308931.8,15.6,15.4
4791,21:00:00,18/07/2024 9:00:00 CH,,308943.5,11.7,10.9
4792,22:00:00,18/07/2024 10:00:00 CH,,308954.0,10.5,9.7
4793,23:00:00,18/07/2024 11:00:00 CH,,308963.1,9.1,9.2
4794,00:00:00,19/07/2024 12:00:00 SA,,308969.0,5.9,5.3
4795,01:00:00,19/07/2024 1:00:00 SA,,308971.7,2.7,3.0
4796,02:00:00,19/07/2024 2:00:00 SA,,308975.2,3.5,3.7
4797,03:00:00,19/07/2024 3:00:00 SA,,308977.9,2.7,2.5
4798,04:00:00,19/07/2024 4:00:00 SA,,308980.5,2.6,2.9
4799,05:00:00,19/07/2024 5:00:00 SA,,308982.5,2.0,2.0
4800,06:00:00,19/07/2024 6:00:00 SA,,308989.1,6.6,6.5
4801,07:00:00,19/07/2024 7:00:00 SA,,308998.7,9.6,9.1
4802,08:00:00,19/07/2024 8:00:00 SA,,309009.8,11.1,10.7
4803,09:00:00,19/07/2024 9:00:00 SA,,309020.5,10.7,9.6
4804,10:00:00,19/07/2024 10:00:00 SA,,309030.8,10.3,10.9
4805,11:00:00,19/07/2024 11:00:00 SA,,309042.2,11.4,10.3
4806,12:00:00,19/07/2024 12:00:00 CH,,309051.5,9.3,9.1
4807,13:00:00,19/07/2024 1:00:00 CH,,309059.1,7.6,7.6
4808,14:00:00,19/07/2024 2:00:00 CH,,309065.6,6.5,6.0
4809,15:00:00,19/07/2024 3:00:00 CH,,309073.8,8.2,9.3
4810,16:00:00,19/07/2024 4:00:00 CH,,309081.1,7.3,6.6
4811,17:00:00,19/07/2024 5:00:00 CH,,309091.5,10.4,10.1
4812,18:00:00,19/07/2024 6:00:00 CH,,309105.6,14.1,13.7
4813,19:00:00,19/07/2024 7:00:00 CH,,309123.8,18.2,17.9
4814,20:00:00,19/07/2024 8:00:00 CH,,309138.8,15.0,16.2
4815,21:00:00,19/07/2024 9:00:00 CH,,309151.7,12.9,13.1
4816,22:00:00,19/07/2024 10:00:00 CH,,309161.6,9.9,10.0
4817,23:00:00,19/07/2024 11:00:00 CH,,309170.4,8.8,9.1
4818,00:00:00,20/07/2024 12:00:00 SA,,309175.1,4.7,5.1
4819,01:00:00,20/07/2024 1:00:00 SA,,309179.9,4.8,4.6
4820,02:00:00,20/07/2024 2:00:00 SA,,309181.6,1.7,1.5
4821,03:00:00,20/07/2024 3:00:00 SA,,309186.3,4.7,4.7
4822,04:00:00,20/07/2024 4:00:00 SA,,309188.4,2.1,2.0
4823,05:00:00,20/07/2024 5:00:00 SA,,309191.8,3.4,3.3
4824,06:00:00,20/07/2024 6:00:00 SA,,309197.6,5.8,5.2
4825,07:00:00,20/07/2024 7:00:00 SA,,309209.8,12.2,11.6
4826,08:00:00,20/07/2024 8:00:00 SA,,309223.1,13.3,13.2
4827,09:00:00,20/07/2024 9:00:00 SA,,309234.4,11.3,11.6
4828,10:00:00,20/07/2024 10:00:00 SA,,309246.3,11.9,11.7
4829,11:00:00,20/07/2024 11:00:00 SA,,309258.8,12.5,11.8
4830,12:00:00,20/07/2024 12:00:00 CH,,309269.2,10.4,10.5
4831,13:00:00,20/07/2024 1:00:00 CH,,309277.9,8.7,9.6
4832,14:00:00,20/07/2024 2:00:00 CH,,309287.7,9.8,9.4
4833,15:00:00,20/07/2024 3:00:00 CH,,309297.5,9.8,10.0
4834,16:00:00,20/07/2024 4:00:00 CH,,309304.8,7.3,7.2
4835,17:00:00,20/07/2024 5:00:00 CH,,309314.5,9.7,9.8
4836,18:00:00,20/07/2024 6:00:00 CH,,309327.7,13.2,12.9
4837,19:00:00,20/07/2024 7:00:00 CH,,309344.7,17.0,16.8
4838,20:00:00,20/07/2024 8:00:00 CH,,309358.4,13.7,14.0
4839,21:00:00,20/07/2024 9:00:00 CH,,309371.3,12.9,13.0
4840,22:00:00,20/07/2024 10:00:00 CH,,309381.4,10.1,11.5
4841,23:00:00,20/07/2024 11:00:00 CH,,309390.5,9.1,9.0
4842,00:00:00,21/07/2024 12:00:00 SA,,309395.0,4.5,4.2
4843,01:00:00,21/07/2024 1:00:00 SA,,309398.7,3.7,4.0
4844,02:00:00,21/07/2024 2:00:00 SA,,309402.9,4.2,3.8
4845,03:00:00,21/07/2024 3:00:00 SA,,309405.3,2.4,2.5
4846,04:00:00,21/07/2024 4:00:00 SA,,309409.3,4.0,3.8
4847,05:00:00,21/07/2024 5:00:00 SA,,309411.4,2.1,2.2
4848,06:00:00,21/07/2024 6:00:00 SA,,309416.7,5.3,5.2
4849,07:00:00,21/07/2024 7:00:00 SA,,309425.4,8.7,8.0
4850,08:00:00,21/07/2024 8:00:00 SA,,309438.2,12.8,12.9
4851,09:00:00,21/07/2024 9:00:00 SA,,309453.2,15.0,14.4
4852,10:00:00,21/07/2024 10:00:00 SA,,309466.1,12.9,12.4
4853,11:00:00,21/07/2024 11:00:00 SA,,309476.9,10.8,10.3
4854,12:00:00,21/07/2024 12:00:00 CH,,309486.0,9.1,9.5
4855,13:00:00,21/07/2024 1:00:00 CH,,309494.2,8.2,8.0
4856,14:00:00,21/07/2024 2:00:00 CH,,309499.0,4.8,4.7
4857,15:00:00,21/07/2024 3:00:00 CH,,309508.9,9.9,9.4
4858,16:00:00,21/07/2024 4:00:00 CH,,309515.0,6.1,6.1
4859,17:00:00,21/07/2024 5:00:00 CH,,309523.0,8.0,7.2
4860,18:00:00,21/07/2024 6:00:00 CH,,309535.7,12.7,13.0
4861,19:00:00,21/07/2024 7:00:00 CH,,309554.2,18.5,17.5
4862,20:00:00,21/07/2024 8:00:00 CH,,309567.6,13.4,15.2
4863,21:00:00,21/07/2024 9:00:00 CH,,309581.0,13.4,12.9
4864,22:00:00,21/07/2024 10:00:00 CH,,309591.7,10.7,10.5
4865,23:00:00,21/07/2024 11:00:00 CH,,309602.2,10.5,10.1
4866,00:00:00,22/07/2024 12:00:00 SA,,309608.2,6.0,5.9
4867,01:00:00,22/07/2024 1:00:00 SA,,309611.6,3.4,3.7
4868,02:00:00,22/07/2024 2:00:00 SA,,309614.9,3.3,3.5
4869,03:00:00,22/07/2024 3:00:00 SA,,309616.9,2.0,1.4
4870,04:00:00,22/07/2024 4:00:00 SA,,309618.9,2.0,1.7
4871,05:00:00,22/07/2024 5:00:00 SA,,309622.4,3.5,3.5
4872,06:00:00,22/07/2024 6:00:00 SA,,309623.9,1.5,3.7
4873,07:00:00,22/07/2024 7:00:00 SA,,309629.3,5.4,6.4
4874,08:00:00,22/07/2024 8:00:00 SA,,309640.9,11.6,11.6
4875,09:00:00,22/07/2024 9:00:00 SA,,309650.6,9.7,9.1
4876,10:00:00,22/07/2024 10:00:00 SA,,309659.2,8.6,8.9
4877,11:00:00,22/07/2024 11:00:00 SA,,309667.8,8.6,8.1
4878,12:00:00,22/07/2024 12:00:00 CH,,309676.2,8.4,8.6
4879,13:00:00,22/07/2024 1:00:00 CH,,309683.4,7.2,7.0
4880,14:00:00,22/07/2024 2:00:00 CH,,309690.5,7.1,6.4
4881,15:00:00,22/07/2024 3:00:00 CH,,309698.2,7.7,8.2
4882,16:00:00,22/07/2024 4:00:00 CH,,309704.1,5.9,6.5
4883,17:00:00,22/07/2024 5:00:00 CH,,309711.9,7.8,7.3
4884,18:00:00,22/07/2024 6:00:00 CH,,309727.2,15.3,14.7
4885,19:00:00,22/07/2024 7:00:00 CH,,309744.9,17.7,18.3
4886,20:00:00,22/07/2024 8:00:00 CH,,309759.8,14.9,15.1
4887,21:00:00,22/07/2024 9:00:00 CH,,309771.7,11.9,11.9
4888,22:00:00,22/07/2024 10:00:00 CH,,309780.9,9.2,8.6
4889,23:00:00,22/07/2024 11:00:00 CH,,309789.0,8.1,7.5
4890,00:00:00,23/07/2024 12:00:00 SA,,309793.5,4.5,4.4
4891,01:00:00,23/07/2024 1:00:00 SA,,309795.6,2.1,2.0
4892,02:00:00,23/07/2024 2:00:00 SA,,309800.3,4.7,4.5
4893,03:00:00,23/07/2024 3:00:00 SA,,309803.2,2.9,3.2
4894,04:00:00,23/07/2024 4:00:00 SA,,309804.7,1.5,1.2
4895,05:00:00,23/07/2024 5:00:00 SA,,309809.0,4.3,3.9
4896,06:00:00,23/07/2024 6:00:00 SA,,309812.9,3.9,3.6
4897,07:00:00,23/07/2024 7:00:00 SA,,309819.7,6.8,6.3
4898,08:00:00,23/07/2024 8:00:00 SA,,309828.1,8.4,8.3
4899,09:00:00,23/07/2024 9:00:00 SA,,309835.4,7.3,7.4
4900,10:00:00,23/07/2024 10:00:00 SA,,309842.8,7.4,7.3
4901,11:00:00,23/07/2024 11:00:00 SA,,309851.1,8.3,8.2
4902,12:00:00,23/07/2024 12:00:00 CH,,309859.5,8.4,8.7
4903,13:00:00,23/07/2024 1:00:00 CH,,309864.9,5.4,5.1
4904,14:00:00,23/07/2024 2:00:00 CH,,309871.5,6.6,5.7
4905,15:00:00,23/07/2024 3:00:00 CH,,309879.2,7.7,8.4
4906,16:00:00,23/07/2024 4:00:00 CH,,309885.1,5.9,6.3
4907,17:00:00,23/07/2024 5:00:00 CH,,309893.1,8.0,7.3
4908,18:00:00,23/07/2024 6:00:00 CH,,309907.1,14.0,13.7
4909,19:00:00,23/07/2024 7:00:00 CH,,309924.2,17.1,17.7
4910,20:00:00,23/07/2024 8:00:00 CH,,309935.7,11.5,10.4
4911,21:00:00,23/07/2024 9:00:00 CH,,309946.8,11.1,12.2
4912,22:00:00,23/07/2024 10:00:00 CH,,309956.1,9.3,8.7
4913,23:00:00,23/07/2024 11:00:00 CH,,309963.7,7.6,8.4
4914,00:00:00,24/07/2024 12:00:00 SA,,309968.1,4.4,4.5
4915,01:00:00,24/07/2024 1:00:00 SA,,309970.0,1.9,2.1
4916,02:00:00,24/07/2024 2:00:00 SA,,309971.7,1.7,1.5
4917,03:00:00,24/07/2024 3:00:00 SA,,309973.3,1.6,1.6
4918,04:00:00,24/07/2024 4:00:00 SA,,309974.8,1.5,1.6
4919,05:00:00,24/07/2024 5:00:00 SA,,309976.6,1.8,1.7
4920,06:00:00,24/07/2024 6:00:00 SA,,309981.3,4.7,4.6
4921,07:00:00,24/07/2024 7:00:00 SA,,309990.2,8.9,9.6
4922,08:00:00,24/07/2024 8:00:00 SA,,310001.6,11.4,11.1
4923,09:00:00,24/07/2024 9:00:00 SA,,310011.7,10.1,9.7
4924,10:00:00,24/07/2024 10:00:00 SA,,310023.5,11.8,10.3
4925,11:00:00,24/07/2024 11:00:00 SA,,310032.5,9.0,9.0
4926,12:00:00,24/07/2024 12:00:00 CH,,310041.2,8.7,9.0
4927,13:00:00,24/07/2024 1:00:00 CH,,310048.0,6.8,7.7
4928,14:00:00,24/07/2024 2:00:00 CH,,310054.3,6.3,5.5
4929,15:00:00,24/07/2024 3:00:00 CH,,310062.1,7.8,8.2
4930,16:00:00,24/07/2024 4:00:00 CH,,310070.1,8.0,7.7
4931,17:00:00,24/07/2024 5:00:00 CH,,310080.1,10.0,10.6
4932,18:00:00,24/07/2024 6:00:00 CH,,310094.9,14.8,15.2
4933,19:00:00,24/07/2024 7:00:00 CH,,310111.7,16.8,17.1
4934,20:00:00,24/07/2024 8:00:00 CH,,310125.3,13.6,13.8
4935,21:00:00,24/07/2024 9:00:00 CH,,310137.4,12.1,12.3
4936,22:00:00,24/07/2024 10:00:00 CH,,310146.9,9.5,9.5
4937,23:00:00,24/07/2024 11:00:00 CH,,310154.5,7.6,7.3
4938,00:00:00,25/07/2024 12:00:00 SA,,310160.4,5.9,6.2
4939,01:00:00,25/07/2024 1:00:00 SA,,310163.3,2.9,3.1
4940,02:00:00,25/07/2024 2:00:00 SA,,310166.7,3.4,3.5
4941,03:00:00,25/07/2024 3:00:00 SA,,310169.2,2.5,2.1
4942,04:00:00,25/07/2024 4:00:00 SA,,310172.1,2.9,3.0
4943,05:00:00,25/07/2024 5:00:00 SA,,310174.0,1.9,1.7
4944,06:00:00,25/07/2024 6:00:00 SA,,310179.1,5.1,4.6
4945,07:00:00,25/07/2024 7:00:00 SA,,310190.7,11.6,11.6
4946,08:00:00,25/07/2024 8:00:00 SA,,310203.5,12.8,12.6
4947,09:00:00,25/07/2024 9:00:00 SA,,310213.9,10.4,9.0
4948,10:00:00,25/07/2024 10:00:00 SA,,310222.6,8.7,8.2
4949,11:00:00,25/07/2024 11:00:00 SA,,310230.7,8.1,8.0
4950,12:00:00,25/07/2024 12:00:00 CH,,310240.2,9.5,9.9
4951,13:00:00,25/07/2024 1:00:00 CH,,310248.4,8.2,8.5
4952,14:00:00,25/07/2024 2:00:00 CH,,310255.1,6.7,6.4
4953,15:00:00,25/07/2024 3:00:00 CH,,310262.9,7.8,8.3
4954,16:00:00,25/07/2024 4:00:00 CH,,310270.4,7.5,7.8
4955,17:00:00,25/07/2024 5:00:00 CH,,310278.2,7.8,7.7
4956,18:00:00,25/07/2024 6:00:00 CH,,310290.2,12.0,11.3
4957,19:00:00,25/07/2024 7:00:00 CH,,310307.3,17.1,15.9
4958,20:00:00,25/07/2024 8:00:00 CH,,310323.4,16.1,16.4
4959,21:00:00,25/07/2024 9:00:00 CH,,310334.9,11.5,11.9
4960,22:00:00,25/07/2024 10:00:00 CH,,310345.0,10.1,9.2
4961,23:00:00,25/07/2024 11:00:00 CH,,310353.9,8.9,8.5
4962,00:00:00,26/07/2024 12:00:00 SA,,310360.0,6.1,6.5
4963,01:00:00,26/07/2024 1:00:00 SA,,310362.3,2.3,2.5
4964,02:00:00,26/07/2024 2:00:00 SA,,310366.7,4.4,4.4
4965,03:00:00,26/07/2024 3:00:00 SA,,310368.1,1.4,1.3
4966,04:00:00,26/07/2024 4:00:00 SA,,310370.1,2.0,2.0
4967,05:00:00,26/07/2024 5:00:00 SA,,310372.4,2.3,2.3
4968,06:00:00,26/07/2024 6:00:00 SA,,310378.0,5.6,5.6
4969,07:00:00,26/07/2024 7:00:00 SA,,310390.3,12.3,12.4
4970,08:00:00,26/07/2024 8:00:00 SA,,310402.8,12.5,12.6
4971,09:00:00,26/07/2024 9:00:00 SA,,310414.3,11.5,11.9
4972,10:00:00,26/07/2024 10:00:00 SA,,310426.9,12.6,11.0
4973,11:00:00,26/07/2024 11:00:00 SA,,310442.0,15.1,15.0
4974,12:00:00,26/07/2024 12:00:00 CH,,310455.3,13.3,13.7
4975,13:00:00,26/07/2024 1:00:00 CH,,310462.8,7.5,7.9
4976,14:00:00,26/07/2024 2:00:00 CH,,310468.4,5.6,5.4
4977,15:00:00,26/07/2024 3:00:00 CH,,310474.7,6.3,6.2
4978,16:00:00,26/07/2024 4:00:00 CH,,310481.6,6.9,6.7
4979,17:00:00,26/07/2024 5:00:00 CH,,310489.7,8.1,7.3
4980,18:00:00,26/07/2024 6:00:00 CH,,310502.0,12.3,12.5
4981,19:00:00,26/07/2024 7:00:00 CH,,310522.5,20.5,18.8
4982,20:00:00,26/07/2024 8:00:00 CH,,310539.8,17.3,17.9
4983,21:00:00,26/07/2024 9:00:00 CH,,310551.8,12.0,11.1
4984,22:00:00,26/07/2024 10:00:00 CH,,310563.6,11.8,11.7
4985,23:00:00,26/07/2024 11:00:00 CH,,310572.8,9.2,9.1
4986,00:00:00,27/07/2024 12:00:00 SA,,310579.4,6.6,6.6
4987,01:00:00,27/07/2024 1:00:00 SA,,310581.8,2.4,2.5
4988,02:00:00,27/07/2024 2:00:00 SA,,310585.0,3.2,3.2
4989,03:00:00,27/07/2024 3:00:00 SA,,310587.4,2.4,2.6
4990,04:00:00,27/07/2024 4:00:00 SA,,310589.6,2.2,2.0
4991,05:00:00,27/07/2024 5:00:00 SA,,310591.6,2.0,1.9
4992,06:00:00,27/07/2024 6:00:00 SA,,310597.9,6.3,5.6
4993,07:00:00,27/07/2024 7:00:00 SA,,310608.2,10.3,9.9
4994,08:00:00,27/07/2024 8:00:00 SA,,310624.4,16.2,15.2
4995,09:00:00,27/07/2024 9:00:00 SA,,310636.6,12.2,12.1
4996,10:00:00,27/07/2024 10:00:00 SA,,310649.1,12.5,12.7
4997,11:00:00,27/07/2024 11:00:00 SA,,310660.1,11.0,10.3
4998,12:00:00,27/07/2024 12:00:00 CH,,310670.0,9.9,10.3
4999,13:00:00,27/07/2024 1:00:00 CH,,310680.1,10.1,9.2
5000,14:00:00,27/07/2024 2:00:00 CH,,310686.6,6.5,6.8
5001,15:00:00,27/07/2024 3:00:00 CH,,310695.8,9.2,8.5
5002,16:00:00,27/07/2024 4:00:00 CH,,310706.8,11.0,11.2
5003,17:00:00,27/07/2024 5:00:00 CH,,310718.0,11.2,11.0
5004,18:00:00,27/07/2024 6:00:00 CH,,310731.1,13.1,12.0
5005,19:00:00,27/07/2024 7:00:00 CH,,310749.2,18.1,17.4
5006,20:00:00,27/07/2024 8:00:00 CH,,310762.7,13.5,13.2
5007,21:00:00,27/07/2024 9:00:00 CH,,310773.3,10.6,10.3
5008,22:00:00,27/07/2024 10:00:00 CH,,310782.7,9.4,9.7
5009,23:00:00,27/07/2024 11:00:00 CH,,310791.7,9.0,8.6
5010,00:00:00,28/07/2024 12:00:00 SA,,310796.1,4.4,4.0
5011,01:00:00,28/07/2024 1:00:00 SA,,310800.6,4.5,4.5
5012,02:00:00,28/07/2024 2:00:00 SA,,310802.3,1.7,1.5
5013,03:00:00,28/07/2024 3:00:00 SA,,310805.3,3.0,3.2
5014,04:00:00,28/07/2024 4:00:00 SA,,310807.5,2.2,1.9
5015,05:00:00,28/07/2024 5:00:00 SA,,310809.9,2.4,2.4
5016,06:00:00,28/07/2024 6:00:00 SA,,310815.8,5.9,5.6
5017,07:00:00,28/07/2024 7:00:00 SA,,310822.5,6.7,6.1
5018,08:00:00,28/07/2024 8:00:00 SA,,310835.3,12.8,12.2
5019,09:00:00,28/07/2024 9:00:00 SA,,310850.2,14.9,14.9
5020,10:00:00,28/07/2024 10:00:00 SA,,310859.9,9.7,10.3
5021,11:00:00,28/07/2024 11:00:00 SA,,310871.3,11.4,11.2
5022,12:00:00,28/07/2024 12:00:00 CH,,310880.0,8.7,7.8
5023,13:00:00,28/07/2024 1:00:00 CH,,310887.7,7.7,7.8
5024,14:00:00,28/07/2024 2:00:00 CH,,310893.0,5.3,5.0
5025,15:00:00,28/07/2024 3:00:00 CH,,310898.7,5.7,6.1
5026,16:00:00,28/07/2024 4:00:00 CH,,310909.5,10.8,11.2
5027,17:00:00,28/07/2024 5:00:00 CH,,310921.6,12.1,11.9
5028,18:00:00,28/07/2024 6:00:00 CH,,310933.5,11.9,11.7
5029,19:00:00,28/07/2024 7:00:00 CH,,310951.1,17.6,17.8
5030,20:00:00,28/07/2024 8:00:00 CH,,310963.6,12.5,12.2
5031,21:00:00,28/07/2024 9:00:00 CH,,310974.8,11.2,10.8
5032,22:00:00,28/07/2024 10:00:00 CH,,310984.0,9.2,8.9
5033,23:00:00,28/07/2024 11:00:00 CH,,310992.8,8.8,8.5
5034,00:00:00,29/07/2024 12:00:00 SA,,310999.2,6.4,5.8
5035,01:00:00,29/07/2024 1:00:00 SA,,311001.9,2.7,2.5
5036,02:00:00,29/07/2024 2:00:00 SA,,311004.6,2.7,2.7
5037,03:00:00,29/07/2024 3:00:00 SA,,311007.6,3.0,3.0
5038,04:00:00,29/07/2024 4:00:00 SA,,311010.3,2.7,2.7
5039,05:00:00,29/07/2024 5:00:00 SA,,311012.3,2.0,1.6
5040,06:00:00,29/07/2024 6:00:00 SA,,311021.6,9.3,8.8
5041,07:00:00,29/07/2024 7:00:00 SA,,311034.4,12.8,12.7
5042,08:00:00,29/07/2024 8:00:00 SA,,311047.3,12.9,12.9
5043,09:00:00,29/07/2024 9:00:00 SA,,311058.2,10.9,10.9
5044,10:00:00,29/07/2024 10:00:00 SA,,311065.8,7.6,7.6
5045,11:00:00,29/07/2024 11:00:00 SA,,311075.7,9.9,9.8
5046,12:00:00,29/07/2024 12:00:00 CH,,311085.7,10.0,9.7
5047,13:00:00,29/07/2024 1:00:00 CH,3.4,311092.7,7.0,6.7
5048,14:00:00,29/07/2024 2:00:00 CH,3.3,311100.6,7.9,7.6
5049,15:00:00,29/07/2024 3:00:00 CH,3.4,311105.8,5.2,5.3
5050,16:00:00,29/07/2024 4:00:00 CH,3.4,311112.6,6.8,6.4
5051,17:00:00,29/07/2024 5:00:00 CH,3.6,311119.8,7.2,7.2
5052,18:00:00,29/07/2024 6:00:00 CH,3.6,311132.0,12.2,11.6
5053,19:00:00,29/07/2024 7:00:00 CH,3.5,311149.3,17.3,16.9
5054,20:00:00,29/07/2024 8:00:00 CH,3.5,311162.2,12.9,12.4
5055,21:00:00,29/07/2024 9:00:00 CH,3.7,311173.3,11.1,11.3
5056,22:00:00,29/07/2024 10:00:00 CH,3.5,311184.0,10.7,10.7
5057,23:00:00,29/07/2024 11:00:00 CH,3.4,311193.4,9.4,9.0
5058,00:00:00,30/07/2024 12:00:00 SA,3.2,311197.6,4.2,3.9
5059,01:00:00,30/07/2024 1:00:00 SA,3.1,311202.0,4.4,4.2
5060,02:00:00,30/07/2024 2:00:00 SA,3.1,311203.5,1.5,1.5
5061,03:00:00,30/07/2024 3:00:00 SA,3.1,311205.0,1.5,1.3
5062,04:00:00,30/07/2024 4:00:00 SA,3.1,311208.4,3.4,3.6
5063,05:00:00,30/07/2024 5:00:00 SA,3.2,311210.4,2.0,1.8
5064,06:00:00,30/07/2024 6:00:00 SA,3.6,311217.2,6.8,6.2
5065,07:00:00,30/07/2024 7:00:00 SA,3.6,311226.2,9.0,8.2
5066,08:00:00,30/07/2024 8:00:00 SA,3.7,311235.7,9.5,9.9
5067,09:00:00,30/07/2024 9:00:00 SA,3.6,311247.6,11.9,11.7
5068,10:00:00,30/07/2024 10:00:00 SA,3.7,311254.9,7.3,7.5
5069,11:00:00,30/07/2024 11:00:00 SA,3.7,311262.8,7.9,7.3
5070,12:00:00,30/07/2024 12:00:00 CH,3.6,311272.9,10.1,10.1
5071,13:00:00,30/07/2024 1:00:00 CH,3.2,311279.0,6.1,6.3
5072,14:00:00,30/07/2024 2:00:00 CH,3.3,311285.9,6.9,6.7
5073,15:00:00,30/07/2024 3:00:00 CH,3.3,311291.9,6.0,6.0
5074,16:00:00,30/07/2024 4:00:00 CH,3.4,311298.2,6.3,5.7
5075,17:00:00,30/07/2024 5:00:00 CH,3.4,311306.2,8.0,7.9
5076,18:00:00,30/07/2024 6:00:00 CH,3.5,311319.5,13.3,13.3
5077,19:00:00,30/07/2024 7:00:00 CH,3.6,311337.5,18.0,17.8
5078,20:00:00,30/07/2024 8:00:00 CH,3.6,311351.8,14.3,13.4
5079,21:00:00,30/07/2024 9:00:00 CH,3.6,311362.8,11.0,11.1
5080,22:00:00,30/07/2024 10:00:00 CH,3.5,311372.5,9.7,9.7
5081,23:00:00,30/07/2024 11:00:00 CH,3.3,311381.2,8.7,9.0
5082,00:00:00,31/07/2024 12:00:00 SA,3.3,311386.8,5.6,5.1
5083,01:00:00,31/07/2024 1:00:00 SA,3.2,311390.3,3.5,3.6
5084,02:00:00,31/07/2024 2:00:00 SA,3.2,311391.8,1.5,1.3
5085,03:00:00,31/07/2024 3:00:00 SA,3.1,311394.5,2.7,2.7
5086,04:00:00,31/07/2024 4:00:00 SA,3.2,311395.9,1.4,1.5
5087,05:00:00,31/07/2024 5:00:00 SA,3.2,311398.7,2.8,2.3
5088,06:00:00,31/07/2024 6:00:00 SA,3.6,311405.7,7.0,6.6
5089,07:00:00,31/07/2024 7:00:00 SA,3.6,311417.6,11.9,12.3
5090,08:00:00,31/07/2024 8:00:00 SA,3.7,311431.6,14.0,14.4
5091,09:00:00,31/07/2024 9:00:00 SA,3.7,311440.8,9.2,9.5
5092,10:00:00,31/07/2024 10:00:00 SA,3.7,311450.0,9.2,8.9
5093,11:00:00,31/07/2024 11:00:00 SA,3.7,311457.9,7.9,8.2
5094,12:00:00,31/07/2024 12:00:00 CH,3.7,311467.0,9.1,9.0
5095,13:00:00,31/07/2024 1:00:00 CH,3.4,311473.7,6.7,7.0
5096,14:00:00,31/07/2024 2:00:00 CH,3.4,311481.2,7.5,7.2
5097,15:00:00,31/07/2024 3:00:00 CH,3.5,311489.1,7.9,8.0
5098,16:00:00,31/07/2024 4:00:00 CH,3.5,311495.2,6.1,6.0
5099,17:00:00,31/07/2024 5:00:00 CH,3.7,311503.0,7.8,7.4
5100,18:00:00,31/07/2024 6:00:00 CH,3.6,311514.5,11.5,11.6
5101,19:00:00,31/07/2024 7:00:00 CH,3.5,311531.3,16.8,16.0
5102,20:00:00,31/07/2024 8:00:00 CH,3.6,311546.4,15.1,15.2
5103,21:00:00,31/07/2024 9:00:00 CH,3.6,311557.5,11.1,11.4
5104,22:00:00,31/07/2024 10:00:00 CH,3.5,311568.0,10.5,10.3
5105,23:00:00,31/07/2024 11:00:00 CH,3.4,311577.4,9.4,9.0
5106,00:00:00,01/08/2024 12:00:00 SA,3.2,311583.4,6.0,6.4
5107,01:00:00,01/08/2024 1:00:00 SA,3.0,311587.6,4.2,3.9
5108,02:00:00,01/08/2024 2:00:00 SA,3.1,311589.7,2.1,2.0
5109,03:00:00,01/08/2024 3:00:00 SA,3.1,311593.3,3.6,3.8
5110,04:00:00,01/08/2024 4:00:00 SA,3.2,311596.7,3.4,3.5
5111,05:00:00,01/08/2024 5:00:00 SA,3.1,311599.3,2.6,2.6
5112,06:00:00,01/08/2024 6:00:00 SA,3.5,311605.7,6.4,5.7
5113,07:00:00,01/08/2024 7:00:00 SA,3.7,311616.0,10.3,11.1
5114,09:00:00,01/08/2024 9:00:00 SA,3.8,311638.0,22.0,0.0
5115,10:00:00,01/08/2024 10:00:00 SA,3.6,311644.7,6.7,6.3
5116,11:00:00,01/08/2024 11:00:00 SA,3.7,311651.8,7.1,6.9
5117,12:00:00,01/08/2024 12:00:00 CH,3.7,311659.7,7.9,7.8
5118,13:00:00,01/08/2024 1:00:00 CH,3.7,311667.6,7.9,7.3
5119,14:00:00,01/08/2024 2:00:00 CH,3.4,311674.8,7.2,6.5
5120,15:00:00,01/08/2024 3:00:00 CH,3.4,311682.0,7.2,6.9
5121,16:00:00,01/08/2024 4:00:00 CH,3.5,311690.2,8.2,8.0
5122,17:00:00,01/08/2024 5:00:00 CH,3.7,311697.0,6.8,6.1
5123,18:00:00,01/08/2024 6:00:00 CH,3.6,311709.5,12.5,11.7
5124,19:00:00,01/08/2024 7:00:00 CH,3.5,311727.0,17.5,16.7
5125,20:00:00,01/08/2024 8:00:00 CH,3.6,311740.6,13.6,13.4
5126,21:00:00,01/08/2024 9:00:00 CH,3.6,311753.5,12.9,12.9
5127,22:00:00,01/08/2024 10:00:00 CH,3.5,311763.6,10.1,9.5
5128,23:00:00,01/08/2024 11:00:00 CH,3.6,311772.7,9.1,8.3
5129,00:00:00,02/08/2024 12:00:00 SA,3.4,311778.4,5.7,5.9
5130,01:00:00,02/08/2024 1:00:00 SA,3.0,311783.9,5.5,5.4
5131,02:00:00,02/08/2024 2:00:00 SA,3.2,311786.0,2.1,2.1
5132,03:00:00,02/08/2024 3:00:00 SA,3.2,311788.0,2.0,2.1
5133,04:00:00,02/08/2024 4:00:00 SA,3.2,311791.4,3.4,3.5
5134,05:00:00,02/08/2024 5:00:00 SA,3.3,311794.1,2.7,2.6
5135,06:00:00,02/08/2024 6:00:00 SA,3.6,311801.6,7.5,6.6
5136,07:00:00,02/08/2024 7:00:00 SA,3.5,311813.0,11.4,11.8
5137,08:00:00,02/08/2024 8:00:00 SA,3.7,311824.6,11.6,10.7
5138,09:00:00,02/08/2024 9:00:00 SA,3.7,311833.3,8.7,8.9
5139,10:00:00,02/08/2024 10:00:00 SA,3.7,311841.4,8.1,7.7
5140,11:00:00,02/08/2024 11:00:00 SA,3.6,311848.9,7.5,6.5
5141,12:00:00,02/08/2024 12:00:00 CH,3.7,311857.7,8.8,9.1
5142,13:00:00,02/08/2024 1:00:00 CH,3.4,311863.8,6.1,6.4
5143,14:00:00,02/08/2024 2:00:00 CH,3.5,311868.4,4.6,4.3
5144,15:00:00,02/08/2024 3:00:00 CH,3.5,311873.7,5.3,5.3
5145,16:00:00,02/08/2024 4:00:00 CH,3.8,311879.8,6.1,5.5
5146,17:00:00,02/08/2024 5:00:00 CH,3.8,311887.4,7.6,8.0
5147,18:00:00,02/08/2024 6:00:00 CH,3.6,311901.6,14.2,13.5
5148,19:00:00,02/08/2024 7:00:00 CH,3.6,311917.1,15.5,16.1
5149,20:00:00,02/08/2024 8:00:00 CH,3.7,311931.5,14.4,15.0
5150,21:00:00,02/08/2024 9:00:00 CH,3.7,311942.8,11.3,11.0
5151,22:00:00,02/08/2024 10:00:00 CH,3.5,311952.9,10.1,9.9
5152,23:00:00,02/08/2024 11:00:00 CH,3.1,311962.8,9.9,10.1
5153,00:00:00,03/08/2024 12:00:00 SA,3.0,311967.2,4.4,4.0
5154,01:00:00,03/08/2024 1:00:00 SA,3.1,311973.3,6.1,6.1
5155,02:00:00,03/08/2024 2:00:00 SA,3.1,311975.3,2.0,2.2
5156,03:00:00,03/08/2024 3:00:00 SA,3.1,311978.7,3.4,3.1
5157,04:00:00,03/08/2024 4:00:00 SA,3.1,311981.0,2.3,2.3
5158,05:00:00,03/08/2024 5:00:00 SA,3.3,311985.3,4.3,4.1
5159,06:00:00,03/08/2024 6:00:00 SA,3.8,311990.1,4.8,4.7
5160,07:00:00,03/08/2024 7:00:00 SA,3.6,312003.1,13.0,14.3
5161,08:00:00,03/08/2024 8:00:00 SA,3.7,312016.5,13.4,13.8
5162,09:00:00,03/08/2024 9:00:00 SA,3.6,312029.2,12.7,12.2
5163,10:00:00,03/08/2024 10:00:00 SA,3.7,312040.2,11.0,10.9
5164,11:00:00,03/08/2024 11:00:00 SA,3.7,312050.0,9.8,9.7
5165,12:00:00,03/08/2024 12:00:00 CH,3.7,312060.3,10.3,10.2
5166,13:00:00,03/08/2024 1:00:00 CH,3.6,312069.6,9.3,9.8
5167,14:00:00,03/08/2024 2:00:00 CH,3.6,312078.7,9.1,8.7
5168,15:00:00,03/08/2024 3:00:00 CH,3.6,312089.3,10.6,9.9
5169,16:00:00,03/08/2024 4:00:00 CH,3.6,312102.0,12.7,12.7
5170,17:00:00,03/08/2024 5:00:00 CH,3.7,312112.1,10.1,9.2
5171,18:00:00,03/08/2024 6:00:00 CH,3.6,312123.9,11.8,12.0
5172,19:00:00,03/08/2024 7:00:00 CH,3.4,312141.8,17.9,17.6
5173,20:00:00,03/08/2024 8:00:00 CH,3.6,312156.8,15.0,16.0
5174,21:00:00,03/08/2024 9:00:00 CH,3.3,312168.8,12.0,12.1
5175,22:00:00,03/08/2024 10:00:00 CH,3.2,312179.4,10.6,10.5
5176,23:00:00,03/08/2024 11:00:00 CH,3.3,312190.1,10.7,11.2
5177,00:00:00,04/08/2024 12:00:00 SA,3.1,312195.7,5.6,5.4
5178,01:00:00,04/08/2024 1:00:00 SA,3.1,312199.8,4.1,4.2
5179,02:00:00,04/08/2024 2:00:00 SA,3.2,312203.3,3.5,3.4
5180,03:00:00,04/08/2024 3:00:00 SA,3.2,312206.5,3.2,3.4
5181,04:00:00,04/08/2024 4:00:00 SA,3.2,312209.9,3.4,3.3
5182,05:00:00,04/08/2024 5:00:00 SA,3.1,312212.3,2.4,2.6
5183,06:00:00,04/08/2024 6:00:00 SA,3.7,312219.2,6.9,6.2
5184,07:00:00,04/08/2024 7:00:00 SA,3.6,312229.2,10.0,9.3
5185,08:00:00,04/08/2024 8:00:00 SA,3.8,312243.3,14.1,14.9
5186,09:00:00,04/08/2024 9:00:00 SA,3.6,312255.1,11.8,11.0
5187,10:00:00,04/08/2024 10:00:00 SA,3.6,312269.5,14.4,14.5
5188,11:00:00,04/08/2024 11:00:00 SA,3.6,312287.0,17.5,18.1
5189,12:00:00,04/08/2024 12:00:00 CH,3.6,312298.5,11.5,12.5
5190,13:00:00,04/08/2024 1:00:00 CH,3.4,312305.3,6.8,6.7
5191,14:00:00,04/08/2024 2:00:00 CH,3.4,312311.6,6.3,6.0
5192,15:00:00,04/08/2024 3:00:00 CH,3.5,312317.6,6.0,6.1
5193,16:00:00,04/08/2024 4:00:00 CH,3.7,312325.7,8.1,8.5
5194,17:00:00,04/08/2024 5:00:00 CH,3.5,312335.2,9.5,9.3
5195,18:00:00,04/08/2024 6:00:00 CH,3.2,312348.2,13.0,12.5
5196,19:00:00,04/08/2024 7:00:00 CH,3.4,312367.3,19.1,18.9
5197,20:00:00,04/08/2024 8:00:00 CH,3.6,312383.1,15.8,16.1
5198,21:00:00,04/08/2024 9:00:00 CH,3.8,312395.3,12.2,11.6
5199,22:00:00,04/08/2024 10:00:00 CH,3.7,312406.8,11.5,11.8
5200,23:00:00,04/08/2024 11:00:00 CH,3.4,312417.5,10.7,10.3
5201,00:00:00,05/08/2024 12:00:00 SA,3.0,312423.3,5.8,6.3
5202,01:00:00,05/08/2024 1:00:00 SA,3.1,312426.5,3.2,3.5
5203,02:00:00,05/08/2024 2:00:00 SA,3.1,312430.5,4.0,4.0
5204,03:00:00,05/08/2024 3:00:00 SA,3.3,312433.6,3.1,2.8
5205,04:00:00,05/08/2024 4:00:00 SA,3.4,312436.7,3.1,3.0
5206,05:00:00,05/08/2024 5:00:00 SA,3.4,312440.0,3.3,3.1
5207,06:00:00,05/08/2024 6:00:00 SA,3.6,312446.8,6.8,6.6
5208,07:00:00,05/08/2024 7:00:00 SA,3.6,312460.9,14.1,13.9
5209,08:00:00,05/08/2024 8:00:00 SA,3.5,312471.9,11.0,10.0
5210,09:00:00,05/08/2024 9:00:00 SA,3.6,312481.2,9.3,9.2
5211,10:00:00,05/08/2024 10:00:00 SA,3.6,312490.8,9.6,10.0
5212,11:00:00,05/08/2024 11:00:00 SA,3.6,312500.3,9.5,9.4
5213,12:00:00,05/08/2024 12:00:00 CH,3.6,312509.9,9.6,9.8
5214,13:00:00,05/08/2024 1:00:00 CH,3.5,312517.9,8.0,8.1
5215,14:00:00,05/08/2024 2:00:00 CH,3.4,312528.5,10.6,10.6
5216,15:00:00,05/08/2024 3:00:00 CH,3.6,312537.7,9.2,9.1
5217,16:00:00,05/08/2024 4:00:00 CH,3.7,312549.1,11.4,11.0
5218,17:00:00,05/08/2024 5:00:00 CH,3.7,312557.1,8.0,8.4
5219,18:00:00,05/08/2024 6:00:00 CH,3.4,312571.3,14.2,14.0
5220,19:00:00,05/08/2024 7:00:00 CH,3.3,312591.4,20.1,19.1
5221,20:00:00,05/08/2024 8:00:00 CH,3.7,312609.6,18.2,17.8
5222,21:00:00,05/08/2024 9:00:00 CH,3.6,312624.4,14.8,16.1
5223,22:00:00,05/08/2024 10:00:00 CH,3.5,312635.4,11.0,11.4
5224,23:00:00,05/08/2024 11:00:00 CH,3.4,312645.7,10.3,10.1
5225,00:00:00,06/08/2024 12:00:00 SA,3.4,312652.5,6.8,7.0
5226,01:00:00,06/08/2024 1:00:00 SA,3.3,312656.4,3.9,3.9
5227,02:00:00,06/08/2024 2:00:00 SA,3.3,312660.7,4.3,4.3
5228,03:00:00,06/08/2024 3:00:00 SA,3.3,312663.9,3.2,2.9
5229,04:00:00,06/08/2024 4:00:00 SA,3.3,312666.7,2.8,2.9
5230,05:00:00,06/08/2024 5:00:00 SA,3.4,312671.2,4.5,4.6
5231,06:00:00,06/08/2024 6:00:00 SA,3.8,312678.7,7.5,6.9
5232,07:00:00,06/08/2024 7:00:00 SA,3.6,312692.4,13.7,13.6
5233,08:00:00,06/08/2024 8:00:00 SA,3.7,312704.4,12.0,11.4
5234,09:00:00,06/08/2024 9:00:00 SA,3.7,312718.7,14.3,14.0
5235,10:00:00,06/08/2024 10:00:00 SA,3.7,312730.0,11.3,11.3
5236,11:00:00,06/08/2024 11:00:00 SA,3.7,312740.5,10.5,10.3
5237,12:00:00,06/08/2024 12:00:00 CH,3.7,312749.6,9.1,9.4
5238,13:00:00,06/08/2024 1:00:00 CH,3.6,312758.5,8.9,9.1
5239,14:00:00,06/08/2024 2:00:00 CH,3.3,312764.1,5.6,4.9
5240,15:00:00,06/08/2024 3:00:00 CH,3.4,312770.2,6.1,5.9
5241,16:00:00,06/08/2024 4:00:00 CH,3.4,312776.9,6.7,6.9
5242,17:00:00,06/08/2024 5:00:00 CH,3.6,312787.0,10.1,9.2
5243,18:00:00,06/08/2024 6:00:00 CH,3.5,312802.8,15.8,15.4
5244,19:00:00,06/08/2024 7:00:00 CH,3.4,312822.0,19.2,19.3
5245,20:00:00,06/08/2024 8:00:00 CH,3.6,312837.3,15.3,14.8
5246,21:00:00,06/08/2024 9:00:00 CH,3.6,312850.1,12.8,12.3
5247,22:00:00,06/08/2024 10:00:00 CH,3.7,312861.7,11.6,11.8
5248,23:00:00,06/08/2024 11:00:00 CH,3.4,312872.4,10.7,11.1
5249,00:00:00,07/08/2024 12:00:00 SA,3.2,312877.5,5.1,4.6
5250,01:00:00,07/08/2024 1:00:00 SA,3.1,312882.8,5.3,5.1
5251,02:00:00,07/08/2024 2:00:00 SA,3.2,312886.2,3.4,3.0
5252,03:00:00,07/08/2024 3:00:00 SA,3.2,312888.3,2.1,2.2
5253,04:00:00,07/08/2024 4:00:00 SA,3.2,312892.1,3.8,3.8
5254,05:00:00,07/08/2024 5:00:00 SA,3.4,312896.5,4.4,4.1
5255,06:00:00,07/08/2024 6:00:00 SA,3.6,312904.1,7.6,6.5
5256,07:00:00,07/08/2024 7:00:00 SA,3.4,312920.0,15.9,15.9
5257,08:00:00,07/08/2024 8:00:00 SA,3.6,312936.9,16.9,16.9
5258,09:00:00,07/08/2024 9:00:00 SA,3.7,312952.1,15.2,14.4
5259,10:00:00,07/08/2024 10:00:00 SA,3.7,312964.6,12.5,12.7
5260,11:00:00,07/08/2024 11:00:00 SA,3.6,312976.8,12.2,11.7
5261,12:00:00,07/08/2024 12:00:00 CH,3.7,312987.9,11.1,10.9
5262,13:00:00,07/08/2024 1:00:00 CH,3.6,312998.2,10.3,10.4
5263,14:00:00,07/08/2024 2:00:00 CH,3.5,313007.9,9.7,9.7
5264,15:00:00,07/08/2024 3:00:00 CH,3.4,313016.1,8.2,8.3
5265,16:00:00,07/08/2024 4:00:00 CH,3.5,313024.3,8.2,8.0
5266,17:00:00,07/08/2024 5:00:00 CH,3.5,313034.0,9.7,9.5
5267,18:00:00,07/08/2024 6:00:00 CH,3.4,313048.5,14.5,13.6
5268,19:00:00,07/08/2024 7:00:00 CH,3.3,313067.5,19.0,18.4
5269,20:00:00,07/08/2024 8:00:00 CH,3.5,313083.2,15.7,14.8
5270,21:00:00,07/08/2024 9:00:00 CH,3.6,313095.8,12.6,12.4
5271,22:00:00,07/08/2024 10:00:00 CH,3.6,313106.1,10.3,10.0
5272,23:00:00,07/08/2024 11:00:00 CH,3.4,313116.1,10.0,10.2
5273,00:00:00,08/08/2024 12:00:00 SA,3.1,313122.4,6.3,6.5
5274,01:00:00,08/08/2024 1:00:00 SA,3.1,313125.1,2.7,3.0
5275,02:00:00,08/08/2024 2:00:00 SA,3.1,313128.1,3.0,2.7
5276,03:00:00,08/08/2024 3:00:00 SA,3.1,313130.6,2.5,2.6
5277,04:00:00,08/08/2024 4:00:00 SA,3.1,313133.3,2.7,2.7
5278,05:00:00,08/08/2024 5:00:00 SA,3.1,313135.6,2.3,2.6
5279,06:00:00,08/08/2024 6:00:00 SA,3.3,313142.9,7.3,6.5
5280,07:00:00,08/08/2024 7:00:00 SA,3.6,313154.9,12.0,12.2
5281,08:00:00,08/08/2024 8:00:00 SA,3.6,313169.4,14.5,14.2
5282,09:00:00,08/08/2024 9:00:00 SA,3.7,313182.2,12.8,13.2
5283,10:00:00,08/08/2024 10:00:00 SA,3.5,313193.9,11.7,11.6
5284,11:00:00,08/08/2024 11:00:00 SA,3.6,313203.8,9.9,9.4
5285,12:00:00,08/08/2024 12:00:00 CH,3.6,313213.9,10.1,10.5
5286,13:00:00,08/08/2024 1:00:00 CH,3.4,313223.4,9.5,10.3
5287,14:00:00,08/08/2024 2:00:00 CH,3.4,313232.2,8.8,8.9
5288,15:00:00,08/08/2024 3:00:00 CH,3.3,313241.6,9.4,9.3
5289,16:00:00,08/08/2024 4:00:00 CH,3.5,313248.8,7.2,7.1
5290,17:00:00,08/08/2024 5:00:00 CH,3.6,313259.3,10.5,10.3
5291,18:00:00,08/08/2024 6:00:00 CH,3.3,313273.4,14.1,13.7
5292,19:00:00,08/08/2024 7:00:00 CH,3.3,313292.2,18.8,18.6
5293,20:00:00,08/08/2024 8:00:00 CH,3.5,313309.2,17.0,16.1
5294,21:00:00,08/08/2024 9:00:00 CH,3.4,313321.8,12.6,12.9
5295,22:00:00,08/08/2024 10:00:00 CH,3.5,313332.5,10.7,10.4
5296,23:00:00,08/08/2024 11:00:00 CH,3.4,313341.9,9.4,9.2
5297,00:00:00,09/08/2024 12:00:00 SA,3.3,313348.7,6.8,6.6
5298,01:00:00,09/08/2024 1:00:00 SA,3.1,313351.2,2.5,2.9
5299,02:00:00,09/08/2024 2:00:00 SA,3.1,313354.0,2.8,3.0
5300,03:00:00,09/08/2024 3:00:00 SA,3.1,313356.6,2.6,2.2
5301,04:00:00,09/08/2024 4:00:00 SA,3.1,313358.3,1.7,1.9
5302,05:00:00,09/08/2024 5:00:00 SA,3.1,313361.4,3.1,3.1
5303,06:00:00,09/08/2024 6:00:00 SA,3.3,313369.1,7.7,7.0
5304,07:00:00,09/08/2024 7:00:00 SA,3.4,313382.6,13.5,12.0
5305,08:00:00,09/08/2024 8:00:00 SA,3.7,313398.2,15.6,15.7
5306,09:00:00,09/08/2024 9:00:00 SA,3.5,313413.3,15.1,14.5
5307,10:00:00,09/08/2024 10:00:00 SA,3.5,313421.6,8.3,8.7
5308,11:00:00,09/08/2024 11:00:00 SA,3.6,313433.6,12.0,11.2
5309,12:00:00,09/08/2024 12:00:00 CH,3.6,313444.8,11.2,10.9
5310,13:00:00,09/08/2024 1:00:00 CH,3.5,313454.7,9.9,10.8
5311,14:00:00,09/08/2024 2:00:00 CH,3.4,313460.4,5.7,5.4
5312,15:00:00,09/08/2024 3:00:00 CH,3.3,313470.5,10.1,9.9
5313,16:00:00,09/08/2024 4:00:00 CH,3.5,313481.0,10.5,10.3
5314,17:00:00,09/08/2024 5:00:00 CH,3.5,313489.6,8.6,8.8
5315,18:00:00,09/08/2024 6:00:00 CH,3.4,313501.8,12.2,12.1
5316,19:00:00,09/08/2024 7:00:00 CH,3.3,313519.6,17.8,17.8
5317,20:00:00,09/08/2024 8:00:00 CH,3.5,313535.2,15.6,16.6
5318,21:00:00,09/08/2024 9:00:00 CH,3.6,313548.3,13.1,12.4
5319,22:00:00,09/08/2024 10:00:00 CH,3.5,313558.2,9.9,10.2
5320,23:00:00,09/08/2024 11:00:00 CH,3.5,313568.8,10.6,10.3
5321,00:00:00,10/08/2024 12:00:00 SA,3.3,313574.1,5.3,5.4
5322,01:00:00,10/08/2024 1:00:00 SA,3.0,313579.0,4.9,5.1
5323,02:00:00,10/08/2024 2:00:00 SA,2.9,313581.2,2.2,2.0
5324,03:00:00,10/08/2024 3:00:00 SA,3.0,313584.0,2.8,2.9
5325,04:00:00,10/08/2024 4:00:00 SA,2.9,313586.8,2.8,3.0
5326,05:00:00,10/08/2024 5:00:00 SA,3.2,313589.1,2.3,2.2
5327,06:00:00,10/08/2024 6:00:00 SA,3.5,313596.2,7.1,7.1
5328,07:00:00,10/08/2024 7:00:00 SA,3.3,313608.0,11.8,12.2
5329,08:00:00,10/08/2024 8:00:00 SA,3.6,313623.0,15.0,14.9
5330,09:00:00,10/08/2024 9:00:00 SA,3.5,313636.1,13.1,13.6
5331,10:00:00,10/08/2024 10:00:00 SA,3.6,313647.6,11.5,12.0
5332,11:00:00,10/08/2024 11:00:00 SA,3.6,313658.5,10.9,11.1
5333,12:00:00,10/08/2024 12:00:00 CH,3.6,313669.9,11.4,11.6
5334,13:00:00,10/08/2024 1:00:00 CH,3.5,313678.7,8.8,8.5
5335,14:00:00,10/08/2024 2:00:00 CH,3.4,313686.6,7.9,7.3
5336,15:00:00,10/08/2024 3:00:00 CH,3.6,313695.9,9.3,9.4
5337,16:00:00,10/08/2024 4:00:00 CH,3.6,313704.9,9.0,8.8
5338,17:00:00,10/08/2024 5:00:00 CH,3.6,313716.1,11.2,10.5
5339,18:00:00,10/08/2024 6:00:00 CH,3.3,313728.5,12.4,12.1
5340,19:00:00,10/08/2024 7:00:00 CH,3.3,313746.6,18.1,17.0
5341,20:00:00,10/08/2024 8:00:00 CH,3.5,313760.3,13.7,13.3
5342,21:00:00,10/08/2024 9:00:00 CH,3.7,313771.0,10.7,10.7
5343,22:00:00,10/08/2024 10:00:00 CH,3.5,313780.9,9.9,8.7
5344,23:00:00,10/08/2024 11:00:00 CH,3.3,313788.9,8.0,8.8
5345,00:00:00,11/08/2024 12:00:00 SA,3.1,313797.0,8.1,8.3
5346,01:00:00,11/08/2024 1:00:00 SA,2.9,313800.2,3.2,2.9
5347,02:00:00,11/08/2024 2:00:00 SA,2.9,313803.5,3.3,3.7
5348,03:00:00,11/08/2024 3:00:00 SA,3.0,313805.1,1.6,1.5
5349,04:00:00,11/08/2024 4:00:00 SA,2.9,313808.6,3.5,3.4
5350,05:00:00,11/08/2024 5:00:00 SA,2.9,313811.0,2.4,2.1
5351,06:00:00,11/08/2024 6:00:00 SA,3.7,313815.0,4.0,3.3
5352,07:00:00,11/08/2024 7:00:00 SA,3.6,313822.0,7.0,7.1
5353,08:00:00,11/08/2024 8:00:00 SA,3.5,313833.1,11.1,10.5
5354,09:00:00,11/08/2024 9:00:00 SA,3.5,313846.1,13.0,13.3
5355,10:00:00,11/08/2024 10:00:00 SA,3.5,313859.3,13.2,12.9
5356,11:00:00,11/08/2024 11:00:00 SA,3.5,313871.1,11.8,11.1
5357,12:00:00,11/08/2024 12:00:00 CH,3.5,313881.0,9.9,10.0
5358,13:00:00,11/08/2024 1:00:00 CH,3.6,313889.5,8.5,8.3
5359,14:00:00,11/08/2024 2:00:00 CH,3.4,313896.5,7.0,7.4
5360,15:00:00,11/08/2024 3:00:00 CH,3.5,313904.1,7.6,7.5
5361,16:00:00,11/08/2024 4:00:00 CH,3.4,313913.3,9.2,8.7
5362,17:00:00,11/08/2024 5:00:00 CH,3.7,313923.5,10.2,11.0
5363,18:00:00,11/08/2024 6:00:00 CH,3.5,313936.4,12.9,13.3
5364,19:00:00,11/08/2024 7:00:00 CH,3.5,313956.2,19.8,20.4
5365,20:00:00,11/08/2024 8:00:00 CH,3.6,313971.4,15.2,14.6
5366,21:00:00,11/08/2024 9:00:00 CH,3.7,313984.5,13.1,14.6
5367,22:00:00,11/08/2024 10:00:00 CH,3.3,313995.5,11.0,11.2
5368,23:00:00,11/08/2024 11:00:00 CH,3.1,314005.7,10.2,11.0
5369,00:00:00,12/08/2024 12:00:00 SA,3.0,314009.8,4.1,4.1
5370,01:00:00,12/08/2024 1:00:00 SA,3.0,314014.6,4.8,4.6
5371,02:00:00,12/08/2024 2:00:00 SA,3.0,314016.1,1.5,1.4
5372,03:00:00,12/08/2024 3:00:00 SA,3.0,314018.6,2.5,2.2
5373,04:00:00,12/08/2024 4:00:00 SA,3.1,314021.9,3.3,3.5
5374,05:00:00,12/08/2024 5:00:00 SA,3.2,314023.9,2.0,1.8
5375,06:00:00,12/08/2024 6:00:00 SA,3.5,314032.0,8.1,7.4
5376,07:00:00,12/08/2024 7:00:00 SA,3.4,314044.6,12.6,12.4
5377,08:00:00,12/08/2024 8:00:00 SA,3.5,314057.8,13.2,13.4
5378,09:00:00,12/08/2024 9:00:00 SA,3.5,314069.1,11.3,10.8
5379,10:00:00,12/08/2024 10:00:00 SA,3.5,314079.3,10.2,10.2
5380,11:00:00,12/08/2024 11:00:00 SA,3.5,314087.7,8.4,8.3
5381,12:00:00,12/08/2024 12:00:00 CH,3.5,314096.8,9.1,8.5
5382,13:00:00,12/08/2024 1:00:00 CH,3.3,314105.3,8.5,8.1
5383,14:00:00,12/08/2024 2:00:00 CH,3.4,314111.6,6.3,5.7
5384,15:00:00,12/08/2024 3:00:00 CH,3.4,314120.6,9.0,8.8
5385,16:00:00,12/08/2024 4:00:00 CH,3.5,314126.5,5.9,6.0
5386,17:00:00,12/08/2024 5:00:00 CH,3.6,314135.6,9.1,8.5
5387,18:00:00,12/08/2024 6:00:00 CH,3.4,314147.3,11.7,12.4
5388,19:00:00,12/08/2024 7:00:00 CH,3.2,314164.9,17.6,16.7
5389,20:00:00,12/08/2024 8:00:00 CH,3.5,314181.5,16.6,16.6
5390,21:00:00,12/08/2024 9:00:00 CH,3.7,314195.2,13.7,14.6
5391,22:00:00,12/08/2024 10:00:00 CH,3.3,314206.4,11.2,10.2
5392,23:00:00,12/08/2024 11:00:00 CH,3.4,314216.8,10.4,9.8
5393,00:00:00,13/08/2024 12:00:00 SA,3.0,314220.7,3.9,4.3
5394,01:00:00,13/08/2024 1:00:00 SA,2.9,314223.6,2.9,3.0
5395,02:00:00,13/08/2024 2:00:00 SA,3.0,314226.6,3.0,3.0
5396,03:00:00,13/08/2024 3:00:00 SA,3.1,314229.3,2.7,2.4
5397,04:00:00,13/08/2024 4:00:00 SA,3.2,314230.9,1.6,1.8
5398,05:00:00,13/08/2024 5:00:00 SA,3.2,314234.5,3.6,3.7
5399,06:00:00,13/08/2024 6:00:00 SA,3.6,314242.7,8.2,7.8
5400,07:00:00,13/08/2024 7:00:00 SA,3.4,314244.0,1.3,10.2
5401,08:00:00,13/08/2024 8:00:00 SA,3.5,314255.6,11.6,11.3
5402,09:00:00,13/08/2024 9:00:00 SA,3.6,314267.3,11.7,11.4
5403,10:00:00,13/08/2024 10:00:00 SA,3.5,314281.0,13.7,14.1
5404,11:00:00,13/08/2024 11:00:00 SA,3.5,314289.3,8.3,8.9
5405,12:00:00,13/08/2024 12:00:00 CH,3.5,314299.3,10.0,10.1
5406,13:00:00,13/08/2024 1:00:00 CH,3.5,314307.8,8.5,9.0
5407,14:00:00,13/08/2024 2:00:00 CH,3.4,314315.5,7.7,7.3
5408,15:00:00,13/08/2024 3:00:00 CH,3.4,314323.9,8.4,8.9
5409,16:00:00,13/08/2024 4:00:00 CH,3.5,314332.4,8.5,7.4
5410,17:00:00,13/08/2024 5:00:00 CH,3.6,314342.3,9.9,9.4
5411,18:00:00,13/08/2024 6:00:00 CH,3.5,314343.4,1.1,12.0
5412,19:00:00,13/08/2024 7:00:00 CH,3.4,314355.2,11.8,15.9
5413,20:00:00,13/08/2024 8:00:00 CH,3.6,314369.6,14.4,14.8
5414,21:00:00,13/08/2024 9:00:00 CH,3.7,314381.6,12.0,12.0
5415,22:00:00,13/08/2024 10:00:00 CH,3.5,314391.7,10.1,9.6
5416,23:00:00,13/08/2024 11:00:00 CH,3.4,314401.3,9.6,10.2
5417,00:00:00,14/08/2024 12:00:00 SA,3.0,314406.5,5.2,5.1
5418,01:00:00,14/08/2024 1:00:00 SA,3.1,314409.3,2.8,2.7
5419,02:00:00,14/08/2024 2:00:00 SA,3.1,314413.2,3.9,3.6
5420,03:00:00,14/08/2024 3:00:00 SA,3.2,314414.7,1.5,1.4
5421,04:00:00,14/08/2024 4:00:00 SA,3.3,314418.0,3.3,3.1
5422,05:00:00,14/08/2024 5:00:00 SA,3.3,314420.4,2.4,2.4
5423,06:00:00,14/08/2024 6:00:00 SA,3.6,314427.7,7.3,6.4
5424,07:00:00,14/08/2024 7:00:00 SA,3.5,314440.0,12.3,12.7
5425,08:00:00,14/08/2024 8:00:00 SA,3.6,314454.1,14.1,13.1
5426,09:00:00,14/08/2024 9:00:00 SA,3.5,314463.3,9.2,9.4
5427,10:00:00,14/08/2024 10:00:00 SA,3.4,314472.6,9.3,9.4
5428,11:00:00,14/08/2024 11:00:00 SA,3.5,314480.7,8.1,8.3
5429,12:00:00,14/08/2024 12:00:00 CH,3.5,314490.8,10.1,9.4
5430,13:00:00,14/08/2024 1:00:00 CH,3.5,314498.9,8.1,8.4
5431,14:00:00,14/08/2024 2:00:00 CH,3.5,314505.6,6.7,6.7
5432,15:00:00,14/08/2024 3:00:00 CH,3.4,314510.5,4.9,4.7
5433,16:00:00,14/08/2024 4:00:00 CH,3.4,314517.8,7.3,7.0
5434,17:00:00,14/08/2024 5:00:00 CH,3.5,314525.7,7.9,8.3
5435,18:00:00,14/08/2024 6:00:00 CH,3.5,314538.4,12.7,11.6
5436,19:00:00,14/08/2024 7:00:00 CH,3.4,314555.8,17.4,17.2
5437,20:00:00,14/08/2024 8:00:00 CH,3.6,314568.6,12.8,13.3
5438,21:00:00,14/08/2024 9:00:00 CH,3.6,314580.0,11.4,11.7
5439,22:00:00,14/08/2024 10:00:00 CH,3.4,314591.2,11.2,11.8
5440,23:00:00,14/08/2024 11:00:00 CH,3.3,314600.7,9.5,9.0
5441,00:00:00,15/08/2024 12:00:00 SA,3.1,314605.8,5.1,4.7
5442,01:00:00,15/08/2024 1:00:00 SA,3.2,314609.3,3.5,3.6
5443,02:00:00,15/08/2024 2:00:00 SA,3.2,314611.9,2.6,2.3
5444,03:00:00,15/08/2024 3:00:00 SA,3.2,314614.0,2.1,2.4
5445,04:00:00,15/08/2024 4:00:00 SA,3.2,314616.2,2.2,1.7
5446,05:00:00,15/08/2024 5:00:00 SA,3.4,314618.5,2.3,2.8
5447,06:00:00,15/08/2024 6:00:00 SA,3.6,314627.0,8.5,7.9
5448,07:00:00,15/08/2024 7:00:00 SA,3.4,314638.9,11.9,12.1
5449,08:00:00,15/08/2024 8:00:00 SA,3.6,314649.4,10.5,10.8
5450,09:00:00,15/08/2024 9:00:00 SA,3.5,314663.2,13.8,13.4
5451,10:00:00,15/08/2024 10:00:00 SA,3.6,314672.7,9.5,9.6
5452,11:00:00,15/08/2024 11:00:00 SA,3.5,314680.3,7.6,7.8
5453,12:00:00,15/08/2024 12:00:00 CH,3.6,314688.6,8.3,8.1
5454,13:00:00,15/08/2024 1:00:00 CH,3.4,314695.7,7.1,6.5
5455,14:00:00,15/08/2024 2:00:00 CH,3.4,314701.8,6.1,6.2
5456,15:00:00,15/08/2024 3:00:00 CH,3.4,314708.5,6.7,6.4
5457,16:00:00,15/08/2024 4:00:00 CH,3.5,314715.1,6.6,6.6
5458,17:00:00,15/08/2024 5:00:00 CH,3.6,314722.5,7.4,7.1
5459,18:00:00,15/08/2024 6:00:00 CH,3.5,314735.0,12.5,12.3
5460,19:00:00,15/08/2024 7:00:00 CH,3.5,314752.5,17.5,17.9
5461,20:00:00,15/08/2024 8:00:00 CH,3.6,314767.4,14.9,16.3
5462,21:00:00,15/08/2024 9:00:00 CH,3.5,314779.5,12.1,12.5
5463,22:00:00,15/08/2024 10:00:00 CH,3.5,314789.5,10.0,9.7
5464,23:00:00,15/08/2024 11:00:00 CH,3.3,314799.0,9.5,9.1
5465,00:00:00,16/08/2024 12:00:00 SA,2.9,314804.1,5.1,4.7
5466,01:00:00,16/08/2024 1:00:00 SA,3.0,314806.4,2.3,2.6
5467,02:00:00,16/08/2024 2:00:00 SA,3.0,314810.2,3.8,3.6
5468,03:00:00,16/08/2024 3:00:00 SA,3.1,314812.3,2.1,1.8
5469,04:00:00,16/08/2024 4:00:00 SA,3.2,314814.5,2.2,2.2
5470,05:00:00,16/08/2024 5:00:00 SA,3.3,314818.5,4.0,3.7
5471,06:00:00,16/08/2024 6:00:00 SA,3.5,314823.8,5.3,5.1
5472,07:00:00,16/08/2024 7:00:00 SA,3.6,314836.9,13.1,12.9
5473,08:00:00,16/08/2024 8:00:00 SA,3.5,314846.8,9.9,9.7
5474,09:00:00,16/08/2024 9:00:00 SA,3.5,314859.5,12.7,12.6
5475,10:00:00,16/08/2024 10:00:00 SA,3.5,314868.9,9.4,9.5
5476,11:00:00,16/08/2024 11:00:00 SA,3.5,314876.1,7.2,7.3
5477,12:00:00,16/08/2024 12:00:00 CH,3.5,314886.6,10.5,10.0
5478,13:00:00,16/08/2024 1:00:00 CH,3.4,314895.2,8.6,8.5
5479,14:00:00,16/08/2024 2:00:00 CH,3.4,314901.1,5.9,6.3
5480,15:00:00,16/08/2024 3:00:00 CH,3.3,314905.7,4.6,4.4
5481,16:00:00,16/08/2024 4:00:00 CH,3.3,314912.8,7.1,6.4
5482,17:00:00,16/08/2024 5:00:00 CH,3.6,314922.8,10.0,9.7
5483,18:00:00,16/08/2024 6:00:00 CH,3.5,314934.6,11.8,11.8
5484,19:00:00,16/08/2024 7:00:00 CH,3.4,314951.7,17.1,16.8
5485,20:00:00,16/08/2024 8:00:00 CH,3.6,314965.4,13.7,12.5
5486,21:00:00,16/08/2024 9:00:00 CH,3.6,314976.7,11.3,11.3
5487,22:00:00,16/08/2024 10:00:00 CH,3.5,314986.7,10.0,8.8
5488,23:00:00,16/08/2024 11:00:00 CH,3.2,314994.7,8.0,8.1
5489,00:00:00,17/08/2024 12:00:00 SA,2.9,315000.3,5.6,5.5
5490,01:00:00,17/08/2024 1:00:00 SA,2.9,315003.6,3.3,3.7
5491,02:00:00,17/08/2024 2:00:00 SA,2.9,315007.4,3.8,3.6
5492,03:00:00,17/08/2024 3:00:00 SA,2.9,315009.7,2.3,2.4
5493,04:00:00,17/08/2024 4:00:00 SA,2.9,315011.1,1.4,1.7
5494,05:00:00,17/08/2024 5:00:00 SA,3.0,315013.5,2.4,2.5
5495,06:00:00,17/08/2024 6:00:00 SA,3.6,315020.0,6.5,6.1
5496,07:00:00,17/08/2024 7:00:00 SA,3.4,315030.3,10.3,10.4
5497,08:00:00,17/08/2024 8:00:00 SA,3.5,315043.0,12.7,11.2
5498,09:00:00,17/08/2024 9:00:00 SA,3.6,315057.0,14.0,13.7
5499,10:00:00,17/08/2024 10:00:00 SA,3.5,315068.4,11.4,11.1
5500,11:00:00,17/08/2024 11:00:00 SA,3.5,315078.0,9.6,9.5
5501,12:00:00,17/08/2024 12:00:00 CH,3.5,315086.8,8.8,8.4
5502,13:00:00,17/08/2024 1:00:00 CH,3.5,315094.6,7.8,7.7
5503,14:00:00,17/08/2024 2:00:00 CH,3.3,315100.8,6.2,5.9
5504,15:00:00,17/08/2024 3:00:00 CH,3.2,315111.2,10.4,10.6
5505,16:00:00,17/08/2024 4:00:00 CH,3.2,315121.6,10.4,9.5
5506,17:00:00,17/08/2024 5:00:00 CH,3.5,315132.5,10.9,10.8
5507,18:00:00,17/08/2024 6:00:00 CH,3.5,315146.5,14.0,15.4
5508,19:00:00,17/08/2024 7:00:00 CH,3.5,315161.7,15.2,16.1
5509,20:00:00,17/08/2024 8:00:00 CH,3.7,315173.4,11.7,11.8
5510,21:00:00,17/08/2024 9:00:00 CH,3.5,315182.6,9.2,9.0
5511,22:00:00,17/08/2024 10:00:00 CH,3.5,315191.7,9.1,8.8
5512,23:00:00,17/08/2024 11:00:00 CH,3.4,315201.5,9.8,9.7
5513,00:00:00,18/08/2024 12:00:00 SA,2.9,315206.9,5.4,5.6
5514,01:00:00,18/08/2024 1:00:00 SA,3.0,315213.1,6.2,6.3
5515,02:00:00,18/08/2024 2:00:00 SA,3.0,315215.8,2.7,2.5
5516,03:00:00,18/08/2024 3:00:00 SA,3.1,315219.8,4.0,3.8
5517,04:00:00,18/08/2024 4:00:00 SA,3.1,315223.7,3.9,3.4
5518,05:00:00,18/08/2024 5:00:00 SA,3.3,315227.8,4.1,4.0
5519,06:00:00,18/08/2024 6:00:00 SA,3.6,315234.5,6.7,6.2
5520,07:00:00,18/08/2024 7:00:00 SA,3.4,315244.3,9.8,9.2
5521,08:00:00,18/08/2024 8:00:00 SA,3.5,315257.0,12.7,12.8
5522,09:00:00,18/08/2024 9:00:00 SA,3.5,315269.2,12.2,11.9
5523,10:00:00,18/08/2024 10:00:00 SA,3.5,315281.7,12.5,12.9
5524,11:00:00,18/08/2024 11:00:00 SA,3.6,315295.2,13.5,14.5
5525,12:00:00,18/08/2024 12:00:00 CH,3.6,315304.9,9.7,9.8
5526,13:00:00,18/08/2024 1:00:00 CH,3.6,315312.8,7.9,8.6
5527,14:00:00,18/08/2024 2:00:00 CH,3.5,315318.6,5.8,5.4
5528,15:00:00,18/08/2024 3:00:00 CH,3.4,315326.8,8.2,8.4
5529,16:00:00,18/08/2024 4:00:00 CH,3.5,315333.2,6.4,6.6
5530,17:00:00,18/08/2024 5:00:00 CH,3.6,315342.4,9.2,8.7
5531,18:00:00,18/08/2024 6:00:00 CH,3.4,315357.1,14.7,14.1
5532,19:00:00,18/08/2024 7:00:00 CH,3.4,315375.1,18.0,17.4
5533,20:00:00,18/08/2024 8:00:00 CH,3.6,315389.7,14.6,14.7
5534,21:00:00,18/08/2024 9:00:00 CH,3.6,315401.4,11.7,12.2
5535,22:00:00,18/08/2024 10:00:00 CH,3.3,315411.6,10.2,10.3
5536,23:00:00,18/08/2024 11:00:00 CH,3.1,315420.2,8.6,9.1
5537,00:00:00,19/08/2024 12:00:00 SA,3.1,315425.3,5.1,5.0
5538,01:00:00,19/08/2024 1:00:00 SA,3.1,315427.8,2.5,2.5
5539,02:00:00,19/08/2024 2:00:00 SA,3.1,315430.8,3.0,2.9
5540,03:00:00,19/08/2024 3:00:00 SA,3.1,315432.2,1.4,1.5
5541,04:00:00,19/08/2024 4:00:00 SA,3.1,315435.0,2.8,2.7
5542,05:00:00,19/08/2024 5:00:00 SA,3.0,315437.0,2.0,2.2
5543,06:00:00,19/08/2024 6:00:00 SA,3.6,315443.8,6.8,6.2
5544,07:00:00,19/08/2024 7:00:00 SA,3.4,315454.7,10.9,10.1
5545,08:00:00,19/08/2024 8:00:00 SA,3.6,315466.6,11.9,12.0
5546,09:00:00,19/08/2024 9:00:00 SA,3.4,315475.8,9.2,8.7
5547,10:00:00,19/08/2024 10:00:00 SA,3.6,315485.2,9.4,9.6
5548,11:00:00,19/08/2024 11:00:00 SA,3.5,315494.0,8.8,9.2
5549,12:00:00,19/08/2024 12:00:00 CH,3.6,315505.2,11.2,10.4
5550,13:00:00,19/08/2024 1:00:00 CH,3.4,315512.7,7.5,7.7
5551,14:00:00,19/08/2024 2:00:00 CH,3.4,315518.3,5.6,5.2
5552,15:00:00,19/08/2024 3:00:00 CH,3.3,315524.9,6.6,7.4
5553,16:00:00,19/08/2024 4:00:00 CH,3.5,315531.1,6.2,5.4
5554,17:00:00,19/08/2024 5:00:00 CH,3.6,315540.9,9.8,9.1
5555,18:00:00,19/08/2024 6:00:00 CH,3.4,315554.2,13.3,9.9
5556,19:00:00,19/08/2024 7:00:00 CH,3.4,315571.8,17.6,16.2
5557,20:00:00,19/08/2024 8:00:00 CH,3.5,315586.5,14.7,14.1
5558,21:00:00,19/08/2024 9:00:00 CH,3.6,315599.5,13.0,13.6
5559,22:00:00,19/08/2024 10:00:00 CH,3.3,315608.4,8.9,8.7
5560,23:00:00,19/08/2024 11:00:00 CH,3.1,315618.8,10.4,10.0
5561,00:00:00,20/08/2024 12:00:00 SA,3.1,315622.8,4.0,3.9
5562,01:00:00,20/08/2024 1:00:00 SA,3.0,315626.1,3.3,3.4
5563,02:00:00,20/08/2024 2:00:00 SA,3.0,315630.9,4.8,2.0
5564,03:00:00,20/08/2024 3:00:00 SA,3.0,315634.6,3.7,3.9
5565,04:00:00,20/08/2024 4:00:00 SA,3.0,315636.5,1.9,1.8
5566,05:00:00,20/08/2024 5:00:00 SA,3.3,315638.3,1.8,1.5
5567,06:00:00,20/08/2024 6:00:00 SA,3.6,315646.5,8.2,8.0
5568,07:00:00,20/08/2024 7:00:00 SA,3.4,315656.9,10.4,9.9
5569,08:00:00,20/08/2024 8:00:00 SA,3.6,315671.1,14.2,14.4
5570,09:00:00,20/08/2024 9:00:00 SA,3.5,315682.9,11.8,11.4
5571,10:00:00,20/08/2024 10:00:00 SA,3.5,315691.7,8.8,8.5
5572,11:00:00,20/08/2024 11:00:00 SA,0.0,315700.3,8.6,6.2
5573,12:00:00,20/08/2024 12:00:00 CH,3.5,315709.7,9.4,8.7
5574,13:00:00,20/08/2024 1:00:00 CH,3.3,315717.6,7.9,7.9
5575,14:00:00,20/08/2024 2:00:00 CH,3.3,315727.3,9.7,9.4
5576,15:00:00,20/08/2024 3:00:00 CH,3.3,315735.2,7.9,7.1
5577,16:00:00,20/08/2024 4:00:00 CH,3.6,315746.2,11.0,10.3
5578,17:00:00,20/08/2024 5:00:00 CH,3.6,315756.7,10.5,10.3
5579,18:00:00,20/08/2024 6:00:00 CH,3.4,315769.5,12.8,12.8
5580,19:00:00,20/08/2024 7:00:00 CH,3.2,315785.8,16.3,16.9
5581,20:00:00,20/08/2024 8:00:00 CH,3.6,315800.1,14.3,14.0
5582,21:00:00,20/08/2024 9:00:00 CH,3.5,315812.3,12.2,13.1
5583,22:00:00,20/08/2024 10:00:00 CH,3.6,315823.0,10.7,10.6
5584,23:00:00,20/08/2024 11:00:00 CH,3.2,315833.1,10.1,9.9
5585,00:00:00,21/08/2024 12:00:00 SA,3.1,315836.5,3.4,3.4
5586,01:00:00,21/08/2024 1:00:00 SA,3.0,315841.1,4.6,4.8
5587,02:00:00,21/08/2024 2:00:00 SA,3.1,315843.0,1.9,1.6
5588,03:00:00,21/08/2024 3:00:00 SA,3.2,315845.8,2.8,2.9
5589,04:00:00,21/08/2024 4:00:00 SA,3.2,315849.0,3.2,2.9
5590,05:00:00,21/08/2024 5:00:00 SA,2.1,315851.0,2.0,1.9
5591,06:00:00,21/08/2024 6:00:00 SA,3.5,315857.2,6.2,6.0
5592,07:00:00,21/08/2024 7:00:00 SA,3.5,315870.0,12.8,13.0
5593,08:00:00,21/08/2024 8:00:00 SA,3.6,315881.8,11.8,12.6
5594,09:00:00,21/08/2024 9:00:00 SA,3.5,315890.7,8.9,8.8
5595,10:00:00,21/08/2024 10:00:00 SA,3.5,315898.7,8.0,8.2
5596,11:00:00,21/08/2024 11:00:00 SA,3.4,315909.3,10.6,10.4
5597,12:00:00,21/08/2024 12:00:00 CH,3.4,315921.5,12.2,11.7
5598,13:00:00,21/08/2024 1:00:00 CH,3.4,315930.0,8.5,8.5
5599,14:00:00,21/08/2024 2:00:00 CH,3.4,315937.1,7.1,7.5
5600,15:00:00,21/08/2024 3:00:00 CH,3.5,315945.5,8.4,8.3
5601,16:00:00,21/08/2024 4:00:00 CH,3.5,315952.6,7.1,7.2
5602,17:00:00,21/08/2024 5:00:00 CH,3.6,315963.2,10.6,9.7
5603,18:00:00,21/08/2024 6:00:00 CH,3.4,315976.5,13.3,13.4
5604,19:00:00,21/08/2024 7:00:00 CH,3.3,315998.0,21.5,20.4
5605,20:00:00,21/08/2024 8:00:00 CH,3.6,316012.8,14.8,14.6
5606,21:00:00,21/08/2024 9:00:00 CH,3.7,316024.9,12.1,11.7
5607,22:00:00,21/08/2024 10:00:00 CH,3.4,316036.5,11.6,11.5
5608,23:00:00,21/08/2024 11:00:00 CH,3.4,316045.9,9.4,9.2
5609,00:00:00,22/08/2024 12:00:00 SA,3.1,316052.5,6.6,7.2
5610,01:00:00,22/08/2024 1:00:00 SA,3.1,316055.8,3.3,3.5
5611,02:00:00,22/08/2024 2:00:00 SA,3.1,316060.6,4.8,4.7
5612,03:00:00,22/08/2024 3:00:00 SA,3.1,316063.1,2.5,2.4
5613,04:00:00,22/08/2024 4:00:00 SA,3.2,316067.8,4.7,4.2
5614,05:00:00,22/08/2024 5:00:00 SA,3.3,316071.5,3.7,3.3
5615,06:00:00,22/08/2024 6:00:00 SA,3.6,316081.1,9.6,10.0
5616,07:00:00,22/08/2024 7:00:00 SA,3.6,316095.4,14.3,13.7
5617,08:00:00,22/08/2024 8:00:00 SA,3.7,316107.6,12.2,11.5
5618,09:00:00,22/08/2024 9:00:00 SA,3.6,316120.5,12.9,13.1
5619,10:00:00,22/08/2024 10:00:00 SA,3.6,316131.1,10.6,9.6
5620,11:00:00,22/08/2024 11:00:00 SA,3.4,316140.4,9.3,10.1
5621,12:00:00,22/08/2024 12:00:00 CH,3.5,316150.1,9.7,9.1
5622,13:00:00,22/08/2024 1:00:00 CH,3.4,316156.6,6.5,6.5
5623,14:00:00,22/08/2024 2:00:00 CH,3.4,316164.9,8.3,7.9
5624,15:00:00,22/08/2024 3:00:00 CH,3.4,316172.7,7.8,7.4
5625,16:00:00,22/08/2024 4:00:00 CH,3.5,316182.2,9.5,9.2
5626,17:00:00,22/08/2024 5:00:00 CH,3.5,316192.1,9.9,10.4
5627,18:00:00,22/08/2024 6:00:00 CH,3.3,316205.7,13.6,13.5
5628,19:00:00,22/08/2024 7:00:00 CH,3.3,316225.8,20.1,20.2
5629,20:00:00,22/08/2024 8:00:00 CH,3.5,316240.5,14.7,15.6
5630,21:00:00,22/08/2024 9:00:00 CH,3.5,316251.8,11.3,11.6
5631,22:00:00,22/08/2024 10:00:00 CH,3.4,316260.9,9.1,8.8
5632,23:00:00,22/08/2024 11:00:00 CH,3.3,316270.7,9.8,10.0
5633,00:00:00,23/08/2024 12:00:00 SA,3.2,316274.7,4.0,3.9
5634,01:00:00,23/08/2024 1:00:00 SA,3.1,316278.9,4.2,3.8
5635,02:00:00,23/08/2024 2:00:00 SA,3.1,316282.5,3.6,3.7
5636,03:00:00,23/08/2024 3:00:00 SA,3.1,316284.5,2.0,2.0
5637,04:00:00,23/08/2024 4:00:00 SA,3.1,316288.0,3.5,3.4
5638,05:00:00,23/08/2024 5:00:00 SA,3.2,316290.3,2.3,2.3
5639,06:00:00,23/08/2024 6:00:00 SA,3.6,316295.9,5.6,4.7
5640,07:00:00,23/08/2024 7:00:00 SA,3.5,316305.3,9.4,10.0
5641,08:00:00,23/08/2024 8:00:00 SA,3.6,316315.3,10.0,9.3
5642,09:00:00,23/08/2024 9:00:00 SA,3.6,316327.4,12.1,12.8
5643,10:00:00,23/08/2024 10:00:00 SA,3.5,316337.3,9.9,9.9
5644,11:00:00,23/08/2024 11:00:00 SA,3.5,316345.6,8.3,8.8
5645,12:00:00,23/08/2024 12:00:00 CH,3.5,316353.1,7.5,7.0
5646,13:00:00,23/08/2024 1:00:00 CH,3.4,316359.4,6.3,6.2
5647,14:00:00,23/08/2024 2:00:00 CH,3.3,316366.1,6.7,6.7
5648,15:00:00,23/08/2024 3:00:00 CH,3.2,316370.8,4.7,4.7
5649,16:00:00,23/08/2024 4:00:00 CH,3.2,316375.9,5.1,5.3
5650,17:00:00,23/08/2024 5:00:00 CH,3.6,316384.9,9.0,8.7
5651,18:00:00,23/08/2024 6:00:00 CH,3.4,316396.8,11.9,11.3
5652,19:00:00,23/08/2024 7:00:00 CH,3.4,316412.8,16.0,15.5
5653,20:00:00,23/08/2024 8:00:00 CH,3.6,316426.4,13.6,13.6
5654,21:00:00,23/08/2024 9:00:00 CH,3.7,316437.8,11.4,11.8
5655,22:00:00,23/08/2024 10:00:00 CH,3.5,316447.6,9.8,9.2
5656,23:00:00,23/08/2024 11:00:00 CH,3.3,316455.4,7.8,7.7
5657,00:00:00,24/08/2024 12:00:00 SA,3.1,316462.1,6.7,6.6
5658,01:00:00,24/08/2024 1:00:00 SA,3.1,316464.1,2.0,2.2
5659,02:00:00,24/08/2024 2:00:00 SA,3.1,316468.3,4.2,4.0
5660,03:00:00,24/08/2024 3:00:00 SA,3.1,316470.0,1.7,1.7
5661,04:00:00,24/08/2024 4:00:00 SA,3.1,316472.7,2.7,2.4
5662,05:00:00,24/08/2024 5:00:00 SA,3.1,316474.9,2.2,2.4
5663,06:00:00,24/08/2024 6:00:00 SA,3.6,316481.7,6.8,6.8
5664,07:00:00,24/08/2024 7:00:00 SA,3.5,316491.0,9.3,8.7
5665,08:00:00,24/08/2024 8:00:00 SA,3.6,316504.8,13.8,12.8
5666,09:00:00,24/08/2024 9:00:00 SA,3.5,316514.8,10.0,10.2
5667,10:00:00,24/08/2024 10:00:00 SA,3.6,316525.0,10.2,10.0
5668,11:00:00,24/08/2024 11:00:00 SA,3.5,316532.6,7.6,7.1
5669,12:00:00,24/08/2024 12:00:00 CH,3.5,316539.8,7.2,6.6
5670,13:00:00,24/08/2024 1:00:00 CH,3.6,316548.8,9.0,8.4
5671,14:00:00,24/08/2024 2:00:00 CH,3.4,316556.7,7.9,8.1
5672,15:00:00,24/08/2024 3:00:00 CH,3.4,316564.2,7.5,7.1
5673,16:00:00,24/08/2024 4:00:00 CH,3.3,316572.7,8.5,7.9
5674,17:00:00,24/08/2024 5:00:00 CH,3.4,316580.8,8.1,7.8
5675,18:00:00,24/08/2024 6:00:00 CH,3.4,316592.9,12.1,12.2
5676,19:00:00,24/08/2024 7:00:00 CH,3.4,316610.3,17.4,17.1
5677,20:00:00,24/08/2024 8:00:00 CH,3.6,316623.2,12.9,13.4
5678,21:00:00,24/08/2024 9:00:00 CH,3.6,316634.1,10.9,11.2
5679,22:00:00,24/08/2024 10:00:00 CH,2.8,316643.1,9.0,8.3
5680,23:00:00,24/08/2024 11:00:00 CH,3.1,316651.5,8.4,8.1
5681,00:00:00,25/08/2024 12:00:00 SA,2.9,316659.7,8.2,8.1
5682,01:00:00,25/08/2024 1:00:00 SA,2.9,316662.7,3.0,2.8
5683,02:00:00,25/08/2024 2:00:00 SA,2.9,316667.1,4.4,4.8
5684,03:00:00,25/08/2024 3:00:00 SA,3.0,316668.8,1.7,1.5
5685,04:00:00,25/08/2024 4:00:00 SA,3.0,316670.5,1.7,1.7
5686,05:00:00,25/08/2024 5:00:00 SA,3.1,316672.5,2.0,2.2
5687,06:00:00,25/08/2024 6:00:00 SA,3.5,316679.0,6.5,6.6
5688,07:00:00,25/08/2024 7:00:00 SA,3.6,316687.0,8.0,7.8
5689,08:00:00,25/08/2024 8:00:00 SA,3.4,316703.3,16.3,16.4
5690,09:00:00,25/08/2024 9:00:00 SA,3.4,316718.0,14.7,14.2
5691,10:00:00,25/08/2024 10:00:00 SA,3.4,316728.3,10.3,9.4
5692,11:00:00,25/08/2024 11:00:00 SA,3.5,316739.9,11.6,11.2
5693,12:00:00,25/08/2024 12:00:00 CH,3.5,316749.2,9.3,9.0
5694,13:00:00,25/08/2024 1:00:00 CH,3.5,316757.4,8.2,8.6
5695,14:00:00,25/08/2024 2:00:00 CH,3.4,316766.9,9.5,8.9
5696,15:00:00,25/08/2024 3:00:00 CH,3.3,316774.4,7.5,8.0
5697,16:00:00,25/08/2024 4:00:00 CH,3.4,316787.2,12.8,12.6
5698,17:00:00,25/08/2024 5:00:00 CH,3.6,316799.6,12.4,11.9
5699,18:00:00,25/08/2024 6:00:00 CH,3.5,316813.9,14.3,14.1
5700,19:00:00,25/08/2024 7:00:00 CH,3.4,316832.3,18.4,18.5
5701,20:00:00,25/08/2024 8:00:00 CH,3.6,316845.2,12.9,12.5
5702,21:00:00,25/08/2024 9:00:00 CH,3.6,316857.1,11.9,12.0
5703,22:00:00,25/08/2024 10:00:00 CH,3.4,316866.5,9.4,9.0
5704,23:00:00,25/08/2024 11:00:00 CH,3.4,316874.4,7.9,8.2
5705,00:00:00,26/08/2024 12:00:00 SA,3.0,316881.3,6.9,7.3
5706,01:00:00,26/08/2024 1:00:00 SA,3.0,316883.1,1.8,1.5
5707,02:00:00,26/08/2024 2:00:00 SA,3.0,316887.1,4.0,4.1
5708,03:00:00,26/08/2024 3:00:00 SA,3.0,316888.6,1.5,1.3
5709,04:00:00,26/08/2024 4:00:00 SA,2.9,316890.7,2.1,2.1
5710,05:00:00,26/08/2024 5:00:00 SA,3.1,316893.1,2.4,2.6
5711,06:00:00,26/08/2024 6:00:00 SA,3.5,316901.3,8.2,7.8
5712,07:00:00,26/08/2024 7:00:00 SA,3.4,316913.3,12.0,11.4
5713,08:00:00,26/08/2024 8:00:00 SA,3.6,316924.6,11.3,10.7
5714,09:00:00,26/08/2024 9:00:00 SA,3.5,316935.2,10.6,10.5
5715,10:00:00,26/08/2024 10:00:00 SA,3.6,316943.0,7.8,8.2
5716,11:00:00,26/08/2024 11:00:00 SA,3.5,316950.7,7.7,7.3
5717,12:00:00,26/08/2024 12:00:00 CH,3.5,316959.7,9.0,8.9
5718,13:00:00,26/08/2024 1:00:00 CH,3.4,316968.6,8.9,9.1
5719,14:00:00,26/08/2024 2:00:00 CH,3.4,316975.4,6.8,7.0
5720,15:00:00,26/08/2024 3:00:00 CH,3.3,316985.0,9.6,9.7
5721,16:00:00,26/08/2024 4:00:00 CH,3.5,316992.0,7.0,6.8
5722,17:00:00,26/08/2024 5:00:00 CH,3.6,317000.5,8.5,8.0
5723,18:00:00,26/08/2024 6:00:00 CH,3.3,317013.0,12.5,11.9
5724,19:00:00,26/08/2024 7:00:00 CH,3.2,317030.6,17.6,17.2
5725,20:00:00,26/08/2024 8:00:00 CH,3.5,317045.3,14.7,16.0
5726,21:00:00,26/08/2024 9:00:00 CH,3.5,317056.7,11.4,11.5
5727,22:00:00,26/08/2024 10:00:00 CH,3.5,317066.9,10.2,10.1
5728,23:00:00,26/08/2024 11:00:00 CH,3.2,317075.2,8.3,8.3
5729,00:00:00,27/08/2024 12:00:00 SA,2.4,317080.4,5.2,5.6
5730,01:00:00,27/08/2024 1:00:00 SA,3.1,317083.7,3.3,3.3
5731,02:00:00,27/08/2024 2:00:00 SA,3.1,317086.2,2.5,2.2
5732,03:00:00,27/08/2024 3:00:00 SA,3.1,317090.4,4.2,4.3
5733,04:00:00,27/08/2024 4:00:00 SA,3.0,317092.5,2.1,2.0
5734,05:00:00,27/08/2024 5:00:00 SA,3.0,317094.9,2.4,2.4
5735,06:00:00,27/08/2024 6:00:00 SA,3.3,317102.1,7.2,6.2
5736,07:00:00,27/08/2024 7:00:00 SA,3.5,317112.8,10.7,9.8
5737,08:00:00,27/08/2024 8:00:00 SA,3.7,317124.8,12.0,11.8
5738,09:00:00,27/08/2024 9:00:00 SA,3.6,317136.3,11.5,9.7
5739,10:00:00,27/08/2024 10:00:00 SA,3.7,317145.7,9.4,9.4
5740,11:00:00,27/08/2024 11:00:00 SA,3.6,317154.5,8.8,9.3
5741,12:00:00,27/08/2024 12:00:00 CH,3.6,317163.1,8.6,8.2
5742,13:00:00,27/08/2024 1:00:00 CH,3.6,317171.3,8.2,7.9
5743,14:00:00,27/08/2024 2:00:00 CH,3.5,317179.8,8.5,9.0
5744,15:00:00,27/08/2024 3:00:00 CH,3.4,317186.6,6.8,6.1
5745,16:00:00,27/08/2024 4:00:00 CH,3.4,317192.7,6.1,6.1
5746,17:00:00,27/08/2024 5:00:00 CH,3.6,317202.0,9.3,8.7
5747,18:00:00,27/08/2024 6:00:00 CH,3.5,317215.0,13.0,12.6
5748,19:00:00,27/08/2024 7:00:00 CH,3.4,317234.3,19.3,19.3
5749,20:00:00,27/08/2024 8:00:00 CH,3.5,317248.6,14.3,14.9
5750,21:00:00,27/08/2024 9:00:00 CH,3.7,317261.7,13.1,13.3
5751,22:00:00,27/08/2024 10:00:00 CH,3.5,317271.8,10.1,10.4
5752,23:00:00,27/08/2024 11:00:00 CH,3.4,317280.7,8.9,8.8
5753,00:00:00,28/08/2024 12:00:00 SA,3.1,317286.4,5.7,6.0
5754,01:00:00,28/08/2024 1:00:00 SA,3.1,317290.0,3.6,3.7
5755,02:00:00,28/08/2024 2:00:00 SA,3.0,317292.8,2.8,2.8
5756,03:00:00,28/08/2024 3:00:00 SA,3.1,317296.5,3.7,3.4
5757,04:00:00,28/08/2024 4:00:00 SA,3.1,317299.3,2.8,3.0
5758,05:00:00,28/08/2024 5:00:00 SA,3.0,317302.8,3.5,3.2
5759,06:00:00,28/08/2024 6:00:00 SA,3.7,317309.6,6.8,5.9
5760,07:00:00,28/08/2024 7:00:00 SA,3.4,317324.1,14.5,14.1
5761,08:00:00,28/08/2024 8:00:00 SA,3.6,317337.9,13.8,13.7
5762,09:00:00,28/08/2024 9:00:00 SA,3.5,317350.1,12.2,12.5
5763,10:00:00,28/08/2024 10:00:00 SA,3.5,317360.3,10.2,9.5
5764,11:00:00,28/08/2024 11:00:00 SA,3.6,317368.9,8.6,8.2
5765,12:00:00,28/08/2024 12:00:00 CH,3.6,317378.1,9.2,9.4
5766,13:00:00,28/08/2024 1:00:00 CH,3.4,317385.6,7.5,7.5
5767,14:00:00,28/08/2024 2:00:00 CH,3.4,317390.2,4.6,4.6
5768,15:00:00,28/08/2024 3:00:00 CH,3.4,317399.3,9.1,8.1
5769,16:00:00,28/08/2024 4:00:00 CH,3.4,317407.7,8.4,8.0
5770,17:00:00,28/08/2024 5:00:00 CH,3.5,317417.1,9.4,9.3
5771,18:00:00,28/08/2024 6:00:00 CH,3.3,317431.9,14.8,15.1
5772,19:00:00,28/08/2024 7:00:00 CH,3.2,317451.1,19.2,18.8
5773,20:00:00,28/08/2024 8:00:00 CH,3.5,317467.4,16.3,16.0
5774,21:00:00,28/08/2024 9:00:00 CH,3.4,317479.2,11.8,11.4
5775,22:00:00,28/08/2024 10:00:00 CH,3.6,317489.8,10.6,10.9
5776,23:00:00,28/08/2024 11:00:00 CH,3.3,317498.3,8.5,9.1
5777,00:00:00,29/08/2024 12:00:00 SA,3.1,317503.4,5.1,4.8
5778,01:00:00,29/08/2024 1:00:00 SA,2.7,317505.9,2.5,2.7
5779,02:00:00,29/08/2024 2:00:00 SA,2.7,317508.9,3.0,3.0
5780,03:00:00,29/08/2024 3:00:00 SA,2.8,317510.8,1.9,1.6
5781,04:00:00,29/08/2024 4:00:00 SA,2.8,317513.3,2.5,2.5
5782,05:00:00,29/08/2024 5:00:00 SA,3.3,317516.5,3.2,2.5
5783,06:00:00,29/08/2024 6:00:00 SA,3.0,317524.2,7.7,7.1
5784,07:00:00,29/08/2024 7:00:00 SA,3.3,317537.0,12.8,12.7
5785,08:00:00,29/08/2024 8:00:00 SA,3.5,317547.0,10.0,9.4
5786,09:00:00,29/08/2024 9:00:00 SA,3.5,317559.8,12.8,12.6
5787,10:00:00,29/08/2024 10:00:00 SA,3.5,317567.9,8.1,7.4
5788,11:00:00,29/08/2024 11:00:00 SA,3.5,317576.4,8.5,9.0
5789,12:00:00,29/08/2024 12:00:00 CH,3.5,317586.6,10.2,10.1
5790,13:00:00,29/08/2024 1:00:00 CH,3.5,317595.3,8.7,9.4
5791,14:00:00,29/08/2024 2:00:00 CH,3.4,317601.3,6.0,5.5
5792,15:00:00,29/08/2024 3:00:00 CH,3.4,317609.1,7.8,8.0
5793,16:00:00,29/08/2024 4:00:00 CH,3.5,317615.2,6.1,5.2
5794,17:00:00,29/08/2024 5:00:00 CH,3.5,317624.5,9.3,9.2
5795,18:00:00,29/08/2024 6:00:00 CH,3.3,317637.9,13.4,12.5
5796,19:00:00,29/08/2024 7:00:00 CH,3.3,317656.5,18.6,18.6
5797,20:00:00,29/08/2024 8:00:00 CH,3.5,317672.7,16.2,16.9
5798,21:00:00,29/08/2024 9:00:00 CH,3.5,317685.3,12.6,12.6
5799,22:00:00,29/08/2024 10:00:00 CH,3.4,317696.3,11.0,10.8
5800,23:00:00,29/08/2024 11:00:00 CH,3.4,317707.3,11.0,11.2
5801,00:00:00,30/08/2024 12:00:00 SA,3.1,317714.2,6.9,6.7
5802,01:00:00,30/08/2024 1:00:00 SA,3.0,317717.7,3.5,3.6
5803,02:00:00,30/08/2024 2:00:00 SA,3.0,317722.8,5.1,4.9
5804,03:00:00,30/08/2024 3:00:00 SA,3.2,317725.6,2.8,2.9
5805,04:00:00,30/08/2024 4:00:00 SA,3.2,317729.4,3.8,3.7
5806,05:00:00,30/08/2024 5:00:00 SA,3.1,317733.0,3.6,3.7
5807,06:00:00,30/08/2024 6:00:00 SA,3.6,317742.4,9.4,8.4
5808,07:00:00,30/08/2024 7:00:00 SA,3.5,317757.0,14.6,14.7
5809,08:00:00,30/08/2024 8:00:00 SA,3.7,317768.2,11.2,11.5
5810,09:00:00,30/08/2024 9:00:00 SA,3.7,317780.4,12.2,11.0
5811,10:00:00,30/08/2024 10:00:00 SA,3.6,317788.6,8.2,8.5
5812,11:00:00,30/08/2024 11:00:00 SA,3.6,317797.0,8.4,7.8
5813,12:00:00,30/08/2024 12:00:00 CH,3.6,317808.9,11.9,11.7
5814,13:00:00,30/08/2024 1:00:00 CH,3.2,317819.4,10.5,10.2
5815,14:00:00,30/08/2024 2:00:00 CH,3.4,317830.0,10.6,10.1
5816,15:00:00,30/08/2024 3:00:00 CH,3.3,317837.9,7.9,7.9
5817,16:00:00,30/08/2024 4:00:00 CH,3.4,317845.5,7.6,7.5
5818,17:00:00,30/08/2024 5:00:00 CH,3.6,317851.8,6.3,6.7
5819,18:00:00,30/08/2024 6:00:00 CH,3.6,317863.7,11.9,11.5
5820,19:00:00,30/08/2024 7:00:00 CH,3.4,317881.6,17.9,17.1
5821,20:00:00,30/08/2024 8:00:00 CH,3.6,317896.3,14.7,15.3
5822,21:00:00,30/08/2024 9:00:00 CH,3.6,317905.7,9.4,10.3
5823,22:00:00,30/08/2024 10:00:00 CH,3.5,317914.9,9.2,8.5
5824,23:00:00,30/08/2024 11:00:00 CH,3.3,317925.3,10.4,10.4
5825,00:00:00,31/08/2024 12:00:00 SA,3.1,317932.8,7.5,7.6
5826,01:00:00,31/08/2024 1:00:00 SA,3.1,317937.3,4.5,4.5
5827,02:00:00,31/08/2024 2:00:00 SA,3.1,317942.2,4.9,4.7
5828,03:00:00,31/08/2024 3:00:00 SA,3.2,317945.5,3.3,3.0
5829,04:00:00,31/08/2024 4:00:00 SA,3.3,317949.1,3.6,3.6
5830,05:00:00,31/08/2024 5:00:00 SA,3.3,317953.4,4.3,4.1
5831,06:00:00,31/08/2024 6:00:00 SA,3.6,317960.2,6.8,6.7
5832,07:00:00,31/08/2024 7:00:00 SA,3.4,317971.8,11.6,11.8
5833,08:00:00,31/08/2024 8:00:00 SA,3.5,317983.9,12.1,11.3
5834,09:00:00,31/08/2024 9:00:00 SA,3.6,317996.7,12.8,12.5
5835,10:00:00,31/08/2024 10:00:00 SA,3.5,318009.5,12.8,12.3
5836,11:00:00,31/08/2024 11:00:00 SA,3.4,318020.0,10.5,9.3
5837,12:00:00,31/08/2024 12:00:00 CH,3.6,318031.4,11.4,11.3
5838,13:00:00,31/08/2024 1:00:00 CH,3.3,318041.6,10.2,10.3
5839,14:00:00,31/08/2024 2:00:00 CH,3.3,318047.2,5.6,5.1
5840,15:00:00,31/08/2024 3:00:00 CH,3.3,318053.4,6.2,6.7
5841,16:00:00,31/08/2024 4:00:00 CH,3.5,318061.8,8.4,8.9
5842,17:00:00,31/08/2024 5:00:00 CH,3.5,318069.4,7.6,6.6
5843,18:00:00,31/08/2024 6:00:00 CH,3.6,318080.5,11.1,10.6
5844,19:00:00,31/08/2024 7:00:00 CH,3.5,318097.4,16.9,16.4
5845,20:00:00,31/08/2024 8:00:00 CH,3.6,318110.9,13.5,13.0
5846,21:00:00,31/08/2024 9:00:00 CH,3.6,318120.1,9.2,9.9
5847,22:00:00,31/08/2024 10:00:00 CH,3.5,318127.4,7.3,6.7
5848,23:00:00,31/08/2024 11:00:00 CH,3.3,318135.6,8.2,8.5
5849,00:00:00,01/09/2024 12:00:00 SA,3.2,318140.2,4.6,4.4
5850,01:00:00,01/09/2024 1:00:00 SA,2.9,318144.0,3.8,3.6
5851,02:00:00,01/09/2024 2:00:00 SA,3.1,318147.1,3.1,3.2
5852,03:00:00,01/09/2024 3:00:00 SA,3.1,318149.2,2.1,2.0
5853,04:00:00,01/09/2024 4:00:00 SA,3.2,318150.7,1.5,1.6
5854,05:00:00,01/09/2024 5:00:00 SA,3.2,318154.7,4.0,3.9
5855,06:00:00,01/09/2024 6:00:00 SA,3.5,318159.1,4.4,4.6
5856,07:00:00,01/09/2024 7:00:00 SA,3.6,318166.1,7.0,6.4
5857,09:00:00,01/09/2024 9:00:00 SA,3.5,318191.7,25.6,0.0
5858,10:00:00,01/09/2024 10:00:00 SA,3.5,318200.8,9.1,9.1
5859,11:00:00,01/09/2024 11:00:00 SA,3.4,318210.1,9.3,9.0
5860,12:00:00,01/09/2024 12:00:00 CH,3.6,318217.9,7.8,8.4
5861,13:00:00,01/09/2024 1:00:00 CH,3.5,318227.7,9.8,9.5
5862,14:00:00,01/09/2024 2:00:00 CH,3.4,318233.1,5.4,5.6
5863,15:00:00,01/09/2024 3:00:00 CH,3.1,318238.8,5.7,5.9
5864,16:00:00,01/09/2024 4:00:00 CH,3.2,318245.4,6.6,6.1
5865,17:00:00,01/09/2024 5:00:00 CH,3.5,318252.0,6.6,6.7
5866,18:00:00,01/09/2024 6:00:00 CH,3.4,318263.0,11.0,11.5
5867,19:00:00,01/09/2024 7:00:00 CH,3.4,318277.3,14.3,14.1
5868,20:00:00,01/09/2024 8:00:00 CH,3.5,318288.4,11.1,10.9
5869,21:00:00,01/09/2024 9:00:00 CH,3.4,318297.9,9.5,9.5
5870,22:00:00,01/09/2024 10:00:00 CH,3.2,318305.3,7.4,7.8
5871,23:00:00,01/09/2024 11:00:00 CH,3.2,318314.4,9.1,9.3
5872,00:00:00,02/09/2024 12:00:00 SA,2.8,318319.7,5.3,5.2
5873,01:00:00,02/09/2024 1:00:00 SA,2.9,318321.7,2.0,2.1
5874,02:00:00,02/09/2024 2:00:00 SA,2.9,318324.5,2.8,2.8
5875,03:00:00,02/09/2024 3:00:00 SA,2.9,318327.5,3.0,2.9
5876,04:00:00,02/09/2024 4:00:00 SA,3.0,318328.9,1.4,1.3
5877,05:00:00,02/09/2024 5:00:00 SA,3.1,318331.0,2.1,1.8
5878,06:00:00,02/09/2024 6:00:00 SA,3.4,318335.5,4.5,4.6
5879,07:00:00,02/09/2024 7:00:00 SA,3.6,318342.6,7.1,7.7
5880,08:00:00,02/09/2024 8:00:00 SA,3.5,318357.2,14.6,13.8
5881,09:00:00,02/09/2024 9:00:00 SA,3.5,318370.4,13.2,13.9
5882,10:00:00,02/09/2024 10:00:00 SA,3.4,318381.0,10.6,9.5
5883,11:00:00,02/09/2024 11:00:00 SA,3.5,318389.7,8.7,8.9
5884,12:00:00,02/09/2024 12:00:00 CH,3.6,318397.8,8.1,7.6
5885,13:00:00,02/09/2024 1:00:00 CH,3.5,318405.2,7.4,7.8
5886,14:00:00,02/09/2024 2:00:00 CH,3.4,318409.4,4.2,4.0
5887,15:00:00,02/09/2024 3:00:00 CH,3.3,318416.8,7.4,7.2
5888,16:00:00,02/09/2024 4:00:00 CH,3.3,318423.2,6.4,6.0
5889,17:00:00,02/09/2024 5:00:00 CH,3.5,318431.1,7.9,7.5
5890,18:00:00,02/09/2024 6:00:00 CH,3.4,318442.7,11.6,11.1
5891,19:00:00,02/09/2024 7:00:00 CH,3.2,318457.0,14.3,14.1
5892,20:00:00,02/09/2024 8:00:00 CH,3.5,318470.3,13.3,13.2
5893,21:00:00,02/09/2024 9:00:00 CH,3.5,318480.5,10.2,10.3
5894,22:00:00,02/09/2024 10:00:00 CH,3.2,318489.5,9.0,9.1
5895,23:00:00,02/09/2024 11:00:00 CH,3.0,318500.5,11.0,11.3
5896,00:00:00,03/09/2024 12:00:00 SA,2.9,318506.3,5.8,5.4
5897,01:00:00,03/09/2024 1:00:00 SA,3.0,318509.2,2.9,3.2
5898,02:00:00,03/09/2024 2:00:00 SA,3.0,318512.4,3.2,3.2
5899,03:00:00,03/09/2024 3:00:00 SA,3.0,318515.3,2.9,2.8
5900,04:00:00,03/09/2024 4:00:00 SA,3.0,318516.9,1.6,1.3
5901,05:00:00,03/09/2024 5:00:00 SA,3.2,318521.1,4.2,4.1
5902,06:00:00,03/09/2024 6:00:00 SA,3.7,318527.2,6.1,5.4
5903,07:00:00,03/09/2024 7:00:00 SA,3.5,318539.4,12.2,12.5
5904,08:00:00,03/09/2024 8:00:00 SA,3.5,318552.9,13.5,13.0
5905,09:00:00,03/09/2024 9:00:00 SA,3.5,318565.5,12.6,12.5
5906,10:00:00,03/09/2024 10:00:00 SA,3.5,318577.2,11.7,11.2
5907,11:00:00,03/09/2024 11:00:00 SA,3.4,318589.6,12.4,13.2
5908,12:00:00,03/09/2024 12:00:00 CH,3.6,318598.9,9.3,9.6
5909,13:00:00,03/09/2024 1:00:00 CH,3.3,318607.2,8.3,8.3
5910,14:00:00,03/09/2024 2:00:00 CH,3.3,318613.2,6.0,6.0
5911,15:00:00,03/09/2024 3:00:00 CH,3.3,318624.4,11.2,11.1
5912,16:00:00,03/09/2024 4:00:00 CH,3.6,318632.4,8.0,7.9
5913,17:00:00,03/09/2024 5:00:00 CH,3.5,318645.1,12.7,12.4
5914,18:00:00,03/09/2024 6:00:00 CH,3.4,318659.9,14.8,14.3
5915,19:00:00,03/09/2024 7:00:00 CH,3.1,318678.2,18.3,17.3
5916,20:00:00,03/09/2024 8:00:00 CH,3.3,318692.6,14.4,13.8
5917,21:00:00,03/09/2024 9:00:00 CH,3.5,318703.2,10.6,10.8
5918,22:00:00,03/09/2024 10:00:00 CH,3.4,318714.2,11.0,10.0
5919,23:00:00,03/09/2024 11:00:00 CH,3.2,318723.9,9.7,9.8
5920,00:00:00,04/09/2024 12:00:00 SA,3.1,318729.1,5.2,5.1
5921,01:00:00,04/09/2024 1:00:00 SA,3.1,318732.0,2.9,2.9
5922,02:00:00,04/09/2024 2:00:00 SA,3.2,318735.8,3.8,3.9
5923,03:00:00,04/09/2024 3:00:00 SA,3.2,318738.0,2.2,2.2
5924,04:00:00,04/09/2024 4:00:00 SA,3.2,318739.8,1.8,2.0
5925,05:00:00,04/09/2024 5:00:00 SA,3.4,318743.3,3.5,3.0
5926,06:00:00,04/09/2024 6:00:00 SA,3.4,318750.3,7.0,5.8
5927,07:00:00,04/09/2024 7:00:00 SA,3.6,318764.5,14.2,13.3
5928,08:00:00,04/09/2024 8:00:00 SA,3.6,318776.3,11.8,11.8
5929,09:00:00,04/09/2024 9:00:00 SA,3.6,318787.1,10.8,11.2
5930,10:00:00,04/09/2024 10:00:00 SA,3.5,318795.5,8.4,8.0
5931,11:00:00,04/09/2024 11:00:00 SA,3.5,318806.9,11.4,11.3
5932,12:00:00,04/09/2024 12:00:00 CH,3.5,318816.3,9.4,9.1
5933,13:00:00,04/09/2024 1:00:00 CH,3.3,318825.2,8.9,8.6
5934,14:00:00,04/09/2024 2:00:00 CH,3.3,318833.8,8.6,8.8
5935,15:00:00,04/09/2024 3:00:00 CH,3.3,318844.0,10.2,10.2
5936,16:00:00,04/09/2024 4:00:00 CH,3.5,318852.5,8.5,8.0
5937,17:00:00,04/09/2024 5:00:00 CH,3.5,318860.0,7.5,7.2
5938,18:00:00,04/09/2024 6:00:00 CH,3.4,318874.7,14.7,14.5
5939,19:00:00,04/09/2024 7:00:00 CH,3.2,318896.5,21.8,21.1
5940,20:00:00,04/09/2024 8:00:00 CH,3.3,318911.1,14.6,14.7
5941,21:00:00,04/09/2024 9:00:00 CH,3.4,318923.9,12.8,12.5
5942,22:00:00,04/09/2024 10:00:00 CH,3.3,318935.8,11.9,11.3
5943,23:00:00,04/09/2024 11:00:00 CH,3.1,318946.6,10.8,10.9
5944,00:00:00,05/09/2024 12:00:00 SA,3.2,318950.8,4.2,3.8
5945,01:00:00,05/09/2024 1:00:00 SA,3.3,318954.9,4.1,3.8
5946,02:00:00,05/09/2024 2:00:00 SA,3.0,318956.5,1.6,1.5
5947,03:00:00,05/09/2024 3:00:00 SA,3.0,318959.1,2.6,2.4
5948,04:00:00,05/09/2024 4:00:00 SA,3.0,318960.6,1.5,1.3
5949,05:00:00,05/09/2024 5:00:00 SA,3.2,318964.9,4.3,4.2
5950,06:00:00,05/09/2024 6:00:00 SA,3.3,318973.0,8.1,7.7
5951,07:00:00,05/09/2024 7:00:00 SA,3.4,318984.8,11.8,11.1
5952,08:00:00,05/09/2024 8:00:00 SA,3.5,318998.9,14.1,14.2
5953,09:00:00,05/09/2024 9:00:00 SA,3.5,319013.6,14.7,15.0
5954,10:00:00,05/09/2024 10:00:00 SA,3.4,319025.6,12.0,11.8
5955,11:00:00,05/09/2024 11:00:00 SA,3.4,319036.8,11.2,11.1
5956,12:00:00,05/09/2024 12:00:00 CH,3.4,319048.4,11.6,11.4
5957,13:00:00,05/09/2024 1:00:00 CH,3.3,319055.5,7.1,7.0
5958,14:00:00,05/09/2024 2:00:00 CH,3.4,319061.8,6.3,5.9
5959,15:00:00,05/09/2024 3:00:00 CH,3.3,319070.9,9.1,9.1
5960,16:00:00,05/09/2024 4:00:00 CH,3.4,319080.1,9.2,8.8
5961,17:00:00,05/09/2024 5:00:00 CH,3.5,319088.1,8.0,8.2
5962,18:00:00,05/09/2024 6:00:00 CH,3.3,319100.3,12.2,12.3
5963,19:00:00,05/09/2024 7:00:00 CH,3.2,319120.1,19.8,19.4
5964,20:00:00,05/09/2024 8:00:00 CH,3.4,319136.0,15.9,16.5
5965,21:00:00,05/09/2024 9:00:00 CH,3.4,319148.8,12.8,13.3
5966,22:00:00,05/09/2024 10:00:00 CH,3.4,319161.5,12.7,12.4
5967,23:00:00,05/09/2024 11:00:00 CH,3.3,319170.6,9.1,9.0
5968,00:00:00,06/09/2024 12:00:00 SA,3.1,319175.5,4.9,4.9
5969,01:00:00,06/09/2024 1:00:00 SA,3.0,319178.1,2.6,2.5
5970,02:00:00,06/09/2024 2:00:00 SA,3.1,319181.6,3.5,3.1
5971,03:00:00,06/09/2024 3:00:00 SA,3.1,319184.0,2.4,2.2
5972,04:00:00,06/09/2024 4:00:00 SA,3.1,319186.2,2.2,2.5
5973,05:00:00,06/09/2024 5:00:00 SA,3.2,319190.4,4.2,3.9
5974,06:00:00,06/09/2024 6:00:00 SA,3.3,319196.5,6.1,5.8
5975,07:00:00,06/09/2024 7:00:00 SA,3.5,319210.0,13.5,14.1
5976,08:00:00,06/09/2024 8:00:00 SA,3.5,319220.2,10.2,10.2
5977,09:00:00,06/09/2024 9:00:00 SA,3.5,319233.6,13.4,13.7
5978,10:00:00,06/09/2024 10:00:00 SA,3.5,319243.6,10.0,10.3
5979,11:00:00,06/09/2024 11:00:00 SA,3.5,319252.2,8.6,8.8
5980,12:00:00,06/09/2024 12:00:00 CH,3.5,319261.1,8.9,8.3
5981,13:00:00,06/09/2024 1:00:00 CH,3.4,319270.2,9.1,9.6
5982,14:00:00,06/09/2024 2:00:00 CH,3.4,319277.8,7.6,7.3
5983,15:00:00,06/09/2024 3:00:00 CH,3.3,319284.9,7.1,6.9
5984,16:00:00,06/09/2024 4:00:00 CH,3.3,319292.9,8.0,8.3
5985,17:00:00,06/09/2024 5:00:00 CH,3.5,319299.9,7.0,6.9
5986,18:00:00,06/09/2024 6:00:00 CH,3.2,319314.5,14.6,13.3
5987,19:00:00,06/09/2024 7:00:00 CH,3.4,319335.3,20.8,21.7
5988,20:00:00,06/09/2024 8:00:00 CH,3.5,319350.1,14.8,14.7
5989,21:00:00,06/09/2024 9:00:00 CH,3.5,319361.8,11.7,12.1
5990,22:00:00,06/09/2024 10:00:00 CH,3.4,319371.1,9.3,10.0
5991,23:00:00,06/09/2024 11:00:00 CH,3.3,319381.3,10.2,10.2
5992,00:00:00,07/09/2024 12:00:00 SA,2.9,319385.6,4.3,4.5
5993,01:00:00,07/09/2024 1:00:00 SA,2.9,319389.5,3.9,4.2
5994,02:00:00,07/09/2024 2:00:00 SA,2.9,319391.1,1.6,1.4
5995,03:00:00,07/09/2024 3:00:00 SA,3.0,319394.8,3.7,3.6
5996,04:00:00,07/09/2024 4:00:00 SA,3.0,319396.9,2.1,2.2
5997,05:00:00,07/09/2024 5:00:00 SA,3.0,319398.9,2.0,1.8
5998,06:00:00,07/09/2024 6:00:00 SA,3.1,319403.0,4.1,4.1
5999,07:00:00,07/09/2024 7:00:00 SA,3.3,319409.5,6.5,7.0
6000,08:00:00,07/09/2024 8:00:00 SA,3.2,319419.1,9.6,9.3
6001,09:00:00,07/09/2024 9:00:00 SA,2.9,319429.3,10.2,9.6
6002,10:00:00,07/09/2024 10:00:00 SA,2.9,319438.9,9.6,10.8
6003,11:00:00,07/09/2024 11:00:00 SA,0.7,319445.2,6.3,7.7
6004,12:00:00,07/09/2024 12:00:00 CH,0.7,319445.2,0.0,0.0
6005,13:00:00,07/09/2024 1:00:00 CH,0.7,319445.2,0.0,0.0
6006,14:00:00,07/09/2024 2:00:00 CH,0.7,319445.2,0.0,0.0
6007,15:00:00,07/09/2024 3:00:00 CH,0.7,319445.2,0.0,0.0
6008,16:00:00,07/09/2024 4:00:00 CH,0.7,319445.2,0.0,0.0
6009,17:00:00,07/09/2024 5:00:00 CH,0.7,319445.2,0.0,0.0
6010,18:00:00,07/09/2024 6:00:00 CH,0.7,319445.2,0.0,0.0
6011,19:00:00,07/09/2024 7:00:00 CH,0.7,319445.2,0.0,0.0
6012,20:00:00,07/09/2024 8:00:00 CH,0.7,319445.2,0.0,0.0
6013,21:00:00,07/09/2024 9:00:00 CH,0.7,319445.2,0.0,0.0
6014,22:00:00,07/09/2024 10:00:00 CH,0.7,319445.2,0.0,0.0
6015,23:00:00,07/09/2024 11:00:00 CH,0.7,319445.2,0.0,0.0
6016,00:00:00,08/09/2024 12:00:00 SA,0.7,319445.2,0.0,0.0
6017,01:00:00,08/09/2024 1:00:00 SA,0.7,319445.2,0.0,0.0
6018,02:00:00,08/09/2024 2:00:00 SA,0.7,319445.2,0.0,0.0
6019,03:00:00,08/09/2024 3:00:00 SA,0.7,319445.2,0.0,0.0
6020,04:00:00,08/09/2024 4:00:00 SA,0.7,319445.2,0.0,0.0
6021,05:00:00,08/09/2024 5:00:00 SA,0.7,319445.2,0.0,0.0
6022,06:00:00,08/09/2024 6:00:00 SA,0.7,319445.2,0.0,0.0
6023,07:00:00,08/09/2024 7:00:00 SA,0.7,319445.2,0.0,0.0
6024,08:00:00,08/09/2024 8:00:00 SA,0.7,319445.2,0.0,0.0
6025,09:00:00,08/09/2024 9:00:00 SA,0.7,319445.2,0.0,0.0
6026,10:00:00,08/09/2024 10:00:00 SA,0.7,319445.2,0.0,0.0
6027,11:00:00,08/09/2024 11:00:00 SA,0.7,319445.2,0.0,0.0
6028,12:00:00,08/09/2024 12:00:00 CH,0.7,319445.2,0.0,0.0
6029,13:00:00,08/09/2024 1:00:00 CH,0.7,319445.2,0.0,0.0
6030,14:00:00,08/09/2024 2:00:00 CH,0.7,319445.2,0.0,0.0
6031,15:00:00,08/09/2024 3:00:00 CH,0.7,319445.2,0.0,0.0
6032,16:00:00,08/09/2024 4:00:00 CH,0.7,319445.2,0.0,0.0
6033,17:00:00,08/09/2024 5:00:00 CH,0.7,319445.2,0.0,0.0
6034,18:00:00,08/09/2024 6:00:00 CH,0.7,319445.2,0.0,0.0
6035,19:00:00,08/09/2024 7:00:00 CH,0.7,319445.2,0.0,0.0
6036,20:00:00,08/09/2024 8:00:00 CH,0.7,319445.2,0.0,0.0
6037,21:00:00,08/09/2024 9:00:00 CH,0.7,319445.2,0.0,0.0
6038,22:00:00,08/09/2024 10:00:00 CH,0.7,319445.2,0.0,0.0
6039,23:00:00,08/09/2024 11:00:00 CH,0.7,319445.2,0.0,0.0
6040,00:00:00,09/09/2024 12:00:00 SA,0.7,319445.2,0.0,0.0
6041,01:00:00,09/09/2024 1:00:00 SA,0.7,319445.2,0.0,0.0
6042,02:00:00,09/09/2024 2:00:00 SA,0.7,319445.2,0.0,0.0
6043,03:00:00,09/09/2024 3:00:00 SA,0.7,319445.2,0.0,0.0
6044,04:00:00,09/09/2024 4:00:00 SA,0.7,319445.2,0.0,0.0
6045,05:00:00,09/09/2024 5:00:00 SA,0.7,319445.2,0.0,0.0
6046,06:00:00,09/09/2024 6:00:00 SA,0.7,319445.2,0.0,0.0
6047,07:00:00,09/09/2024 7:00:00 SA,0.7,319445.2,0.0,0.0
6048,08:00:00,09/09/2024 8:00:00 SA,0.7,319445.2,0.0,0.0
6049,09:00:00,09/09/2024 9:00:00 SA,0.7,319445.2,0.0,0.0
6050,10:00:00,09/09/2024 10:00:00 SA,0.7,319445.2,0.0,0.0
6051,11:00:00,09/09/2024 11:00:00 SA,0.7,319445.2,0.0,0.0
6052,12:00:00,09/09/2024 12:00:00 CH,0.7,319445.2,0.0,0.0
6053,13:00:00,09/09/2024 1:00:00 CH,0.7,319445.2,0.0,0.0
6054,14:00:00,09/09/2024 2:00:00 CH,0.7,319445.2,0.0,0.0
6055,15:00:00,09/09/2024 3:00:00 CH,0.7,319445.2,0.0,0.0
6056,16:00:00,09/09/2024 4:00:00 CH,0.7,319445.2,0.0,0.0
6057,17:00:00,09/09/2024 5:00:00 CH,0.7,319445.2,0.0,0.0
6058,18:00:00,09/09/2024 6:00:00 CH,0.7,319445.2,0.0,0.0
6059,19:00:00,09/09/2024 7:00:00 CH,1.6,319447.8,2.6,1.9
6060,20:00:00,09/09/2024 8:00:00 CH,2.1,319473.8,26.0,25.8
6061,21:00:00,09/09/2024 9:00:00 CH,2.3,319499.1,25.3,24.9
6062,22:00:00,09/09/2024 10:00:00 CH,2.7,319523.6,24.5,23.9
6063,23:00:00,09/09/2024 11:00:00 CH,2.9,319543.0,19.4,19.5
6064,00:00:00,10/09/2024 12:00:00 SA,2.8,319557.4,14.4,14.5
6065,01:00:00,10/09/2024 1:00:00 SA,2.9,319568.3,10.9,10.8
6066,02:00:00,10/09/2024 2:00:00 SA,2.9,319578.1,9.8,9.7
6067,03:00:00,10/09/2024 3:00:00 SA,2.9,319587.7,9.6,9.6
6068,04:00:00,10/09/2024 4:00:00 SA,2.9,319597.2,9.5,9.7
6069,05:00:00,10/09/2024 5:00:00 SA,3.0,319608.9,11.7,11.3
6070,06:00:00,10/09/2024 6:00:00 SA,3.5,319625.9,17.0,16.6
6071,07:00:00,10/09/2024 7:00:00 SA,3.1,319646.1,20.2,19.6
6072,08:00:00,10/09/2024 8:00:00 SA,3.3,319664.4,18.3,18.4
6073,09:00:00,10/09/2024 9:00:00 SA,3.4,319680.8,16.4,15.9
6074,10:00:00,10/09/2024 10:00:00 SA,3.4,319699.4,18.6,18.2
6075,11:00:00,10/09/2024 11:00:00 SA,3.2,319717.3,17.9,18.2
6076,12:00:00,10/09/2024 12:00:00 CH,3.2,319736.4,19.1,19.4
6077,13:00:00,10/09/2024 1:00:00 CH,3.3,319751.9,15.5,16.3
6078,14:00:00,10/09/2024 2:00:00 CH,3.3,319767.3,15.4,15.0
6079,15:00:00,10/09/2024 3:00:00 CH,3.3,319783.6,16.3,16.6
6080,16:00:00,10/09/2024 4:00:00 CH,2.8,319795.5,11.9,11.8
6081,17:00:00,10/09/2024 5:00:00 CH,2.8,319808.0,12.5,12.3
6082,18:00:00,10/09/2024 6:00:00 CH,2.8,319828.3,20.3,20.4
6083,19:00:00,10/09/2024 7:00:00 CH,2.8,319851.8,23.5,23.2
6084,20:00:00,10/09/2024 8:00:00 CH,2.6,319869.3,17.5,17.5
6085,21:00:00,10/09/2024 9:00:00 CH,3.0,319884.6,15.3,15.6
6086,22:00:00,10/09/2024 10:00:00 CH,3.1,319897.9,13.3,13.0
6087,23:00:00,10/09/2024 11:00:00 CH,3.3,319908.6,10.7,11.2
6088,00:00:00,11/09/2024 12:00:00 SA,3.3,319915.9,7.3,7.3
6089,01:00:00,11/09/2024 1:00:00 SA,3.2,319921.3,5.4,5.3
6090,02:00:00,11/09/2024 2:00:00 SA,3.3,319926.6,5.3,5.3
6091,03:00:00,11/09/2024 3:00:00 SA,3.3,319931.9,5.3,5.0
6092,04:00:00,11/09/2024 4:00:00 SA,3.2,319936.9,5.0,5.1
6093,05:00:00,11/09/2024 5:00:00 SA,3.3,319942.4,5.5,5.7
6094,06:00:00,11/09/2024 6:00:00 SA,3.5,319952.4,10.0,9.6
6095,07:00:00,11/09/2024 7:00:00 SA,3.4,319965.1,12.7,12.8
6096,08:00:00,11/09/2024 8:00:00 SA,3.4,319978.1,13.0,13.4
6097,09:00:00,11/09/2024 9:00:00 SA,3.6,319992.0,13.9,14.6
6098,10:00:00,11/09/2024 10:00:00 SA,3.3,320005.4,13.4,13.8
6099,11:00:00,11/09/2024 11:00:00 SA,0.0,320018.4,13.0,10.5
6100,12:00:00,11/09/2024 12:00:00 CH,3.5,320034.3,15.9,11.9
6101,13:00:00,11/09/2024 1:00:00 CH,3.2,320049.5,15.2,14.2
6102,14:00:00,11/09/2024 2:00:00 CH,3.3,320061.0,11.5,9.9
6103,15:00:00,11/09/2024 3:00:00 CH,3.3,320073.8,12.8,13.2
6104,16:00:00,11/09/2024 4:00:00 CH,3.7,320086.7,12.9,12.7
6105,17:00:00,11/09/2024 5:00:00 CH,3.3,320101.7,15.0,14.5
6106,18:00:00,11/09/2024 6:00:00 CH,3.4,320121.9,20.2,19.5
6107,19:00:00,11/09/2024 7:00:00 CH,3.5,320141.0,19.1,18.5
6108,20:00:00,11/09/2024 8:00:00 CH,3.3,320158.8,17.8,18.1
6109,21:00:00,11/09/2024 9:00:00 CH,3.5,320175.6,16.8,16.7
6110,22:00:00,11/09/2024 10:00:00 CH,3.3,320188.1,12.5,13.1
6111,23:00:00,11/09/2024 11:00:00 CH,3.7,320198.3,10.2,9.8
6112,00:00:00,12/09/2024 12:00:00 SA,3.1,320204.9,6.6,6.7
6113,01:00:00,12/09/2024 1:00:00 SA,3.1,320213.0,8.1,8.0
6114,02:00:00,12/09/2024 2:00:00 SA,3.1,320217.7,4.7,4.8
6115,03:00:00,12/09/2024 3:00:00 SA,3.1,320222.3,4.6,4.7
6116,04:00:00,12/09/2024 4:00:00 SA,3.2,320228.9,6.6,6.2
6117,05:00:00,12/09/2024 5:00:00 SA,3.3,320235.1,6.2,6.3
6118,06:00:00,12/09/2024 6:00:00 SA,3.5,320242.9,7.8,7.6
6119,07:00:00,12/09/2024 7:00:00 SA,3.3,320257.5,14.6,15.7
6120,08:00:00,12/09/2024 8:00:00 SA,3.4,320271.3,13.8,14.3
6121,09:00:00,12/09/2024 9:00:00 SA,3.4,320287.7,16.4,15.8
6122,10:00:00,12/09/2024 10:00:00 SA,3.1,320305.0,17.3,17.5
6123,11:00:00,12/09/2024 11:00:00 SA,3.4,320320.9,15.9,15.8
6124,12:00:00,12/09/2024 12:00:00 CH,3.4,320334.5,13.6,12.2
6125,13:00:00,12/09/2024 1:00:00 CH,3.2,320346.1,11.6,10.5
6126,14:00:00,12/09/2024 2:00:00 CH,3.3,320360.9,14.8,13.3
6127,15:00:00,12/09/2024 3:00:00 CH,3.4,320372.9,12.0,11.1
6128,16:00:00,12/09/2024 4:00:00 CH,3.5,320384.7,11.8,11.5
6129,17:00:00,12/09/2024 5:00:00 CH,3.5,320386.3,1.6,12.2
6130,18:00:00,12/09/2024 6:00:00 CH,3.5,320386.3,0.0,12.6
6131,19:00:00,12/09/2024 7:00:00 CH,3.1,320404.4,18.1,21.2
6132,20:00:00,12/09/2024 8:00:00 CH,3.3,320423.7,19.3,19.8
6133,21:00:00,12/09/2024 9:00:00 CH,2.8,320440.4,16.7,16.1
6134,22:00:00,12/09/2024 10:00:00 CH,3.2,320453.5,13.1,13.4
6135,23:00:00,12/09/2024 11:00:00 CH,3.1,320466.5,13.0,13.1
6136,00:00:00,13/09/2024 12:00:00 SA,3.1,320474.8,8.3,8.5
6137,01:00:00,13/09/2024 1:00:00 SA,3.1,320479.8,5.0,4.8
6138,02:00:00,13/09/2024 2:00:00 SA,3.1,320486.1,6.3,7.1
6139,03:00:00,13/09/2024 3:00:00 SA,3.1,320492.1,6.0,5.8
6140,04:00:00,13/09/2024 4:00:00 SA,3.2,320496.8,4.7,4.8
6141,05:00:00,13/09/2024 5:00:00 SA,3.3,320502.2,5.4,5.5
6142,06:00:00,13/09/2024 6:00:00 SA,3.4,320512.8,10.6,9.9
6143,07:00:00,13/09/2024 7:00:00 SA,3.2,320530.0,17.2,16.5
6144,08:00:00,13/09/2024 8:00:00 SA,3.5,320546.7,16.7,15.0
6145,09:00:00,13/09/2024 9:00:00 SA,3.4,320565.0,18.3,17.9
6146,10:00:00,13/09/2024 10:00:00 SA,3.4,320582.7,17.7,18.2
6147,11:00:00,13/09/2024 11:00:00 SA,3.5,320596.0,13.3,12.8
6148,12:00:00,13/09/2024 12:00:00 CH,3.5,320607.2,11.2,10.4
6149,13:00:00,13/09/2024 1:00:00 CH,3.4,320619.1,11.9,11.8
6150,14:00:00,13/09/2024 2:00:00 CH,3.4,320631.0,11.9,11.8
6151,15:00:00,13/09/2024 3:00:00 CH,3.4,320643.2,12.2,10.4
6152,16:00:00,13/09/2024 4:00:00 CH,3.3,320655.1,11.9,11.8
6153,17:00:00,13/09/2024 5:00:00 CH,3.6,320670.1,15.0,14.8
6154,18:00:00,13/09/2024 6:00:00 CH,3.4,320685.6,15.5,15.7
6155,19:00:00,13/09/2024 7:00:00 CH,3.3,320705.7,20.1,20.5
6156,20:00:00,13/09/2024 8:00:00 CH,3.5,320722.1,16.4,16.1
6157,21:00:00,13/09/2024 9:00:00 CH,3.6,320736.0,13.9,15.0
6158,22:00:00,13/09/2024 10:00:00 CH,3.5,320749.2,13.2,13.2
6159,23:00:00,13/09/2024 11:00:00 CH,3.3,320761.7,12.5,12.5
6160,00:00:00,14/09/2024 12:00:00 SA,3.1,320768.8,7.1,6.8
6161,01:00:00,14/09/2024 1:00:00 SA,3.1,320774.8,6.0,6.5
6162,02:00:00,14/09/2024 2:00:00 SA,3.1,320780.6,5.8,5.6
6163,03:00:00,14/09/2024 3:00:00 SA,3.2,320784.6,4.0,4.0
6164,04:00:00,14/09/2024 4:00:00 SA,3.2,320790.3,5.7,5.6
6165,05:00:00,14/09/2024 5:00:00 SA,3.3,320795.4,5.1,4.5
6166,06:00:00,14/09/2024 6:00:00 SA,3.4,320803.9,8.5,8.1
6167,07:00:00,14/09/2024 7:00:00 SA,3.4,320819.3,15.4,15.1
6168,08:00:00,14/09/2024 8:00:00 SA,3.4,320838.4,19.1,19.3
6169,09:00:00,14/09/2024 9:00:00 SA,3.3,320854.0,15.6,15.8
6170,10:00:00,14/09/2024 10:00:00 SA,3.3,320867.9,13.9,13.7
6171,11:00:00,14/09/2024 11:00:00 SA,3.3,320882.3,14.4,14.5
6172,12:00:00,14/09/2024 12:00:00 CH,3.4,320895.0,12.7,12.4
6173,13:00:00,14/09/2024 1:00:00 CH,3.3,320908.9,13.9,13.6
6174,14:00:00,14/09/2024 2:00:00 CH,3.3,320918.6,9.7,9.6
6175,15:00:00,14/09/2024 3:00:00 CH,3.4,320933.0,14.4,14.0
6176,16:00:00,14/09/2024 4:00:00 CH,3.4,320946.4,13.4,12.4
6177,17:00:00,14/09/2024 5:00:00 CH,3.5,320961.9,15.5,15.0
6178,18:00:00,14/09/2024 6:00:00 CH,3.3,320978.9,17.0,16.3
6179,19:00:00,14/09/2024 7:00:00 CH,3.4,320998.7,19.8,20.4
6180,20:00:00,14/09/2024 8:00:00 CH,3.5,321014.2,15.5,15.5
6181,21:00:00,14/09/2024 9:00:00 CH,3.6,321025.7,11.5,11.8
6182,22:00:00,14/09/2024 10:00:00 CH,3.5,321036.1,10.4,10.8
6183,23:00:00,14/09/2024 11:00:00 CH,3.2,321045.8,9.7,9.4
6184,00:00:00,15/09/2024 12:00:00 SA,3.1,321053.2,7.4,7.8
6185,01:00:00,15/09/2024 1:00:00 SA,3.2,321059.6,6.4,6.2
6186,02:00:00,15/09/2024 2:00:00 SA,3.1,321063.6,4.0,4.0
6187,03:00:00,15/09/2024 3:00:00 SA,3.2,321069.3,5.7,5.7
6188,04:00:00,15/09/2024 4:00:00 SA,3.2,321074.5,5.2,5.1
6189,05:00:00,15/09/2024 5:00:00 SA,3.2,321078.8,4.3,4.5
6190,06:00:00,15/09/2024 6:00:00 SA,3.5,321085.6,6.8,6.7
6191,07:00:00,15/09/2024 7:00:00 SA,3.6,321097.6,12.0,10.9
6192,08:00:00,15/09/2024 8:00:00 SA,3.4,321111.6,14.0,14.1
6193,09:00:00,15/09/2024 9:00:00 SA,3.3,321127.6,16.0,16.5
6194,10:00:00,15/09/2024 10:00:00 SA,3.5,321141.8,14.2,13.8
6195,11:00:00,15/09/2024 11:00:00 SA,3.4,321156.7,14.9,14.9
6196,12:00:00,15/09/2024 12:00:00 CH,3.6,321171.7,15.0,14.7
6197,13:00:00,15/09/2024 1:00:00 CH,3.2,321184.3,12.6,12.7
6198,14:00:00,15/09/2024 2:00:00 CH,3.3,321193.4,9.1,8.9
6199,15:00:00,15/09/2024 3:00:00 CH,3.2,321206.4,13.0,13.0
6200,16:00:00,15/09/2024 4:00:00 CH,3.2,321216.6,10.2,10.3
6201,17:00:00,15/09/2024 5:00:00 CH,3.2,321232.8,16.2,15.5
6202,18:00:00,15/09/2024 6:00:00 CH,3.2,321252.7,19.9,19.0
6203,19:00:00,15/09/2024 7:00:00 CH,3.2,321273.3,20.6,21.0
6204,20:00:00,15/09/2024 8:00:00 CH,3.5,321290.5,17.2,17.7
6205,21:00:00,15/09/2024 9:00:00 CH,3.4,321304.2,13.7,13.8
6206,22:00:00,15/09/2024 10:00:00 CH,3.5,321317.4,13.2,13.0
6207,23:00:00,15/09/2024 11:00:00 CH,3.4,321329.5,12.1,11.9
6208,00:00:00,16/09/2024 12:00:00 SA,3.3,321335.2,5.7,5.5
6209,01:00:00,16/09/2024 1:00:00 SA,3.2,321341.5,6.3,6.3
6210,02:00:00,16/09/2024 2:00:00 SA,3.2,321347.3,5.8,5.6
6211,03:00:00,16/09/2024 3:00:00 SA,3.2,321351.2,3.9,3.8
6212,04:00:00,16/09/2024 4:00:00 SA,3.2,321355.1,3.9,3.8
6213,05:00:00,16/09/2024 5:00:00 SA,3.4,321360.5,5.4,5.2
6214,06:00:00,16/09/2024 6:00:00 SA,3.3,321370.4,9.9,9.8
6215,07:00:00,16/09/2024 7:00:00 SA,3.4,321384.5,14.1,12.9
6216,08:00:00,16/09/2024 8:00:00 SA,3.6,321399.5,15.0,14.5
6217,09:00:00,16/09/2024 9:00:00 SA,3.4,321413.6,14.1,12.1
6218,10:00:00,16/09/2024 10:00:00 SA,3.3,321424.8,11.2,10.7
6219,11:00:00,16/09/2024 11:00:00 SA,3.4,321433.9,9.1,9.1
6220,12:00:00,16/09/2024 12:00:00 CH,3.2,321446.4,12.5,11.4
6221,13:00:00,16/09/2024 1:00:00 CH,3.2,321455.5,9.1,9.0
6222,14:00:00,16/09/2024 2:00:00 CH,3.2,321464.3,8.8,8.5
6223,15:00:00,16/09/2024 3:00:00 CH,3.2,321473.5,9.2,9.1
6224,16:00:00,16/09/2024 4:00:00 CH,3.3,321481.2,7.7,7.2
6225,17:00:00,16/09/2024 5:00:00 CH,3.4,321493.6,12.4,12.3
6226,18:00:00,16/09/2024 6:00:00 CH,3.2,321509.7,16.1,16.1
6227,19:00:00,16/09/2024 7:00:00 CH,3.1,321528.7,19.0,19.1
6228,20:00:00,16/09/2024 8:00:00 CH,3.4,321545.3,16.6,16.8
6229,21:00:00,16/09/2024 9:00:00 CH,3.4,321560.7,15.4,15.3
6230,22:00:00,16/09/2024 10:00:00 CH,3.5,321572.6,11.9,12.4
6231,23:00:00,16/09/2024 11:00:00 CH,3.3,321582.6,10.0,9.8
6232,00:00:00,17/09/2024 12:00:00 SA,3.3,321590.9,8.3,7.9
6233,01:00:00,17/09/2024 1:00:00 SA,3.1,321595.7,4.8,4.6
6234,02:00:00,17/09/2024 2:00:00 SA,3.1,321601.4,5.7,5.6
6235,03:00:00,17/09/2024 3:00:00 SA,3.1,321605.5,4.1,3.8
6236,04:00:00,17/09/2024 4:00:00 SA,3.3,321611.0,5.5,5.4
6237,05:00:00,17/09/2024 5:00:00 SA,3.2,321617.2,6.2,5.9
6238,06:00:00,17/09/2024 6:00:00 SA,3.4,321626.6,9.4,8.6
6239,07:00:00,17/09/2024 7:00:00 SA,3.4,321640.8,14.2,13.7
6240,08:00:00,17/09/2024 8:00:00 SA,3.6,321656.8,16.0,16.3
6241,09:00:00,17/09/2024 9:00:00 SA,3.6,321669.6,12.8,13.2
6242,10:00:00,17/09/2024 10:00:00 SA,3.7,321678.2,8.6,10.3
6243,11:00:00,17/09/2024 11:00:00 SA,3.7,321678.2,0.0,10.6
6244,12:00:00,17/09/2024 12:00:00 CH,3.5,321685.1,6.9,10.8
6245,13:00:00,17/09/2024 1:00:00 CH,3.3,321697.5,12.4,12.5
6246,14:00:00,17/09/2024 2:00:00 CH,3.4,321705.3,7.8,7.9
6247,15:00:00,17/09/2024 3:00:00 CH,3.3,321714.3,9.0,8.3
6248,16:00:00,17/09/2024 4:00:00 CH,3.2,321725.6,11.3,11.6
6249,17:00:00,17/09/2024 5:00:00 CH,3.5,321738.2,12.6,12.3
6250,18:00:00,17/09/2024 6:00:00 CH,3.3,321753.6,15.4,14.7
6251,19:00:00,17/09/2024 7:00:00 CH,3.3,321773.2,19.6,19.3
6252,20:00:00,17/09/2024 8:00:00 CH,3.4,321790.5,17.3,17.2
6253,21:00:00,17/09/2024 9:00:00 CH,3.5,321805.0,14.5,14.5
6254,22:00:00,17/09/2024 10:00:00 CH,3.5,321817.8,12.8,13.2
6255,23:00:00,17/09/2024 11:00:00 CH,3.2,321828.6,10.8,10.8
6256,00:00:00,18/09/2024 12:00:00 SA,3.0,321835.0,6.4,6.5
6257,01:00:00,18/09/2024 1:00:00 SA,2.9,321842.3,7.3,7.3
6258,02:00:00,18/09/2024 2:00:00 SA,2.9,321846.5,4.2,4.1
6259,03:00:00,18/09/2024 3:00:00 SA,3.0,321852.1,5.6,5.6
6260,04:00:00,18/09/2024 4:00:00 SA,3.0,321856.3,4.2,3.9
6261,05:00:00,18/09/2024 5:00:00 SA,3.1,321862.7,6.4,6.3
6262,06:00:00,18/09/2024 6:00:00 SA,3.3,321871.9,9.2,8.8
6263,07:00:00,18/09/2024 7:00:00 SA,3.4,321887.6,15.7,15.1
6264,08:00:00,18/09/2024 8:00:00 SA,3.5,321899.9,12.3,12.0
6265,09:00:00,18/09/2024 9:00:00 SA,3.5,321913.4,13.5,13.3
6266,10:00:00,18/09/2024 10:00:00 SA,3.6,321929.5,16.1,16.3
6267,11:00:00,18/09/2024 11:00:00 SA,3.6,321940.1,10.6,9.9
6268,12:00:00,18/09/2024 12:00:00 CH,3.5,321950.4,10.3,10.4
6269,13:00:00,18/09/2024 1:00:00 CH,3.5,321959.6,9.2,9.2
6270,14:00:00,18/09/2024 2:00:00 CH,3.3,321967.4,7.8,8.0
6271,15:00:00,18/09/2024 3:00:00 CH,3.3,321975.9,8.5,8.4
6272,16:00:00,18/09/2024 4:00:00 CH,3.2,321984.6,8.7,8.4
6273,17:00:00,18/09/2024 5:00:00 CH,3.6,321994.8,10.2,10.3
6274,18:00:00,18/09/2024 6:00:00 CH,3.2,322009.0,14.2,13.7
6275,19:00:00,18/09/2024 7:00:00 CH,3.2,322029.1,20.1,20.1
6276,20:00:00,18/09/2024 8:00:00 CH,3.3,322045.6,16.5,16.5
6277,21:00:00,18/09/2024 9:00:00 CH,3.5,322059.6,14.0,13.7
6278,22:00:00,18/09/2024 10:00:00 CH,3.4,322072.0,12.4,12.4
6279,23:00:00,18/09/2024 11:00:00 CH,3.5,322083.2,11.2,11.4
6280,00:00:00,19/09/2024 12:00:00 SA,3.2,322089.7,6.5,6.8
6281,01:00:00,19/09/2024 1:00:00 SA,3.2,322095.5,5.8,5.7
6282,02:00:00,19/09/2024 2:00:00 SA,3.2,322099.9,4.4,4.1
6283,03:00:00,19/09/2024 3:00:00 SA,3.2,322105.3,5.4,5.6
6284,04:00:00,19/09/2024 4:00:00 SA,3.3,322111.2,5.9,5.5
6285,05:00:00,19/09/2024 5:00:00 SA,3.2,322116.9,5.7,5.8
6286,06:00:00,19/09/2024 6:00:00 SA,3.0,322124.9,8.0,7.5
6287,07:00:00,19/09/2024 7:00:00 SA,3.5,322138.9,14.0,14.7
6288,08:00:00,19/09/2024 8:00:00 SA,3.5,322151.0,12.1,11.6
6289,09:00:00,19/09/2024 9:00:00 SA,3.3,322165.9,14.9,14.3
6290,10:00:00,19/09/2024 10:00:00 SA,3.5,322181.2,15.3,16.3
6291,11:00:00,19/09/2024 11:00:00 SA,3.5,322194.3,13.1,13.0
6292,12:00:00,19/09/2024 12:00:00 CH,3.4,322204.5,10.2,9.8
6293,13:00:00,19/09/2024 1:00:00 CH,3.4,322214.2,9.7,8.9
6294,14:00:00,19/09/2024 2:00:00 CH,3.4,322223.4,9.2,9.3
6295,15:00:00,19/09/2024 3:00:00 CH,3.4,322232.2,8.8,8.9
6296,16:00:00,19/09/2024 4:00:00 CH,3.6,322239.7,7.5,7.6
6297,17:00:00,19/09/2024 5:00:00 CH,3.5,322248.9,9.2,9.3
6298,18:00:00,19/09/2024 6:00:00 CH,3.0,322264.3,15.4,14.8
6299,19:00:00,19/09/2024 7:00:00 CH,3.2,322281.9,17.6,18.5
6300,20:00:00,19/09/2024 8:00:00 CH,3.0,322298.0,16.1,16.2
6301,21:00:00,19/09/2024 9:00:00 CH,3.2,322311.9,13.9,13.9
6302,22:00:00,19/09/2024 10:00:00 CH,3.4,322324.9,13.0,11.9
6303,23:00:00,19/09/2024 11:00:00 CH,3.4,322336.5,11.6,12.0
6304,00:00:00,20/09/2024 12:00:00 SA,3.3,322342.3,5.8,7.6
6305,01:00:00,20/09/2024 1:00:00 SA,3.1,322349.1,6.8,5.2
6306,02:00:00,20/09/2024 2:00:00 SA,3.1,322354.8,5.7,5.5
6307,03:00:00,20/09/2024 3:00:00 SA,3.2,322359.3,4.5,4.9
6308,04:00:00,20/09/2024 4:00:00 SA,3.2,322364.4,5.1,4.9
6309,05:00:00,20/09/2024 5:00:00 SA,3.3,322369.3,4.9,5.0
6310,06:00:00,20/09/2024 6:00:00 SA,3.4,322377.3,8.0,7.4
6311,07:00:00,20/09/2024 7:00:00 SA,3.4,322390.3,13.0,13.2
6312,08:00:00,20/09/2024 8:00:00 SA,3.5,322405.3,15.0,14.8
6313,09:00:00,20/09/2024 9:00:00 SA,3.7,322418.6,13.3,13.6
6314,10:00:00,20/09/2024 10:00:00 SA,3.6,322432.7,14.1,14.4
6315,11:00:00,20/09/2024 11:00:00 SA,3.6,322444.6,11.9,11.8
6316,12:00:00,20/09/2024 12:00:00 CH,3.6,322456.1,11.5,10.9
6317,13:00:00,20/09/2024 1:00:00 CH,3.3,322464.9,8.8,8.6
6318,14:00:00,20/09/2024 2:00:00 CH,3.3,322471.9,7.0,7.2
6319,15:00:00,20/09/2024 3:00:00 CH,3.4,322481.0,9.1,9.3
6320,16:00:00,20/09/2024 4:00:00 CH,3.6,322484.0,3.0,2.7
6321,17:00:00,20/09/2024 5:00:00 CH,3.7,322491.9,7.9,7.3
6322,18:00:00,20/09/2024 6:00:00 CH,3.1,322504.4,12.5,12.3
6323,19:00:00,20/09/2024 7:00:00 CH,3.2,322522.2,17.8,17.4
6324,20:00:00,20/09/2024 8:00:00 CH,3.4,322536.2,14.0,13.1
6325,21:00:00,20/09/2024 9:00:00 CH,3.4,322548.1,11.9,11.9
6326,22:00:00,20/09/2024 10:00:00 CH,3.5,322558.4,10.3,9.7
6327,23:00:00,20/09/2024 11:00:00 CH,3.6,322566.8,8.4,7.4
6328,00:00:00,21/09/2024 12:00:00 SA,3.2,322571.6,4.8,4.6
6329,01:00:00,21/09/2024 1:00:00 SA,2.7,322575.6,4.0,4.4
6330,02:00:00,21/09/2024 2:00:00 SA,2.7,322576.8,1.2,1.3
6331,03:00:00,21/09/2024 3:00:00 SA,2.7,322579.1,2.3,2.3
6332,04:00:00,21/09/2024 4:00:00 SA,3.1,322580.4,1.3,1.2
6333,05:00:00,21/09/2024 5:00:00 SA,3.4,322582.0,1.6,1.6
6334,06:00:00,21/09/2024 6:00:00 SA,3.6,322585.8,3.8,3.6
6335,07:00:00,21/09/2024 7:00:00 SA,3.5,322596.5,10.7,10.7
6336,08:00:00,21/09/2024 8:00:00 SA,3.6,322609.1,12.6,12.6
6337,09:00:00,21/09/2024 9:00:00 SA,3.6,322621.0,11.9,13.1
6338,10:00:00,21/09/2024 10:00:00 SA,3.6,322631.0,10.0,9.9
6339,11:00:00,21/09/2024 11:00:00 SA,3.6,322640.6,9.6,9.0
6340,12:00:00,21/09/2024 12:00:00 CH,3.6,322649.3,8.7,8.3
6341,13:00:00,21/09/2024 1:00:00 CH,3.4,322656.5,7.2,6.7
6342,14:00:00,21/09/2024 2:00:00 CH,3.3,322664.1,7.6,8.8
6343,15:00:00,21/09/2024 3:00:00 CH,3.2,322674.9,10.8,7.5
6344,16:00:00,21/09/2024 4:00:00 CH,3.5,322683.7,8.8,9.3
6345,17:00:00,21/09/2024 5:00:00 CH,0.9,322693.1,9.4,8.8
6346,18:00:00,21/09/2024 6:00:00 CH,2.9,322696.1,3.0,2.1
6347,19:00:00,21/09/2024 7:00:00 CH,3.3,322713.1,17.0,18.2
6348,20:00:00,21/09/2024 8:00:00 CH,3.5,322725.8,12.7,12.6
6349,21:00:00,21/09/2024 9:00:00 CH,3.5,322736.2,10.4,10.5
6350,22:00:00,21/09/2024 10:00:00 CH,3.5,322743.4,7.2,7.2
6351,23:00:00,21/09/2024 11:00:00 CH,3.3,322748.9,5.5,6.2
6352,00:00:00,22/09/2024 12:00:00 SA,3.2,322754.3,5.4,5.6
6353,01:00:00,22/09/2024 1:00:00 SA,3.0,322756.1,1.8,1.6
6354,02:00:00,22/09/2024 2:00:00 SA,3.1,322757.9,1.8,1.7
6355,03:00:00,22/09/2024 3:00:00 SA,3.2,322761.4,3.5,3.6
6356,04:00:00,22/09/2024 4:00:00 SA,3.3,322762.6,1.2,1.2
6357,05:00:00,22/09/2024 5:00:00 SA,3.2,322764.4,1.8,1.9
6358,06:00:00,22/09/2024 6:00:00 SA,3.6,322768.3,3.9,4.0
6359,07:00:00,22/09/2024 7:00:00 SA,3.5,322775.1,6.8,7.2
6360,08:00:00,22/09/2024 8:00:00 SA,3.5,322786.0,10.9,10.5
6361,09:00:00,22/09/2024 9:00:00 SA,3.5,322798.5,12.5,11.9
6362,10:00:00,22/09/2024 10:00:00 SA,3.4,322806.7,8.2,8.8
6363,11:00:00,22/09/2024 11:00:00 SA,3.5,322814.7,8.0,8.0
6364,12:00:00,22/09/2024 12:00:00 CH,3.5,322823.6,8.9,8.8
6365,13:00:00,22/09/2024 1:00:00 CH,3.3,322831.0,7.4,7.5
6366,14:00:00,22/09/2024 2:00:00 CH,3.2,322837.8,6.8,6.7
6367,15:00:00,22/09/2024 3:00:00 CH,3.3,322843.8,6.0,5.6
6368,16:00:00,22/09/2024 4:00:00 CH,3.5,322854.3,10.5,10.5
6369,17:00:00,22/09/2024 5:00:00 CH,3.4,322864.4,10.1,10.4
6370,18:00:00,22/09/2024 6:00:00 CH,3.3,322877.7,13.3,13.4
6371,19:00:00,22/09/2024 7:00:00 CH,3.5,322894.9,17.2,17.4
6372,20:00:00,22/09/2024 8:00:00 CH,3.5,322907.2,12.3,12.3
6373,21:00:00,22/09/2024 9:00:00 CH,3.5,322917.8,10.6,11.2
6374,22:00:00,22/09/2024 10:00:00 CH,3.4,322925.8,8.0,7.9
6375,23:00:00,22/09/2024 11:00:00 CH,3.3,322932.7,6.9,7.2
6376,00:00:00,23/09/2024 12:00:00 SA,3.1,322938.8,6.1,6.9
6377,01:00:00,23/09/2024 1:00:00 SA,3.0,322940.5,1.7,1.7
6378,02:00:00,23/09/2024 2:00:00 SA,3.0,322943.5,3.0,2.9
6379,03:00:00,23/09/2024 3:00:00 SA,3.0,322945.1,1.6,1.6
6380,04:00:00,23/09/2024 4:00:00 SA,3.1,322946.2,1.1,1.1
6381,05:00:00,23/09/2024 5:00:00 SA,3.3,322948.2,2.0,1.8
6382,06:00:00,23/09/2024 6:00:00 SA,3.3,322953.7,5.5,4.5
6383,07:00:00,23/09/2024 7:00:00 SA,3.5,322964.6,10.9,11.6
6384,08:00:00,23/09/2024 8:00:00 SA,3.4,322974.0,9.4,9.6
6385,09:00:00,23/09/2024 9:00:00 SA,3.5,322982.9,8.9,9.0
6386,10:00:00,23/09/2024 10:00:00 SA,3.4,322989.1,6.2,5.9
6387,11:00:00,23/09/2024 11:00:00 SA,3.4,322995.4,6.3,6.4
6388,12:00:00,23/09/2024 12:00:00 CH,3.4,323003.2,7.8,7.2
6389,13:00:00,23/09/2024 1:00:00 CH,3.3,323010.1,6.9,7.1
6390,14:00:00,23/09/2024 2:00:00 CH,3.3,323017.7,7.6,7.0
6391,15:00:00,23/09/2024 3:00:00 CH,3.4,323025.2,7.5,7.8
6392,16:00:00,23/09/2024 4:00:00 CH,3.3,323030.0,4.8,4.9
6393,17:00:00,23/09/2024 5:00:00 CH,3.3,323036.1,6.1,6.4
6394,18:00:00,23/09/2024 6:00:00 CH,3.2,323047.1,11.0,10.8
6395,19:00:00,23/09/2024 7:00:00 CH,3.2,323061.9,14.8,15.1
6396,20:00:00,23/09/2024 8:00:00 CH,3.2,323075.4,13.5,13.7
6397,21:00:00,23/09/2024 9:00:00 CH,3.5,323087.1,11.7,11.5
6398,22:00:00,23/09/2024 10:00:00 CH,3.4,323096.0,8.9,8.1
6399,23:00:00,23/09/2024 11:00:00 CH,3.3,323105.0,9.0,9.3
6400,00:00:00,24/09/2024 12:00:00 SA,2.8,323108.7,3.7,3.7
6401,01:00:00,24/09/2024 1:00:00 SA,2.8,323112.9,4.2,3.9
6402,02:00:00,24/09/2024 2:00:00 SA,2.8,323114.4,1.5,1.3
6403,03:00:00,24/09/2024 3:00:00 SA,2.8,323117.2,2.8,2.9
6404,04:00:00,24/09/2024 4:00:00 SA,2.8,323120.0,2.8,2.7
6405,05:00:00,24/09/2024 5:00:00 SA,3.2,323123.0,3.0,3.4
6406,06:00:00,24/09/2024 6:00:00 SA,3.5,323128.9,5.9,5.1
6407,07:00:00,24/09/2024 7:00:00 SA,3.4,323140.4,11.5,11.9
6408,08:00:00,24/09/2024 8:00:00 SA,3.5,323150.1,9.7,9.4
6409,09:00:00,24/09/2024 9:00:00 SA,3.5,323162.1,12.0,11.9
6410,10:00:00,24/09/2024 10:00:00 SA,3.5,323169.4,7.3,7.0
6411,11:00:00,24/09/2024 11:00:00 SA,3.5,323175.9,6.5,6.0
6412,12:00:00,24/09/2024 12:00:00 CH,3.2,323184.0,8.1,7.5
6413,13:00:00,24/09/2024 1:00:00 CH,3.3,323190.8,6.8,6.8
6414,14:00:00,24/09/2024 2:00:00 CH,3.2,323200.6,9.8,9.4
6415,15:00:00,24/09/2024 3:00:00 CH,3.3,323208.7,8.1,8.5
6416,16:00:00,24/09/2024 4:00:00 CH,3.3,323213.0,4.3,4.0
6417,17:00:00,24/09/2024 5:00:00 CH,3.4,323220.9,7.9,7.7
6418,18:00:00,24/09/2024 6:00:00 CH,3.2,323232.7,11.8,11.9
6419,19:00:00,24/09/2024 7:00:00 CH,3.2,323249.4,16.7,15.9
6420,20:00:00,24/09/2024 8:00:00 CH,3.3,323263.5,14.1,14.7
6421,21:00:00,24/09/2024 9:00:00 CH,3.4,323274.5,11.0,11.1
6422,22:00:00,24/09/2024 10:00:00 CH,3.4,323284.4,9.9,10.1
6423,23:00:00,24/09/2024 11:00:00 CH,1.5,323289.9,5.5,5.7
6424,00:00:00,25/09/2024 12:00:00 SA,2.0,323294.6,4.7,4.7
6425,01:00:00,25/09/2024 1:00:00 SA,2.2,323297.0,2.4,2.4
6426,02:00:00,25/09/2024 2:00:00 SA,2.0,323299.8,2.8,2.5
6427,03:00:00,25/09/2024 3:00:00 SA,2.7,323301.7,1.9,1.6
6428,04:00:00,25/09/2024 4:00:00 SA,2.7,323303.6,1.9,1.6
6429,05:00:00,25/09/2024 5:00:00 SA,3.1,323306.3,2.7,2.4
6430,06:00:00,25/09/2024 6:00:00 SA,3.4,323313.3,7.0,6.8
6431,07:00:00,25/09/2024 7:00:00 SA,3.4,323323.7,10.4,10.1
6432,08:00:00,25/09/2024 8:00:00 SA,3.5,323338.0,14.3,14.6
6433,09:00:00,25/09/2024 9:00:00 SA,3.4,323346.0,8.0,7.1
6434,10:00:00,25/09/2024 10:00:00 SA,3.4,323351.9,5.9,6.0
6435,11:00:00,25/09/2024 11:00:00 SA,3.4,323360.6,8.7,8.3
6436,12:00:00,25/09/2024 12:00:00 CH,3.6,323367.8,7.2,6.5
6437,13:00:00,25/09/2024 1:00:00 CH,3.4,323373.9,6.1,6.0
6438,14:00:00,25/09/2024 2:00:00 CH,3.3,323381.3,7.4,7.5
6439,15:00:00,25/09/2024 3:00:00 CH,3.0,323387.8,6.5,5.7
6440,16:00:00,25/09/2024 4:00:00 CH,3.2,323393.2,5.4,5.2
6441,17:00:00,25/09/2024 5:00:00 CH,3.2,323399.6,6.4,6.1
6442,18:00:00,25/09/2024 6:00:00 CH,3.1,323412.2,12.6,12.3
6443,19:00:00,25/09/2024 7:00:00 CH,3.3,323429.3,17.1,16.7
6444,20:00:00,25/09/2024 8:00:00 CH,3.3,323443.1,13.8,14.3
6445,21:00:00,25/09/2024 9:00:00 CH,3.3,323453.9,10.8,10.8
6446,22:00:00,25/09/2024 10:00:00 CH,3.2,323463.3,9.4,9.0
6447,23:00:00,25/09/2024 11:00:00 CH,3.1,323471.9,8.6,9.2
6448,00:00:00,26/09/2024 12:00:00 SA,2.8,323477.2,5.3,5.2
6449,01:00:00,26/09/2024 1:00:00 SA,2.7,323479.3,2.1,2.4
6450,02:00:00,26/09/2024 2:00:00 SA,2.9,323482.3,3.0,2.9
6451,03:00:00,26/09/2024 3:00:00 SA,2.8,323483.2,0.9,1.1
6452,04:00:00,26/09/2024 4:00:00 SA,2.7,323484.2,1.0,1.0
6453,05:00:00,26/09/2024 5:00:00 SA,3.2,323486.7,2.5,2.4
6454,06:00:00,26/09/2024 6:00:00 SA,3.3,323492.9,6.2,6.0
6455,07:00:00,26/09/2024 7:00:00 SA,3.5,323503.5,10.6,10.7
6456,08:00:00,26/09/2024 8:00:00 SA,3.6,323514.5,11.0,11.8
6457,09:00:00,26/09/2024 9:00:00 SA,3.6,323525.2,10.7,10.7
6458,10:00:00,26/09/2024 10:00:00 SA,3.6,323533.5,8.3,7.0
6459,11:00:00,26/09/2024 11:00:00 SA,3.6,323540.6,7.1,7.2
6460,12:00:00,26/09/2024 12:00:00 CH,3.4,323547.7,7.1,7.7
6461,13:00:00,26/09/2024 1:00:00 CH,3.5,323554.6,6.9,6.7
6462,14:00:00,26/09/2024 2:00:00 CH,3.3,323560.2,5.6,5.3
6463,15:00:00,26/09/2024 3:00:00 CH,3.2,323570.1,9.9,9.6
6464,16:00:00,26/09/2024 4:00:00 CH,3.4,323577.3,7.2,7.5
6465,17:00:00,26/09/2024 5:00:00 CH,3.3,323586.0,8.7,8.5
6466,18:00:00,26/09/2024 6:00:00 CH,3.0,323596.8,10.8,9.9
6467,19:00:00,26/09/2024 7:00:00 CH,3.0,323613.7,16.9,17.4
6468,20:00:00,26/09/2024 8:00:00 CH,2.9,323625.7,12.0,12.3
6469,21:00:00,26/09/2024 9:00:00 CH,3.2,323636.3,10.6,10.0
6470,22:00:00,26/09/2024 10:00:00 CH,3.0,323646.0,9.7,9.4
6471,23:00:00,26/09/2024 11:00:00 CH,3.1,323655.3,9.3,9.3
6472,00:00:00,27/09/2024 12:00:00 SA,2.8,323660.4,5.1,5.4
6473,01:00:00,27/09/2024 1:00:00 SA,2.8,323663.0,2.6,3.0
6474,02:00:00,27/09/2024 2:00:00 SA,2.8,323665.8,2.8,2.8
6475,03:00:00,27/09/2024 3:00:00 SA,2.8,323666.7,0.9,1.0
6476,04:00:00,27/09/2024 4:00:00 SA,2.7,323667.6,0.9,0.7
6477,05:00:00,27/09/2024 5:00:00 SA,3.3,323669.4,1.8,1.9
6478,06:00:00,27/09/2024 6:00:00 SA,3.3,323674.8,5.4,5.6
6479,07:00:00,27/09/2024 7:00:00 SA,3.3,323686.5,11.7,11.3
6480,08:00:00,27/09/2024 8:00:00 SA,3.5,323697.1,10.6,10.7
6481,09:00:00,27/09/2024 9:00:00 SA,3.5,323705.9,8.8,8.7
6482,10:00:00,27/09/2024 10:00:00 SA,3.5,323713.4,7.5,7.1
6483,11:00:00,27/09/2024 11:00:00 SA,3.5,323721.8,8.4,8.0
6484,12:00:00,27/09/2024 12:00:00 CH,3.5,323729.0,7.2,7.0
6485,13:00:00,27/09/2024 1:00:00 CH,3.4,323736.7,7.7,7.6
6486,14:00:00,27/09/2024 2:00:00 CH,3.4,323745.5,8.8,8.5
6487,15:00:00,27/09/2024 3:00:00 CH,3.3,323750.4,4.9,4.8
6488,16:00:00,27/09/2024 4:00:00 CH,3.6,323758.8,8.4,8.1
6489,17:00:00,27/09/2024 5:00:00 CH,3.6,323766.9,8.1,8.0
6490,18:00:00,27/09/2024 6:00:00 CH,3.1,323778.3,11.4,11.7
6491,19:00:00,27/09/2024 7:00:00 CH,3.2,323796.8,18.5,18.4
6492,20:00:00,27/09/2024 8:00:00 CH,3.4,323811.9,15.1,14.5
6493,21:00:00,27/09/2024 9:00:00 CH,3.3,323823.4,11.5,11.2
6494,22:00:00,27/09/2024 10:00:00 CH,3.3,323832.7,9.3,8.7
6495,23:00:00,27/09/2024 11:00:00 CH,3.1,323842.4,9.7,10.4
6496,00:00:00,28/09/2024 12:00:00 SA,2.8,323847.3,4.9,5.0
6497,01:00:00,28/09/2024 1:00:00 SA,2.9,323848.9,1.6,1.8
6498,02:00:00,28/09/2024 2:00:00 SA,2.8,323852.8,3.9,2.6
6499,03:00:00,28/09/2024 3:00:00 SA,2.8,323853.8,1.0,1.1
6500,04:00:00,28/09/2024 4:00:00 SA,2.8,323854.9,1.1,1.3
6501,05:00:00,28/09/2024 5:00:00 SA,3.0,323856.7,1.8,1.8
6502,06:00:00,28/09/2024 6:00:00 SA,3.4,323860.9,4.2,3.6
6503,07:00:00,28/09/2024 7:00:00 SA,3.2,323872.0,11.1,10.7
6504,08:00:00,28/09/2024 8:00:00 SA,3.4,323886.7,14.7,15.5
6505,09:00:00,28/09/2024 9:00:00 SA,3.5,323901.1,14.4,13.8
6506,10:00:00,28/09/2024 10:00:00 SA,3.5,323913.0,11.9,12.4
6507,11:00:00,28/09/2024 11:00:00 SA,3.4,323921.3,8.3,8.4
6508,12:00:00,28/09/2024 12:00:00 CH,3.4,323930.4,9.1,9.2
6509,13:00:00,28/09/2024 1:00:00 CH,3.5,323939.9,9.5,9.7
6510,14:00:00,28/09/2024 2:00:00 CH,3.2,323948.1,8.2,8.6
6511,15:00:00,28/09/2024 3:00:00 CH,3.4,323955.0,6.9,6.5
6512,16:00:00,28/09/2024 4:00:00 CH,3.7,323965.6,10.6,10.1
6513,17:00:00,28/09/2024 5:00:00 CH,3.4,323973.7,8.1,7.9
6514,18:00:00,28/09/2024 6:00:00 CH,3.1,323988.0,14.3,14.5
6515,19:00:00,28/09/2024 7:00:00 CH,3.2,324005.1,17.1,16.6
6516,20:00:00,28/09/2024 8:00:00 CH,3.2,324016.0,10.9,10.4
6517,21:00:00,28/09/2024 9:00:00 CH,3.5,324025.9,9.9,10.2
6518,22:00:00,28/09/2024 10:00:00 CH,3.4,324034.0,8.1,8.4
6519,23:00:00,28/09/2024 11:00:00 CH,3.2,324042.4,8.4,8.6
6520,00:00:00,29/09/2024 12:00:00 SA,2.8,324048.0,5.6,5.4
6521,01:00:00,29/09/2024 1:00:00 SA,2.7,324050.5,2.5,2.8
6522,02:00:00,29/09/2024 2:00:00 SA,2.8,324053.6,3.1,3.2
6523,03:00:00,29/09/2024 3:00:00 SA,2.8,324055.0,1.4,1.3
6524,04:00:00,29/09/2024 4:00:00 SA,2.8,324057.8,2.8,2.8
6525,05:00:00,29/09/2024 5:00:00 SA,3.2,324059.5,1.7,1.6
6526,06:00:00,29/09/2024 6:00:00 SA,3.6,324063.1,3.6,3.1
6527,07:00:00,29/09/2024 7:00:00 SA,3.0,324073.9,10.8,10.6
6528,08:00:00,29/09/2024 8:00:00 SA,3.2,324086.8,12.9,12.5
6529,09:00:00,29/09/2024 9:00:00 SA,3.3,324098.3,11.5,11.2
6530,10:00:00,29/09/2024 10:00:00 SA,3.3,324107.3,9.0,8.7
6531,11:00:00,29/09/2024 11:00:00 SA,3.1,324118.4,11.1,11.0
6532,12:00:00,29/09/2024 12:00:00 CH,3.6,324128.6,10.2,10.2
6533,13:00:00,29/09/2024 1:00:00 CH,3.3,324136.1,7.5,6.8
6534,14:00:00,29/09/2024 2:00:00 CH,3.2,324141.8,5.7,5.5
6535,15:00:00,29/09/2024 3:00:00 CH,3.4,324149.8,8.0,7.8
6536,16:00:00,29/09/2024 4:00:00 CH,3.6,324158.3,8.5,8.6
6537,17:00:00,29/09/2024 5:00:00 CH,3.0,324168.5,10.2,9.6
6538,18:00:00,29/09/2024 6:00:00 CH,2.8,324184.4,15.9,15.1
6539,19:00:00,29/09/2024 7:00:00 CH,3.2,324199.8,15.4,16.3
6540,20:00:00,29/09/2024 8:00:00 CH,3.5,324212.9,13.1,12.6
6541,21:00:00,29/09/2024 9:00:00 CH,3.5,324223.1,10.2,9.3
6542,22:00:00,29/09/2024 10:00:00 CH,3.3,324233.1,10.0,9.9
6543,23:00:00,29/09/2024 11:00:00 CH,3.3,324243.3,10.2,10.3
6544,00:00:00,30/09/2024 12:00:00 SA,2.8,324246.7,3.4,3.7
6545,01:00:00,30/09/2024 1:00:00 SA,2.7,324249.8,3.1,2.8
6546,02:00:00,30/09/2024 2:00:00 SA,2.8,324252.5,2.7,2.7
6547,03:00:00,30/09/2024 3:00:00 SA,2.8,324254.2,1.7,1.5
6548,04:00:00,30/09/2024 4:00:00 SA,3.2,324255.9,1.7,1.9
6549,05:00:00,30/09/2024 5:00:00 SA,3.3,324257.8,1.9,1.8
6550,06:00:00,30/09/2024 6:00:00 SA,3.3,324263.8,6.0,5.2
6551,07:00:00,30/09/2024 7:00:00 SA,3.5,324275.3,11.5,11.3
6552,08:00:00,30/09/2024 8:00:00 SA,3.5,324286.4,11.1,9.8
6553,09:00:00,30/09/2024 9:00:00 SA,3.5,324300.5,14.1,14.2
6554,10:00:00,30/09/2024 10:00:00 SA,3.4,324310.2,9.7,9.5
6555,11:00:00,30/09/2024 11:00:00 SA,3.5,324318.3,8.1,7.7
6556,12:00:00,30/09/2024 12:00:00 CH,3.5,324326.7,8.4,7.9
6557,13:00:00,30/09/2024 1:00:00 CH,3.5,324334.8,8.1,8.2
6558,14:00:00,30/09/2024 2:00:00 CH,3.2,324339.1,4.3,3.9
6559,15:00:00,30/09/2024 3:00:00 CH,3.3,324345.5,6.4,5.8
6560,16:00:00,30/09/2024 4:00:00 CH,3.2,324353.1,7.6,7.6
6561,17:00:00,30/09/2024 5:00:00 CH,3.5,324362.8,9.7,9.3
6562,18:00:00,30/09/2024 6:00:00 CH,3.0,324373.9,11.1,11.0
6563,19:00:00,30/09/2024 7:00:00 CH,3.2,324390.4,16.5,15.9
6564,20:00:00,30/09/2024 8:00:00 CH,3.4,324403.8,13.4,12.8
6565,21:00:00,30/09/2024 9:00:00 CH,3.4,324415.1,11.3,11.8
6566,22:00:00,30/09/2024 10:00:00 CH,3.4,324425.3,10.2,10.1
6567,23:00:00,30/09/2024 11:00:00 CH,3.5,324433.2,7.9,7.9
6568,00:00:00,01/10/2024 12:00:00 SA,2.6,324439.0,5.8,5.8
6569,01:00:00,01/10/2024 1:00:00 SA,2.8,324440.7,1.7,1.8
6570,02:00:00,01/10/2024 2:00:00 SA,2.8,324443.7,3.0,2.7
6571,03:00:00,01/10/2024 3:00:00 SA,2.8,324445.9,2.2,1.9
6572,04:00:00,01/10/2024 4:00:00 SA,2.8,324448.6,2.7,3.0
6573,05:00:00,01/10/2024 5:00:00 SA,3.3,324450.9,2.3,2.1
6574,06:00:00,01/10/2024 6:00:00 SA,3.5,324458.5,7.6,6.8
6575,07:00:00,01/10/2024 7:00:00 SA,3.3,324469.5,11.0,10.2
6576,09:00:00,01/10/2024 9:00:00 SA,3.4,324488.1,18.6,0.0
6577,10:00:00,01/10/2024 10:00:00 SA,2.9,324495.7,7.6,8.6
6578,11:00:00,01/10/2024 11:00:00 SA,3.3,324502.2,6.5,5.9
6579,12:00:00,01/10/2024 12:00:00 CH,3.3,324509.8,7.6,7.9
6580,13:00:00,01/10/2024 1:00:00 CH,3.3,324518.1,8.3,7.5
6581,14:00:00,01/10/2024 2:00:00 CH,3.3,324524.1,6.0,5.4
6582,15:00:00,01/10/2024 3:00:00 CH,3.3,324534.4,10.3,10.0
6583,16:00:00,01/10/2024 4:00:00 CH,3.2,324541.7,7.3,7.5
6584,17:00:00,01/10/2024 5:00:00 CH,3.4,324547.1,5.4,5.3
6585,18:00:00,01/10/2024 6:00:00 CH,3.1,324557.9,10.8,10.1
6586,19:00:00,01/10/2024 7:00:00 CH,3.4,324572.5,14.6,14.7
6587,20:00:00,01/10/2024 8:00:00 CH,3.4,324586.5,14.0,13.3
6588,21:00:00,01/10/2024 9:00:00 CH,3.4,324596.8,10.3,10.3
6589,22:00:00,01/10/2024 10:00:00 CH,3.5,324605.8,9.0,8.9
6590,23:00:00,01/10/2024 11:00:00 CH,3.4,324613.4,7.6,8.0
6591,00:00:00,02/10/2024 12:00:00 SA,2.8,324619.7,6.3,6.3
6592,01:00:00,02/10/2024 1:00:00 SA,2.9,324621.8,2.1,2.1
6593,02:00:00,02/10/2024 2:00:00 SA,2.9,324625.0,3.2,3.3
6594,03:00:00,02/10/2024 3:00:00 SA,2.8,324626.9,1.9,1.8
6595,04:00:00,02/10/2024 4:00:00 SA,2.9,324629.8,2.9,2.7
6596,05:00:00,02/10/2024 5:00:00 SA,3.3,324631.7,1.9,1.7
6597,06:00:00,02/10/2024 6:00:00 SA,3.5,324636.9,5.2,4.6
6598,07:00:00,02/10/2024 7:00:00 SA,3.3,324647.9,11.0,10.9
6599,08:00:00,02/10/2024 8:00:00 SA,3.5,324658.4,10.5,10.3
6600,09:00:00,02/10/2024 9:00:00 SA,3.4,324665.5,7.1,7.0
6601,10:00:00,02/10/2024 10:00:00 SA,3.4,324672.4,6.9,6.7
6602,11:00:00,02/10/2024 11:00:00 SA,3.4,324678.9,6.5,6.6
6603,12:00:00,02/10/2024 12:00:00 CH,3.4,324686.7,7.8,8.5
6604,13:00:00,02/10/2024 1:00:00 CH,3.3,324693.3,6.6,6.7
6605,14:00:00,02/10/2024 2:00:00 CH,3.4,324701.8,8.5,7.8
6606,15:00:00,02/10/2024 3:00:00 CH,3.3,324708.8,7.0,6.5
6607,16:00:00,02/10/2024 4:00:00 CH,3.4,324715.5,6.7,6.4
6608,17:00:00,02/10/2024 5:00:00 CH,3.4,324721.8,6.3,6.5
6609,18:00:00,02/10/2024 6:00:00 CH,3.1,324733.0,11.2,10.2
6610,19:00:00,02/10/2024 7:00:00 CH,3.2,324748.5,15.5,15.0
6611,20:00:00,02/10/2024 8:00:00 CH,3.3,324763.0,14.5,14.2
6612,21:00:00,02/10/2024 9:00:00 CH,3.3,324774.4,11.4,10.9
6613,22:00:00,02/10/2024 10:00:00 CH,3.4,324785.7,11.3,10.9
6614,23:00:00,02/10/2024 11:00:00 CH,3.2,324794.5,8.8,9.2
6615,00:00:00,03/10/2024 12:00:00 SA,3.1,324800.3,5.8,6.0
6616,01:00:00,03/10/2024 1:00:00 SA,2.9,324803.0,2.7,3.0
6617,02:00:00,03/10/2024 2:00:00 SA,3.0,324806.0,3.0,2.7
6618,03:00:00,03/10/2024 3:00:00 SA,3.0,324807.7,1.7,1.9
6619,04:00:00,03/10/2024 4:00:00 SA,2.9,324809.1,1.4,1.5
6620,05:00:00,03/10/2024 5:00:00 SA,3.3,324811.2,2.1,2.0
6621,06:00:00,03/10/2024 6:00:00 SA,3.4,324817.6,6.4,5.6
6622,07:00:00,03/10/2024 7:00:00 SA,3.4,324828.9,11.3,12.0
6623,08:00:00,03/10/2024 8:00:00 SA,3.6,324842.3,13.4,13.1
6624,09:00:00,03/10/2024 9:00:00 SA,3.6,324851.2,8.9,8.6
6625,10:00:00,03/10/2024 10:00:00 SA,3.6,324858.3,7.1,7.0
6626,11:00:00,03/10/2024 11:00:00 SA,3.7,324866.3,8.0,7.7
6627,12:00:00,03/10/2024 12:00:00 CH,3.6,324875.2,8.9,9.0
6628,13:00:00,03/10/2024 1:00:00 CH,3.5,324882.1,6.9,6.9
6629,14:00:00,03/10/2024 2:00:00 CH,3.5,324890.3,8.2,8.2
6630,15:00:00,03/10/2024 3:00:00 CH,3.3,324898.2,7.9,8.0
6631,16:00:00,03/10/2024 4:00:00 CH,3.3,324905.8,7.6,6.7
6632,17:00:00,03/10/2024 5:00:00 CH,3.3,324912.1,6.3,6.4
6633,18:00:00,03/10/2024 6:00:00 CH,3.0,324922.8,10.7,9.5
6634,19:00:00,03/10/2024 7:00:00 CH,3.1,324939.0,16.2,16.7
6635,20:00:00,03/10/2024 8:00:00 CH,3.0,324951.6,12.6,12.2
6636,21:00:00,03/10/2024 9:00:00 CH,3.3,324962.7,11.1,11.3
6637,22:00:00,03/10/2024 10:00:00 CH,3.4,324972.2,9.5,10.1
6638,23:00:00,03/10/2024 11:00:00 CH,3.2,324979.1,6.9,7.1
6639,00:00:00,04/10/2024 12:00:00 SA,2.9,324983.4,4.3,4.1
6640,01:00:00,04/10/2024 1:00:00 SA,2.9,324985.4,2.0,2.1
6641,02:00:00,04/10/2024 2:00:00 SA,2.9,324986.7,1.3,1.5
6642,03:00:00,04/10/2024 3:00:00 SA,2.9,324989.2,2.5,2.6
6643,04:00:00,04/10/2024 4:00:00 SA,2.9,324990.5,1.3,1.2
6644,05:00:00,04/10/2024 5:00:00 SA,3.3,324992.4,1.9,1.8
6645,06:00:00,04/10/2024 6:00:00 SA,3.3,324998.4,6.0,5.3
6646,07:00:00,04/10/2024 7:00:00 SA,3.4,325010.9,12.5,12.5
6647,08:00:00,04/10/2024 8:00:00 SA,3.7,325023.2,12.3,12.0
6648,09:00:00,04/10/2024 9:00:00 SA,3.6,325034.4,11.2,11.2
6649,10:00:00,04/10/2024 10:00:00 SA,3.6,325040.4,6.0,5.8
6650,11:00:00,04/10/2024 11:00:00 SA,3.7,325047.4,7.0,6.3
6651,12:00:00,04/10/2024 12:00:00 CH,3.5,325055.6,8.2,8.7
6652,13:00:00,04/10/2024 1:00:00 CH,3.3,325061.6,6.0,5.8
6653,14:00:00,04/10/2024 2:00:00 CH,3.3,325069.0,7.4,7.1
6654,15:00:00,04/10/2024 3:00:00 CH,3.2,325075.5,6.5,6.1
6655,16:00:00,04/10/2024 4:00:00 CH,3.3,325083.7,8.2,8.2
6656,17:00:00,04/10/2024 5:00:00 CH,3.5,325090.6,6.9,7.5
6657,18:00:00,04/10/2024 6:00:00 CH,3.0,325102.1,11.5,11.8
6658,19:00:00,04/10/2024 7:00:00 CH,3.1,325117.5,15.4,15.8
6659,20:00:00,04/10/2024 8:00:00 CH,3.1,325131.0,13.5,13.4
6660,21:00:00,04/10/2024 9:00:00 CH,3.3,325141.8,10.8,10.4
6661,22:00:00,04/10/2024 10:00:00 CH,3.4,325151.6,9.8,9.5
6662,23:00:00,04/10/2024 11:00:00 CH,3.0,325160.0,8.4,8.6
6663,00:00:00,05/10/2024 12:00:00 SA,2.9,325165.6,5.6,5.4
6664,01:00:00,05/10/2024 1:00:00 SA,2.9,325170.9,5.3,5.2
6665,02:00:00,05/10/2024 2:00:00 SA,2.9,325172.3,1.4,1.6
6666,03:00:00,05/10/2024 3:00:00 SA,2.9,325173.5,1.2,1.4
6667,04:00:00,05/10/2024 4:00:00 SA,3.0,325174.7,1.2,1.1
6668,05:00:00,05/10/2024 5:00:00 SA,3.3,325176.8,2.1,1.8
6669,06:00:00,05/10/2024 6:00:00 SA,3.5,325181.4,4.6,4.3
6670,07:00:00,05/10/2024 7:00:00 SA,3.3,325194.8,13.4,12.2
6671,08:00:00,05/10/2024 8:00:00 SA,3.5,325208.9,14.1,15.1
6672,09:00:00,05/10/2024 9:00:00 SA,3.4,325222.0,13.1,13.9
6673,10:00:00,05/10/2024 10:00:00 SA,3.4,325231.5,9.5,10.5
6674,11:00:00,05/10/2024 11:00:00 SA,3.5,325241.6,10.1,9.3
6675,12:00:00,05/10/2024 12:00:00 CH,3.4,325250.3,8.7,9.0
6676,13:00:00,05/10/2024 1:00:00 CH,3.5,325257.0,6.7,6.7
6677,14:00:00,05/10/2024 2:00:00 CH,3.3,325261.8,4.8,5.2
6678,15:00:00,05/10/2024 3:00:00 CH,3.4,325269.2,7.4,6.7
6679,16:00:00,05/10/2024 4:00:00 CH,3.5,325279.4,10.2,10.3
6680,17:00:00,05/10/2024 5:00:00 CH,3.7,325287.7,8.3,7.8
6681,18:00:00,05/10/2024 6:00:00 CH,3.2,325300.6,12.9,13.2
6682,19:00:00,05/10/2024 7:00:00 CH,3.4,325316.9,16.3,15.7
6683,20:00:00,05/10/2024 8:00:00 CH,3.6,325329.8,12.9,13.4
6684,21:00:00,05/10/2024 9:00:00 CH,3.4,325338.9,9.1,9.5
6685,22:00:00,05/10/2024 10:00:00 CH,3.4,325348.4,9.5,9.7
6686,23:00:00,05/10/2024 11:00:00 CH,3.3,325356.0,7.6,7.4
6687,00:00:00,06/10/2024 12:00:00 SA,2.9,325359.9,3.9,3.7
6688,01:00:00,06/10/2024 1:00:00 SA,2.9,325363.7,3.8,3.8
6689,02:00:00,06/10/2024 2:00:00 SA,2.9,325365.7,2.0,1.9
6690,03:00:00,06/10/2024 3:00:00 SA,2.9,325368.7,3.0,2.8
6691,04:00:00,06/10/2024 4:00:00 SA,2.9,325371.2,2.5,2.3
6692,05:00:00,06/10/2024 5:00:00 SA,3.0,325373.2,2.0,2.1
6693,06:00:00,06/10/2024 6:00:00 SA,3.5,325376.6,3.4,3.8
6694,07:00:00,06/10/2024 7:00:00 SA,3.3,325386.6,10.0,9.8
6695,08:00:00,06/10/2024 8:00:00 SA,3.3,325400.5,13.9,13.8
6696,09:00:00,06/10/2024 9:00:00 SA,3.5,325414.9,14.4,14.2
6697,10:00:00,06/10/2024 10:00:00 SA,3.5,325425.5,10.6,10.4
6698,11:00:00,06/10/2024 11:00:00 SA,3.4,325435.0,9.5,9.3
6699,12:00:00,06/10/2024 12:00:00 CH,3.6,325443.9,8.9,8.2
6700,13:00:00,06/10/2024 1:00:00 CH,3.3,325451.5,7.6,7.9
6701,14:00:00,06/10/2024 2:00:00 CH,3.3,325459.7,8.2,7.8
6702,15:00:00,06/10/2024 3:00:00 CH,3.5,325468.6,8.9,9.9
6703,16:00:00,06/10/2024 4:00:00 CH,3.6,325478.9,10.3,10.0
6704,17:00:00,06/10/2024 5:00:00 CH,3.6,325491.3,12.4,12.9
6705,18:00:00,06/10/2024 6:00:00 CH,3.0,325505.0,13.7,13.3
6706,19:00:00,06/10/2024 7:00:00 CH,3.4,325521.5,16.5,17.1
6707,20:00:00,06/10/2024 8:00:00 CH,3.2,325535.0,13.5,14.2
6708,21:00:00,06/10/2024 9:00:00 CH,3.4,325545.1,10.1,9.7
6709,22:00:00,06/10/2024 10:00:00 CH,3.3,325554.0,8.9,8.9
6710,23:00:00,06/10/2024 11:00:00 CH,3.3,325561.7,7.7,7.9
6711,00:00:00,07/10/2024 12:00:00 SA,2.9,325565.9,4.2,4.6
6712,01:00:00,07/10/2024 1:00:00 SA,2.9,325569.1,3.2,3.4
6713,02:00:00,07/10/2024 2:00:00 SA,2.9,325571.2,2.1,2.1
6714,03:00:00,07/10/2024 3:00:00 SA,2.9,325574.1,2.9,2.6
6715,04:00:00,07/10/2024 4:00:00 SA,2.9,325576.6,2.5,2.5
6716,05:00:00,07/10/2024 5:00:00 SA,3.1,325579.4,2.8,2.6
6717,06:00:00,07/10/2024 6:00:00 SA,3.2,325587.6,8.2,8.2
6718,07:00:00,07/10/2024 7:00:00 SA,3.2,325599.6,12.0,11.6
6719,08:00:00,07/10/2024 8:00:00 SA,3.6,325610.1,10.5,11.0
6720,09:00:00,07/10/2024 9:00:00 SA,3.5,325619.5,9.4,9.5
6721,10:00:00,07/10/2024 10:00:00 SA,3.5,325627.2,7.7,8.0
6722,11:00:00,07/10/2024 11:00:00 SA,3.5,325633.7,6.5,6.2
6723,12:00:00,07/10/2024 12:00:00 CH,3.5,325641.6,7.9,7.8
6724,13:00:00,07/10/2024 1:00:00 CH,3.3,325647.2,5.6,5.1
6725,14:00:00,07/10/2024 2:00:00 CH,3.4,325656.8,9.6,9.4
6726,15:00:00,07/10/2024 3:00:00 CH,3.4,325666.9,10.1,8.8
6727,16:00:00,07/10/2024 4:00:00 CH,3.4,325673.0,6.1,6.0
6728,17:00:00,07/10/2024 5:00:00 CH,3.5,325679.7,6.7,6.4
6729,18:00:00,07/10/2024 6:00:00 CH,2.8,325692.8,13.1,12.0
6730,19:00:00,07/10/2024 7:00:00 CH,3.2,325709.1,16.3,15.4
6731,20:00:00,07/10/2024 8:00:00 CH,3.5,325722.7,13.6,14.1
6732,21:00:00,07/10/2024 9:00:00 CH,3.3,325733.1,10.4,10.8
6733,22:00:00,07/10/2024 10:00:00 CH,3.5,325743.2,10.1,9.8
6734,23:00:00,07/10/2024 11:00:00 CH,3.5,325751.5,8.3,8.8
6735,00:00:00,08/10/2024 12:00:00 SA,3.2,325754.9,3.4,3.0
6736,01:00:00,08/10/2024 1:00:00 SA,3.0,325759.1,4.2,4.4
6737,02:00:00,08/10/2024 2:00:00 SA,2.9,325760.3,1.2,1.1
6738,03:00:00,08/10/2024 3:00:00 SA,2.9,325762.9,2.6,2.6
6739,04:00:00,08/10/2024 4:00:00 SA,3.1,325765.7,2.8,2.7
6740,05:00:00,08/10/2024 5:00:00 SA,3.4,325768.0,2.3,2.2
6741,06:00:00,08/10/2024 6:00:00 SA,3.2,325775.9,7.9,8.0
6742,07:00:00,08/10/2024 7:00:00 SA,3.2,325789.3,13.4,14.2
6743,08:00:00,08/10/2024 8:00:00 SA,3.5,325804.2,14.9,15.5
6744,09:00:00,08/10/2024 9:00:00 SA,3.5,325813.9,9.7,9.4
6745,10:00:00,08/10/2024 10:00:00 SA,3.5,325820.7,6.8,6.1
6746,11:00:00,08/10/2024 11:00:00 SA,3.5,325828.4,7.7,8.3
6747,12:00:00,08/10/2024 12:00:00 CH,3.5,325836.8,8.4,8.1
6748,13:00:00,08/10/2024 1:00:00 CH,3.3,325843.3,6.5,5.8
6749,14:00:00,08/10/2024 2:00:00 CH,3.4,325851.6,8.3,8.7
6750,15:00:00,08/10/2024 3:00:00 CH,3.3,325857.7,6.1,5.5
6751,16:00:00,08/10/2024 4:00:00 CH,3.5,325868.2,10.5,9.8
6752,17:00:00,08/10/2024 5:00:00 CH,3.5,325878.4,10.2,10.4
6753,18:00:00,08/10/2024 6:00:00 CH,2.8,325891.3,12.9,13.0
6754,19:00:00,08/10/2024 7:00:00 CH,3.1,325908.7,17.4,17.0
6755,20:00:00,08/10/2024 8:00:00 CH,3.3,325923.7,15.0,14.8
6756,21:00:00,08/10/2024 9:00:00 CH,3.3,325936.8,13.1,13.5
6757,22:00:00,08/10/2024 10:00:00 CH,3.5,325947.8,11.0,10.4
6758,23:00:00,08/10/2024 11:00:00 CH,1.8,325958.4,10.6,10.4
6759,00:00:00,09/10/2024 12:00:00 SA,3.0,325964.2,5.8,5.7
6760,01:00:00,09/10/2024 1:00:00 SA,3.0,325968.8,4.6,4.7
6761,02:00:00,09/10/2024 2:00:00 SA,3.1,325971.9,3.1,2.9
6762,03:00:00,09/10/2024 3:00:00 SA,3.1,325975.8,3.9,4.0
6763,04:00:00,09/10/2024 4:00:00 SA,3.2,325979.9,4.1,3.8
6764,05:00:00,09/10/2024 5:00:00 SA,3.5,325983.3,3.4,3.3
6765,06:00:00,09/10/2024 6:00:00 SA,3.5,325993.2,9.9,8.8
6766,07:00:00,09/10/2024 7:00:00 SA,3.5,326008.5,15.3,15.5
6767,08:00:00,09/10/2024 8:00:00 SA,3.5,326021.1,12.6,12.5
6768,09:00:00,09/10/2024 9:00:00 SA,3.6,326029.5,8.4,8.7
6769,10:00:00,09/10/2024 10:00:00 SA,3.6,326037.6,8.1,7.6
6770,11:00:00,09/10/2024 11:00:00 SA,3.5,326044.2,6.6,6.0
6771,12:00:00,09/10/2024 12:00:00 CH,3.6,326052.0,7.8,7.6
6772,13:00:00,09/10/2024 1:00:00 CH,3.4,326058.0,6.0,5.8
6773,14:00:00,09/10/2024 2:00:00 CH,3.5,326064.9,6.9,6.0
6774,15:00:00,09/10/2024 3:00:00 CH,3.4,326071.6,6.7,7.0
6775,16:00:00,09/10/2024 4:00:00 CH,3.5,326077.2,5.6,6.0
6776,17:00:00,09/10/2024 5:00:00 CH,3.6,326084.4,7.2,6.9
6777,18:00:00,09/10/2024 6:00:00 CH,3.3,326098.0,13.6,13.8
6778,19:00:00,09/10/2024 7:00:00 CH,3.4,326114.9,16.9,16.6
6779,20:00:00,09/10/2024 8:00:00 CH,3.2,326128.6,13.7,15.1
6780,21:00:00,09/10/2024 9:00:00 CH,3.4,326141.2,12.6,12.3
6781,22:00:00,09/10/2024 10:00:00 CH,3.4,326151.3,10.1,9.8
6782,23:00:00,09/10/2024 11:00:00 CH,3.2,326160.0,8.7,9.0
6783,00:00:00,10/10/2024 12:00:00 SA,2.9,326164.0,4.0,4.1
6784,01:00:00,10/10/2024 1:00:00 SA,3.0,326166.7,2.7,2.4
6785,02:00:00,10/10/2024 2:00:00 SA,3.0,326169.7,3.0,3.0
6786,03:00:00,10/10/2024 3:00:00 SA,3.0,326171.6,1.9,1.9
6787,04:00:00,10/10/2024 4:00:00 SA,3.1,326174.5,2.9,3.0
6788,05:00:00,10/10/2024 5:00:00 SA,3.3,326176.9,2.4,2.2
6789,06:00:00,10/10/2024 6:00:00 SA,3.6,326187.0,10.1,8.9
6790,07:00:00,10/10/2024 7:00:00 SA,3.6,326199.1,12.1,12.0
6791,08:00:00,10/10/2024 8:00:00 SA,3.7,326212.7,13.6,12.7
6792,09:00:00,10/10/2024 9:00:00 SA,3.6,326222.2,9.5,9.5
6793,10:00:00,10/10/2024 10:00:00 SA,3.5,326230.2,8.0,8.2
6794,11:00:00,10/10/2024 11:00:00 SA,3.5,326238.1,7.9,8.6
6795,12:00:00,10/10/2024 12:00:00 CH,3.6,326246.7,8.6,8.4
6796,13:00:00,10/10/2024 1:00:00 CH,3.3,326254.4,7.7,8.1
6797,14:00:00,10/10/2024 2:00:00 CH,3.3,326260.2,5.8,6.3
6798,15:00:00,10/10/2024 3:00:00 CH,3.9,326271.2,11.0,10.7
6799,16:00:00,10/10/2024 4:00:00 CH,3.4,326278.2,7.0,6.6
6800,17:00:00,10/10/2024 5:00:00 CH,3.5,326286.1,7.9,6.7
6801,18:00:00,10/10/2024 6:00:00 CH,3.3,326300.4,14.3,14.4
6802,19:00:00,10/10/2024 7:00:00 CH,3.4,326317.5,17.1,16.7
6803,20:00:00,10/10/2024 8:00:00 CH,3.3,326331.1,13.6,13.5
6804,21:00:00,10/10/2024 9:00:00 CH,3.5,326342.2,11.1,11.6
6805,22:00:00,10/10/2024 10:00:00 CH,3.5,326352.3,10.1,10.6
6806,23:00:00,10/10/2024 11:00:00 CH,3.5,326361.5,9.2,9.4
6807,00:00:00,11/10/2024 12:00:00 SA,3.4,326367.2,5.7,6.3
6808,01:00:00,11/10/2024 1:00:00 SA,3.1,326369.5,2.3,2.3
6809,02:00:00,11/10/2024 2:00:00 SA,3.1,326372.6,3.1,3.4
6810,03:00:00,11/10/2024 3:00:00 SA,3.1,326375.1,2.5,2.3
6811,04:00:00,11/10/2024 4:00:00 SA,3.2,326377.0,1.9,2.0
6812,05:00:00,11/10/2024 5:00:00 SA,3.3,326380.3,3.3,3.1
6813,06:00:00,11/10/2024 6:00:00 SA,3.6,326387.3,7.0,6.6
6814,07:00:00,11/10/2024 7:00:00 SA,3.6,326401.7,14.4,15.3
6815,08:00:00,11/10/2024 8:00:00 SA,3.7,326415.5,13.8,12.0
6816,09:00:00,11/10/2024 9:00:00 SA,3.7,326427.0,11.5,11.9
6817,10:00:00,11/10/2024 10:00:00 SA,3.7,326435.2,8.2,8.6
6818,11:00:00,11/10/2024 11:00:00 SA,3.7,326442.8,7.6,6.9
6819,12:00:00,11/10/2024 12:00:00 CH,3.6,326450.3,7.5,8.1
6820,13:00:00,11/10/2024 1:00:00 CH,3.5,326458.6,8.3,7.7
6821,14:00:00,11/10/2024 2:00:00 CH,3.3,326466.0,7.4,7.1
6822,15:00:00,11/10/2024 3:00:00 CH,3.2,326476.6,10.6,10.6
6823,16:00:00,11/10/2024 4:00:00 CH,3.4,326483.8,7.2,7.3
6824,17:00:00,11/10/2024 5:00:00 CH,0.0,326491.8,8.0,7.2
6825,18:00:00,11/10/2024 6:00:00 CH,3.4,326506.5,14.7,14.2
6826,19:00:00,11/10/2024 7:00:00 CH,3.6,326524.3,17.8,17.9
6827,20:00:00,11/10/2024 8:00:00 CH,3.6,326538.6,14.3,14.5
6828,21:00:00,11/10/2024 9:00:00 CH,3.6,326549.9,11.3,11.6
6829,22:00:00,11/10/2024 10:00:00 CH,3.5,326561.2,11.3,10.9
6830,23:00:00,11/10/2024 11:00:00 CH,3.3,326571.2,10.0,9.3
6831,00:00:00,12/10/2024 12:00:00 SA,2.7,326578.3,7.1,7.1
6832,01:00:00,12/10/2024 1:00:00 SA,2.9,326581.5,3.2,3.3
6833,02:00:00,12/10/2024 2:00:00 SA,2.9,326585.9,4.4,4.0
6834,03:00:00,12/10/2024 3:00:00 SA,2.9,326588.4,2.5,2.3
6835,04:00:00,12/10/2024 4:00:00 SA,3.0,326591.6,3.2,3.1
6836,05:00:00,12/10/2024 5:00:00 SA,3.2,326594.5,2.9,2.6
6837,06:00:00,12/10/2024 6:00:00 SA,3.4,326602.3,7.8,7.8
6838,07:00:00,12/10/2024 7:00:00 SA,3.5,326615.7,13.4,13.1
6839,08:00:00,12/10/2024 8:00:00 SA,3.6,326631.5,15.8,15.8
6840,09:00:00,12/10/2024 9:00:00 SA,3.7,326646.1,14.6,14.8
6841,10:00:00,12/10/2024 10:00:00 SA,3.7,326655.3,9.2,9.3
6842,11:00:00,12/10/2024 11:00:00 SA,3.7,326666.2,10.9,10.6
6843,12:00:00,12/10/2024 12:00:00 CH,3.7,326675.3,9.1,9.3
6844,13:00:00,12/10/2024 1:00:00 CH,3.6,326686.4,11.1,10.7
6845,14:00:00,12/10/2024 2:00:00 CH,3.4,326695.1,8.7,8.8
6846,15:00:00,12/10/2024 3:00:00 CH,3.4,326705.3,10.2,10.0
6847,16:00:00,12/10/2024 4:00:00 CH,3.4,326713.3,8.0,8.3
6848,17:00:00,12/10/2024 5:00:00 CH,3.5,326723.5,10.2,9.6
6849,18:00:00,12/10/2024 6:00:00 CH,3.5,326737.2,13.7,12.9
6850,19:00:00,12/10/2024 7:00:00 CH,3.6,326753.6,16.4,16.6
6851,20:00:00,12/10/2024 8:00:00 CH,3.5,326766.0,12.4,12.3
6852,21:00:00,12/10/2024 9:00:00 CH,3.6,326776.7,10.7,11.1
6853,22:00:00,12/10/2024 10:00:00 CH,3.6,326785.6,8.9,8.9
6854,23:00:00,12/10/2024 11:00:00 CH,3.1,326795.2,9.6,9.8
6855,00:00:00,13/10/2024 12:00:00 SA,3.0,326800.3,5.1,5.2
6856,01:00:00,13/10/2024 1:00:00 SA,2.9,326802.5,2.2,2.3
6857,02:00:00,13/10/2024 2:00:00 SA,2.9,326805.1,2.6,2.4
6858,03:00:00,13/10/2024 3:00:00 SA,2.9,326806.9,1.8,1.7
6859,04:00:00,13/10/2024 4:00:00 SA,3.0,326809.9,3.0,3.0
6860,05:00:00,13/10/2024 5:00:00 SA,3.1,326811.7,1.8,1.9
6861,06:00:00,13/10/2024 6:00:00 SA,3.3,326818.1,6.4,6.4
6862,07:00:00,13/10/2024 7:00:00 SA,3.5,326828.2,10.1,9.9
6863,08:00:00,13/10/2024 8:00:00 SA,3.5,326841.8,13.6,13.7
6864,09:00:00,13/10/2024 9:00:00 SA,3.5,326854.1,12.3,11.9
6865,10:00:00,13/10/2024 10:00:00 SA,3.6,326865.1,11.0,11.0
6866,11:00:00,13/10/2024 11:00:00 SA,3.6,326874.4,9.3,8.9
6867,12:00:00,13/10/2024 12:00:00 CH,3.7,326883.5,9.1,8.9
6868,13:00:00,13/10/2024 1:00:00 CH,3.4,326893.2,9.7,10.2
6869,14:00:00,13/10/2024 2:00:00 CH,3.4,326898.5,5.3,4.9
6870,15:00:00,13/10/2024 3:00:00 CH,3.6,326905.8,7.3,7.1
6871,16:00:00,13/10/2024 4:00:00 CH,3.9,326916.6,10.8,10.5
6872,17:00:00,13/10/2024 5:00:00 CH,3.2,326928.5,11.9,10.7
6873,18:00:00,13/10/2024 6:00:00 CH,3.3,326944.4,15.9,16.4
6874,19:00:00,13/10/2024 7:00:00 CH,3.6,326960.5,16.1,16.3
6875,20:00:00,13/10/2024 8:00:00 CH,3.5,326972.9,12.4,12.5
6876,21:00:00,13/10/2024 9:00:00 CH,3.4,326983.9,11.0,10.2
6877,22:00:00,13/10/2024 10:00:00 CH,3.3,326995.4,11.5,11.8
6878,23:00:00,13/10/2024 11:00:00 CH,3.0,327004.9,9.5,9.3
6879,00:00:00,14/10/2024 12:00:00 SA,3.0,327010.3,5.4,5.6
6880,01:00:00,14/10/2024 1:00:00 SA,3.0,327013.0,2.7,2.7
6881,02:00:00,14/10/2024 2:00:00 SA,3.0,327016.0,3.0,2.7
6882,03:00:00,14/10/2024 3:00:00 SA,3.1,327018.5,2.5,2.1
6883,04:00:00,14/10/2024 4:00:00 SA,3.1,327021.7,3.2,3.3
6884,05:00:00,14/10/2024 5:00:00 SA,3.2,327024.4,2.7,2.3
6885,06:00:00,14/10/2024 6:00:00 SA,3.6,327033.1,8.7,9.0
6886,07:00:00,14/10/2024 7:00:00 SA,3.6,327045.6,12.5,12.5
6887,08:00:00,14/10/2024 8:00:00 SA,3.6,327057.3,11.7,11.9
6888,09:00:00,14/10/2024 9:00:00 SA,3.6,327066.2,8.9,8.8
6889,10:00:00,14/10/2024 10:00:00 SA,3.5,327074.6,8.4,9.2
6890,11:00:00,14/10/2024 11:00:00 SA,3.6,327081.7,7.1,6.6
6891,12:00:00,14/10/2024 12:00:00 CH,3.6,327089.4,7.7,7.1
6892,13:00:00,14/10/2024 1:00:00 CH,3.7,327096.4,7.0,6.5
6893,14:00:00,14/10/2024 2:00:00 CH,3.5,327101.8,5.4,4.9
6894,15:00:00,14/10/2024 3:00:00 CH,3.5,327109.7,7.9,7.9
6895,16:00:00,14/10/2024 4:00:00 CH,3.8,327117.7,8.0,7.3
6896,17:00:00,14/10/2024 5:00:00 CH,3.7,327125.4,7.7,7.9
6897,18:00:00,14/10/2024 6:00:00 CH,3.2,327139.8,14.4,14.0
6898,19:00:00,14/10/2024 7:00:00 CH,3.5,327157.1,17.3,17.4
6899,20:00:00,14/10/2024 8:00:00 CH,3.7,327171.7,14.6,14.2
6900,21:00:00,14/10/2024 9:00:00 CH,3.5,327183.8,12.1,12.1
6901,22:00:00,14/10/2024 10:00:00 CH,3.4,327193.1,9.3,9.5
6902,23:00:00,14/10/2024 11:00:00 CH,3.3,327203.4,10.3,10.6
6903,00:00:00,15/10/2024 12:00:00 SA,3.2,327207.6,4.2,4.0
6904,01:00:00,15/10/2024 1:00:00 SA,3.2,327213.2,5.6,5.7
6905,02:00:00,15/10/2024 2:00:00 SA,3.2,327215.5,2.3,2.1
6906,03:00:00,15/10/2024 3:00:00 SA,3.2,327219.6,4.1,3.8
6907,04:00:00,15/10/2024 4:00:00 SA,3.4,327222.0,2.4,2.3
6908,05:00:00,15/10/2024 5:00:00 SA,3.3,327226.1,4.1,3.7
6909,06:00:00,15/10/2024 6:00:00 SA,3.5,327233.7,7.6,7.6
6910,07:00:00,15/10/2024 7:00:00 SA,3.4,327249.1,15.4,15.2
6911,08:00:00,15/10/2024 8:00:00 SA,3.4,327259.4,10.3,15.0
6912,09:00:00,15/10/2024 9:00:00 SA,3.5,327276.3,16.9,13.5
6913,10:00:00,15/10/2024 10:00:00 SA,3.5,327283.9,7.6,7.3
6914,11:00:00,15/10/2024 11:00:00 SA,3.5,327292.2,8.3,8.1
6915,12:00:00,15/10/2024 12:00:00 CH,3.5,327301.0,8.8,8.4
6916,13:00:00,15/10/2024 1:00:00 CH,3.3,327307.2,6.2,5.9
6917,14:00:00,15/10/2024 2:00:00 CH,3.3,327314.5,7.3,7.1
6918,15:00:00,15/10/2024 3:00:00 CH,3.3,327322.7,8.2,8.5
6919,16:00:00,15/10/2024 4:00:00 CH,3.5,327328.8,6.1,5.8
6920,17:00:00,15/10/2024 5:00:00 CH,3.5,327335.4,6.6,6.2
6921,18:00:00,15/10/2024 6:00:00 CH,3.0,327347.8,12.4,12.2
6922,19:00:00,15/10/2024 7:00:00 CH,3.2,327363.5,15.7,15.7
6923,20:00:00,15/10/2024 8:00:00 CH,3.5,327379.0,15.5,14.5
6924,21:00:00,15/10/2024 9:00:00 CH,3.3,327390.5,11.5,11.0
6925,22:00:00,15/10/2024 10:00:00 CH,3.5,327400.7,10.2,9.8
6926,23:00:00,15/10/2024 11:00:00 CH,3.5,327404.2,3.5,12.5
6927,00:00:00,16/10/2024 12:00:00 SA,3.1,327413.9,9.7,4.0
6928,01:00:00,16/10/2024 1:00:00 SA,3.2,327418.7,4.8,4.4
6929,02:00:00,16/10/2024 2:00:00 SA,3.2,327420.1,1.4,1.4
6930,03:00:00,16/10/2024 3:00:00 SA,3.2,327424.0,3.9,3.4
6931,04:00:00,16/10/2024 4:00:00 SA,3.2,327425.5,1.5,1.5
6932,05:00:00,16/10/2024 5:00:00 SA,3.1,327429.6,4.1,3.9
6933,06:00:00,16/10/2024 6:00:00 SA,3.1,327435.4,5.8,5.9
6934,07:00:00,16/10/2024 7:00:00 SA,3.4,327448.9,13.5,13.8
6935,08:00:00,16/10/2024 8:00:00 SA,3.5,327461.6,12.7,12.5
6936,09:00:00,16/10/2024 9:00:00 SA,3.2,327470.5,8.9,8.8
6937,10:00:00,16/10/2024 10:00:00 SA,3.2,327479.5,9.0,9.0
6938,11:00:00,16/10/2024 11:00:00 SA,3.2,327489.8,10.3,10.3
6939,12:00:00,16/10/2024 12:00:00 CH,3.1,327498.3,8.5,8.0
6940,13:00:00,16/10/2024 1:00:00 CH,3.3,327504.4,6.1,6.3
6941,14:00:00,16/10/2024 2:00:00 CH,3.3,327510.6,6.2,6.1
6942,15:00:00,16/10/2024 3:00:00 CH,3.4,327517.4,6.8,6.5
6943,16:00:00,16/10/2024 4:00:00 CH,3.6,327522.4,5.0,4.8
6944,17:00:00,16/10/2024 5:00:00 CH,3.5,327530.5,8.1,8.0
6945,18:00:00,16/10/2024 6:00:00 CH,2.9,327543.9,13.4,13.7
6946,19:00:00,16/10/2024 7:00:00 CH,3.2,327560.5,16.6,16.8
6947,20:00:00,16/10/2024 8:00:00 CH,3.4,327573.8,13.3,13.0
6948,21:00:00,16/10/2024 9:00:00 CH,3.6,327585.6,11.8,12.2
6949,22:00:00,16/10/2024 10:00:00 CH,3.4,327597.1,11.5,11.7
6950,23:00:00,16/10/2024 11:00:00 CH,3.3,327606.2,9.1,10.2
6951,00:00:00,17/10/2024 12:00:00 SA,2.9,327609.4,3.2,3.7
6952,01:00:00,17/10/2024 1:00:00 SA,2.9,327614.3,4.9,4.8
6953,02:00:00,17/10/2024 2:00:00 SA,2.9,327615.9,1.6,1.7
6954,03:00:00,17/10/2024 3:00:00 SA,2.9,327618.8,2.9,3.0
6955,04:00:00,17/10/2024 4:00:00 SA,3.2,327621.2,2.4,2.2
6956,05:00:00,17/10/2024 5:00:00 SA,3.3,327623.7,2.5,2.7
6957,06:00:00,17/10/2024 6:00:00 SA,3.2,327632.0,8.3,7.2
6958,07:00:00,17/10/2024 7:00:00 SA,3.6,327643.9,11.9,12.0
6959,08:00:00,17/10/2024 8:00:00 SA,3.5,327657.3,13.4,13.4
6960,09:00:00,17/10/2024 9:00:00 SA,3.5,327668.7,11.4,12.2
6961,10:00:00,17/10/2024 10:00:00 SA,3.6,327677.9,9.2,9.5
6962,11:00:00,17/10/2024 11:00:00 SA,3.5,327685.4,7.5,7.9
6963,12:00:00,17/10/2024 12:00:00 CH,3.3,327693.8,8.4,7.2
6964,13:00:00,17/10/2024 1:00:00 CH,3.4,327700.5,6.7,7.0
6965,14:00:00,17/10/2024 2:00:00 CH,3.3,327711.5,11.0,10.7
6966,15:00:00,17/10/2024 3:00:00 CH,3.2,327721.8,10.3,10.3
6967,16:00:00,17/10/2024 4:00:00 CH,3.3,327729.9,8.1,8.1
6968,17:00:00,17/10/2024 5:00:00 CH,3.4,327738.2,8.3,8.5
6969,18:00:00,17/10/2024 6:00:00 CH,2.9,327751.8,13.6,13.2
6970,19:00:00,17/10/2024 7:00:00 CH,3.1,327768.6,16.8,17.4
6971,20:00:00,17/10/2024 8:00:00 CH,3.3,327780.9,12.3,13.4
6972,21:00:00,17/10/2024 9:00:00 CH,3.2,327791.9,11.0,10.9
6973,22:00:00,17/10/2024 10:00:00 CH,3.7,327801.6,9.7,9.2
6974,23:00:00,17/10/2024 11:00:00 CH,3.4,327810.5,8.9,8.7
6975,00:00:00,18/10/2024 12:00:00 SA,2.9,327817.3,6.8,6.6
6976,01:00:00,18/10/2024 1:00:00 SA,3.1,327819.6,2.3,2.2
6977,02:00:00,18/10/2024 2:00:00 SA,3.0,327822.8,3.2,3.2
6978,03:00:00,18/10/2024 3:00:00 SA,3.0,327825.8,3.0,2.6
6979,04:00:00,18/10/2024 4:00:00 SA,3.0,327828.7,2.9,2.8
6980,05:00:00,18/10/2024 5:00:00 SA,3.3,327831.4,2.7,2.6
6981,06:00:00,18/10/2024 6:00:00 SA,3.1,327839.7,8.3,8.5
6982,07:00:00,18/10/2024 7:00:00 SA,3.3,327852.6,12.9,12.5
6983,08:00:00,18/10/2024 8:00:00 SA,3.6,327866.5,13.9,13.9
6984,09:00:00,18/10/2024 9:00:00 SA,3.6,327881.6,15.1,14.8
6985,10:00:00,18/10/2024 10:00:00 SA,3.5,327891.6,10.0,9.8
6986,11:00:00,18/10/2024 11:00:00 SA,3.5,327900.8,9.2,10.2
6987,12:00:00,18/10/2024 12:00:00 CH,3.4,327908.7,7.9,7.7
6988,13:00:00,18/10/2024 1:00:00 CH,3.3,327915.4,6.7,6.8
6989,14:00:00,18/10/2024 2:00:00 CH,3.3,327925.1,9.7,9.0
6990,15:00:00,18/10/2024 3:00:00 CH,3.2,327931.1,6.0,6.3
6991,16:00:00,18/10/2024 4:00:00 CH,3.3,327937.3,6.2,6.3
6992,17:00:00,18/10/2024 5:00:00 CH,3.3,327945.3,8.0,7.3
6993,18:00:00,18/10/2024 6:00:00 CH,2.9,327960.0,14.7,13.9
6994,19:00:00,18/10/2024 7:00:00 CH,3.2,327978.6,18.6,19.2
6995,20:00:00,18/10/2024 8:00:00 CH,3.4,327992.0,13.4,13.7
6996,21:00:00,18/10/2024 9:00:00 CH,3.4,328002.3,10.3,10.0
6997,22:00:00,18/10/2024 10:00:00 CH,3.5,328012.9,10.6,10.5
6998,23:00:00,18/10/2024 11:00:00 CH,3.5,328021.1,8.2,8.1
6999,00:00:00,19/10/2024 12:00:00 SA,3.4,328027.9,6.8,7.1
7000,01:00:00,19/10/2024 1:00:00 SA,2.9,328029.7,1.8,1.8
7001,02:00:00,19/10/2024 2:00:00 SA,3.0,328031.5,1.8,1.8
7002,03:00:00,19/10/2024 3:00:00 SA,3.0,328033.3,1.8,1.6
7003,04:00:00,19/10/2024 4:00:00 SA,2.9,328035.4,2.1,1.8
7004,05:00:00,19/10/2024 5:00:00 SA,3.2,328038.3,2.9,2.9
7005,06:00:00,19/10/2024 6:00:00 SA,3.3,328047.0,8.7,8.6
7006,07:00:00,19/10/2024 7:00:00 SA,3.5,328059.5,12.5,12.4
7007,08:00:00,19/10/2024 8:00:00 SA,3.5,328073.3,13.8,14.0
7008,09:00:00,19/10/2024 9:00:00 SA,3.6,328086.7,13.4,13.4
7009,10:00:00,19/10/2024 10:00:00 SA,3.5,328099.9,13.2,13.1
7010,11:00:00,19/10/2024 11:00:00 SA,3.4,328111.2,11.3,10.8
7011,12:00:00,19/10/2024 12:00:00 CH,3.5,328120.9,9.7,10.7
7012,13:00:00,19/10/2024 1:00:00 CH,3.4,328129.6,8.7,8.1
7013,14:00:00,19/10/2024 2:00:00 CH,3.3,328138.2,8.6,9.0
7014,15:00:00,19/10/2024 3:00:00 CH,3.3,328145.3,7.1,6.5
7015,16:00:00,19/10/2024 4:00:00 CH,3.6,328156.2,10.9,11.0
7016,17:00:00,19/10/2024 5:00:00 CH,3.5,328168.8,12.6,11.6
7017,18:00:00,19/10/2024 6:00:00 CH,3.1,328184.7,15.9,15.6
7018,19:00:00,19/10/2024 7:00:00 CH,3.5,328201.6,16.9,17.5
7019,20:00:00,19/10/2024 8:00:00 CH,3.3,328211.9,10.3,10.0
7020,21:00:00,19/10/2024 9:00:00 CH,3.3,328221.2,9.3,9.4
7021,22:00:00,19/10/2024 10:00:00 CH,3.3,328231.0,9.8,9.0
7022,23:00:00,19/10/2024 11:00:00 CH,1.1,328240.4,9.4,10.2
7023,00:00:00,20/10/2024 12:00:00 SA,3.0,328245.6,5.2,5.4
7024,01:00:00,20/10/2024 1:00:00 SA,3.0,328250.4,4.8,5.0
7025,02:00:00,20/10/2024 2:00:00 SA,3.0,328253.3,2.9,2.8
7026,03:00:00,20/10/2024 3:00:00 SA,3.0,328256.7,3.4,3.6
7027,04:00:00,20/10/2024 4:00:00 SA,3.0,328260.2,3.5,3.5
7028,05:00:00,20/10/2024 5:00:00 SA,3.0,328262.6,2.4,2.4
7029,06:00:00,20/10/2024 6:00:00 SA,3.6,328268.5,5.9,5.0
7030,07:00:00,20/10/2024 7:00:00 SA,3.6,328279.4,10.9,11.0
7031,08:00:00,20/10/2024 8:00:00 SA,3.6,328294.0,14.6,14.4
7032,09:00:00,20/10/2024 9:00:00 SA,3.5,328307.7,13.7,12.9
7033,10:00:00,20/10/2024 10:00:00 SA,3.5,328318.2,10.5,10.6
7034,11:00:00,20/10/2024 11:00:00 SA,3.5,328330.7,12.5,11.8
7035,12:00:00,20/10/2024 12:00:00 CH,3.6,328339.1,8.4,7.9
7036,13:00:00,20/10/2024 1:00:00 CH,3.6,328346.0,6.9,6.9
7037,14:00:00,20/10/2024 2:00:00 CH,3.3,328353.8,7.8,7.2
7038,15:00:00,20/10/2024 3:00:00 CH,3.5,328361.7,7.9,8.0
7039,16:00:00,20/10/2024 4:00:00 CH,3.4,328370.5,8.8,8.3
7040,17:00:00,20/10/2024 5:00:00 CH,3.5,328387.8,17.3,17.0
7041,18:00:00,20/10/2024 6:00:00 CH,2.9,328406.9,19.1,19.1
7042,19:00:00,20/10/2024 7:00:00 CH,3.5,328423.8,16.9,16.7
7043,20:00:00,20/10/2024 8:00:00 CH,3.4,328435.5,11.7,12.5
7044,21:00:00,20/10/2024 9:00:00 CH,3.4,328447.1,11.6,10.9
7045,22:00:00,20/10/2024 10:00:00 CH,3.3,328456.0,8.9,9.9
7046,23:00:00,20/10/2024 11:00:00 CH,3.3,328465.7,9.7,9.4
7047,00:00:00,21/10/2024 12:00:00 SA,2.9,328469.3,3.6,4.0
7048,01:00:00,21/10/2024 1:00:00 SA,2.9,328472.4,3.1,2.5
7049,02:00:00,21/10/2024 2:00:00 SA,2.9,328474.1,1.7,1.7
7050,03:00:00,21/10/2024 3:00:00 SA,3.0,328476.3,2.2,2.0
7051,04:00:00,21/10/2024 4:00:00 SA,3.2,328478.9,2.6,2.8
7052,05:00:00,21/10/2024 5:00:00 SA,3.3,328481.1,2.2,2.3
7053,06:00:00,21/10/2024 6:00:00 SA,3.4,328487.2,6.1,5.7
7054,07:00:00,21/10/2024 7:00:00 SA,3.6,328502.2,15.0,15.1
7055,08:00:00,21/10/2024 8:00:00 SA,3.6,328512.1,9.9,10.0
7056,09:00:00,21/10/2024 9:00:00 SA,3.6,328522.0,9.9,9.7
7057,10:00:00,21/10/2024 10:00:00 SA,3.6,328531.4,9.4,8.9
7058,11:00:00,21/10/2024 11:00:00 SA,3.6,328544.5,13.1,13.3
7059,12:00:00,21/10/2024 12:00:00 CH,3.6,328555.1,10.6,10.1
7060,13:00:00,21/10/2024 1:00:00 CH,3.5,328561.8,6.7,7.0
7061,14:00:00,21/10/2024 2:00:00 CH,0.0,328569.5,7.7,7.9
7062,15:00:00,21/10/2024 3:00:00 CH,3.5,328575.9,6.4,5.9
7063,16:00:00,21/10/2024 4:00:00 CH,3.7,328583.4,7.5,7.0
7064,17:00:00,21/10/2024 5:00:00 CH,3.6,328591.2,7.8,8.0
7065,18:00:00,21/10/2024 6:00:00 CH,3.1,328606.1,14.9,14.4
7066,19:00:00,21/10/2024 7:00:00 CH,3.4,328622.5,16.4,16.5
7067,20:00:00,21/10/2024 8:00:00 CH,3.5,328636.7,14.2,14.8
7068,21:00:00,21/10/2024 9:00:00 CH,3.4,328648.4,11.7,11.9
7069,22:00:00,21/10/2024 10:00:00 CH,3.3,328657.9,9.5,9.8
7070,23:00:00,21/10/2024 11:00:00 CH,3.4,328666.0,8.1,8.1
7071,00:00:00,22/10/2024 12:00:00 SA,3.0,328670.8,4.8,5.0
7072,01:00:00,22/10/2024 1:00:00 SA,2.9,328673.7,2.9,2.9
7073,02:00:00,22/10/2024 2:00:00 SA,3.0,328675.7,2.0,1.9
7074,03:00:00,22/10/2024 3:00:00 SA,3.0,328678.5,2.8,2.5
7075,04:00:00,22/10/2024 4:00:00 SA,3.0,328680.5,2.0,2.0
7076,05:00:00,22/10/2024 5:00:00 SA,3.3,328682.9,2.4,2.3
7077,06:00:00,22/10/2024 6:00:00 SA,3.4,328689.6,6.7,6.1
7078,07:00:00,22/10/2024 7:00:00 SA,3.6,328704.4,14.8,15.1
7079,08:00:00,22/10/2024 8:00:00 SA,3.6,328719.1,14.7,15.3
7080,09:00:00,22/10/2024 9:00:00 SA,3.6,328731.3,12.2,12.7
7081,10:00:00,22/10/2024 10:00:00 SA,3.6,328739.2,7.9,7.4
7082,11:00:00,22/10/2024 11:00:00 SA,3.6,328746.9,7.7,7.7
7083,12:00:00,22/10/2024 12:00:00 CH,3.5,328756.2,9.3,9.3
7084,13:00:00,22/10/2024 1:00:00 CH,3.4,328762.3,6.1,6.4
7085,14:00:00,22/10/2024 2:00:00 CH,3.4,328767.7,5.4,5.5
7086,15:00:00,22/10/2024 3:00:00 CH,3.6,328773.9,6.2,6.5
7087,16:00:00,22/10/2024 4:00:00 CH,3.6,328782.7,8.8,9.0
7088,17:00:00,22/10/2024 5:00:00 CH,3.6,328791.4,8.7,8.7
7089,18:00:00,22/10/2024 6:00:00 CH,2.9,328805.4,14.0,14.0
7090,19:00:00,22/10/2024 7:00:00 CH,3.3,328822.7,17.3,16.4
7091,20:00:00,22/10/2024 8:00:00 CH,3.5,328836.2,13.5,13.9
7092,21:00:00,22/10/2024 9:00:00 CH,3.3,328848.7,12.5,12.6
7093,22:00:00,22/10/2024 10:00:00 CH,3.5,328859.1,10.4,9.9
7094,23:00:00,22/10/2024 11:00:00 CH,3.3,328868.8,9.7,8.8
7095,00:00:00,23/10/2024 12:00:00 SA,3.0,328874.5,5.7,5.1
7096,01:00:00,23/10/2024 1:00:00 SA,3.0,328877.2,2.7,2.6
7097,02:00:00,23/10/2024 2:00:00 SA,3.0,328880.8,3.6,3.8
7098,03:00:00,23/10/2024 3:00:00 SA,3.1,328884.6,3.8,3.5
7099,04:00:00,23/10/2024 4:00:00 SA,3.0,328886.9,2.3,2.2
7100,05:00:00,23/10/2024 5:00:00 SA,3.3,328889.5,2.6,2.2
7101,06:00:00,23/10/2024 6:00:00 SA,3.6,328895.6,6.1,5.5
7102,07:00:00,23/10/2024 7:00:00 SA,3.6,328908.8,13.2,13.0
7103,08:00:00,23/10/2024 8:00:00 SA,3.5,328922.2,13.4,12.2
7104,09:00:00,23/10/2024 9:00:00 SA,3.5,328935.3,13.1,13.4
7105,10:00:00,23/10/2024 10:00:00 SA,3.5,328941.5,6.2,6.2
7106,11:00:00,23/10/2024 11:00:00 SA,3.5,328948.5,7.0,7.4
7107,12:00:00,23/10/2024 12:00:00 CH,3.5,328956.0,7.5,8.3
7108,13:00:00,23/10/2024 1:00:00 CH,3.4,328965.4,9.4,9.2
7109,14:00:00,23/10/2024 2:00:00 CH,3.4,328973.4,8.0,7.4
7110,15:00:00,23/10/2024 3:00:00 CH,3.3,328982.9,9.5,9.4
7111,16:00:00,23/10/2024 4:00:00 CH,3.6,328992.6,9.7,9.6
7112,17:00:00,23/10/2024 5:00:00 CH,3.5,329002.2,9.6,9.2
7113,18:00:00,23/10/2024 6:00:00 CH,2.9,329015.2,13.0,12.5
7114,19:00:00,23/10/2024 7:00:00 CH,3.2,329031.1,15.9,14.9
7115,20:00:00,23/10/2024 8:00:00 CH,3.4,329043.9,12.8,13.7
7116,21:00:00,23/10/2024 9:00:00 CH,3.3,329056.2,12.3,11.5
7117,22:00:00,23/10/2024 10:00:00 CH,3.5,329066.9,10.7,10.7
7118,23:00:00,23/10/2024 11:00:00 CH,3.4,329078.3,11.4,11.4
7119,00:00:00,24/10/2024 12:00:00 SA,2.9,329084.6,6.3,6.2
7120,01:00:00,24/10/2024 1:00:00 SA,3.0,329087.1,2.5,2.7
7121,02:00:00,24/10/2024 2:00:00 SA,2.9,329090.6,3.5,3.4
7122,03:00:00,24/10/2024 3:00:00 SA,3.0,329093.4,2.8,2.5
7123,04:00:00,24/10/2024 4:00:00 SA,3.2,329095.7,2.3,2.1
7124,05:00:00,24/10/2024 5:00:00 SA,3.4,329098.1,2.4,2.7
7125,06:00:00,24/10/2024 6:00:00 SA,3.4,329105.3,7.2,6.7
7126,07:00:00,24/10/2024 7:00:00 SA,3.4,329118.3,13.0,13.7
7127,08:00:00,24/10/2024 8:00:00 SA,3.5,329127.9,9.6,9.0
7128,09:00:00,24/10/2024 9:00:00 SA,3.6,329137.0,9.1,9.2
7129,10:00:00,24/10/2024 10:00:00 SA,3.5,329144.6,7.6,6.8
7130,11:00:00,24/10/2024 11:00:00 SA,3.5,329155.8,11.2,10.8
7131,12:00:00,24/10/2024 12:00:00 CH,3.5,329166.9,11.1,11.4
7132,13:00:00,24/10/2024 1:00:00 CH,3.4,329174.2,7.3,7.3
7133,14:00:00,24/10/2024 2:00:00 CH,3.4,329182.5,8.3,8.0
7134,15:00:00,24/10/2024 3:00:00 CH,3.4,329188.7,6.2,6.0
7135,16:00:00,24/10/2024 4:00:00 CH,3.6,329196.1,7.4,7.4
7136,17:00:00,24/10/2024 5:00:00 CH,3.4,329203.8,7.7,7.6
7137,18:00:00,24/10/2024 6:00:00 CH,3.0,329217.2,13.4,12.7
7138,19:00:00,24/10/2024 7:00:00 CH,3.3,329233.5,16.3,16.9
7139,20:00:00,24/10/2024 8:00:00 CH,3.5,329246.4,12.9,12.5
7140,21:00:00,24/10/2024 9:00:00 CH,3.4,329259.1,12.7,12.9
7141,22:00:00,24/10/2024 10:00:00 CH,3.6,329270.4,11.3,10.9
7142,23:00:00,24/10/2024 11:00:00 CH,3.3,329279.4,9.0,9.0
7143,00:00:00,25/10/2024 12:00:00 SA,2.9,329285.1,5.7,5.3
7144,01:00:00,25/10/2024 1:00:00 SA,3.0,329287.5,2.4,2.2
7145,02:00:00,25/10/2024 2:00:00 SA,2.9,329290.7,3.2,2.9
7146,03:00:00,25/10/2024 3:00:00 SA,3.0,329294.4,3.7,3.4
7147,04:00:00,25/10/2024 4:00:00 SA,3.3,329297.3,2.9,3.0
7148,05:00:00,25/10/2024 5:00:00 SA,3.4,329299.8,2.5,2.3
7149,06:00:00,25/10/2024 6:00:00 SA,3.4,329306.4,6.6,6.1
7150,07:00:00,25/10/2024 7:00:00 SA,3.2,329319.5,13.1,13.5
7151,08:00:00,25/10/2024 8:00:00 SA,0.0,329331.7,12.2,12.4
7152,09:00:00,25/10/2024 9:00:00 SA,3.4,329331.9,0.2,7.9
7153,10:00:00,25/10/2024 10:00:00 SA,3.4,329331.9,0.0,8.6
7154,11:00:00,25/10/2024 11:00:00 SA,3.4,329331.9,0.0,8.6
7155,12:00:00,25/10/2024 12:00:00 CH,3.4,329331.9,0.0,8.6
7156,13:00:00,25/10/2024 1:00:00 CH,3.4,329331.9,0.0,8.6
7157,14:00:00,25/10/2024 2:00:00 CH,3.4,329331.9,0.0,8.6
7158,15:00:00,25/10/2024 3:00:00 CH,3.4,329331.9,0.0,8.6
7159,16:00:00,25/10/2024 4:00:00 CH,3.3,329336.6,4.7,9.1
7160,17:00:00,25/10/2024 5:00:00 CH,3.3,329347.0,10.4,10.2
7161,18:00:00,25/10/2024 6:00:00 CH,3.0,329360.4,13.4,13.7
7162,19:00:00,25/10/2024 7:00:00 CH,3.3,329376.7,16.3,17.0
7163,20:00:00,25/10/2024 8:00:00 CH,3.3,329390.1,13.4,13.1
7164,21:00:00,25/10/2024 9:00:00 CH,3.5,329401.1,11.0,10.8
7165,22:00:00,25/10/2024 10:00:00 CH,3.5,329411.7,10.6,10.7
7166,23:00:00,25/10/2024 11:00:00 CH,3.4,329421.4,9.7,10.1
7167,00:00:00,26/10/2024 12:00:00 SA,2.9,329427.5,6.1,6.4
7168,01:00:00,26/10/2024 1:00:00 SA,2.9,329430.6,3.1,3.0
7169,02:00:00,26/10/2024 2:00:00 SA,2.9,329434.2,3.6,3.6
7170,03:00:00,26/10/2024 3:00:00 SA,3.0,329437.5,3.3,3.5
7171,04:00:00,26/10/2024 4:00:00 SA,3.0,329439.6,2.1,1.9
7172,05:00:00,26/10/2024 5:00:00 SA,3.4,329442.5,2.9,2.6
7173,06:00:00,26/10/2024 6:00:00 SA,3.4,329448.0,5.5,5.3
7174,07:00:00,26/10/2024 7:00:00 SA,3.4,329461.1,13.1,13.0
7175,08:00:00,26/10/2024 8:00:00 SA,3.5,329476.7,15.6,15.5
7176,09:00:00,26/10/2024 9:00:00 SA,3.5,329489.2,12.5,12.4
7177,10:00:00,26/10/2024 10:00:00 SA,3.6,329497.8,8.6,9.3
7178,11:00:00,26/10/2024 11:00:00 SA,3.5,329508.1,10.3,10.2
7179,12:00:00,26/10/2024 12:00:00 CH,3.5,329517.0,8.9,9.4
7180,13:00:00,26/10/2024 1:00:00 CH,3.4,329525.3,8.3,8.7
7181,14:00:00,26/10/2024 2:00:00 CH,3.4,329534.1,8.8,8.2
7182,15:00:00,26/10/2024 3:00:00 CH,3.4,329545.6,11.5,11.1
7183,16:00:00,26/10/2024 4:00:00 CH,3.4,329556.6,11.0,11.1
7184,17:00:00,26/10/2024 5:00:00 CH,3.2,329566.6,10.0,9.5
7185,18:00:00,26/10/2024 6:00:00 CH,3.0,329581.2,14.6,14.3
7186,19:00:00,26/10/2024 7:00:00 CH,3.3,329596.3,15.1,15.9
7187,20:00:00,26/10/2024 8:00:00 CH,3.3,329608.6,12.3,12.7
7188,21:00:00,26/10/2024 9:00:00 CH,3.5,329619.1,10.5,10.8
7189,22:00:00,26/10/2024 10:00:00 CH,3.5,329627.8,8.7,8.7
7190,23:00:00,26/10/2024 11:00:00 CH,3.3,329637.4,9.6,9.4
7191,00:00:00,27/10/2024 12:00:00 SA,3.1,329644.3,6.9,7.2
7192,01:00:00,27/10/2024 1:00:00 SA,3.0,329647.2,2.9,2.9
7193,02:00:00,27/10/2024 2:00:00 SA,3.0,329649.6,2.4,2.3
7194,03:00:00,27/10/2024 3:00:00 SA,3.0,329653.1,3.5,3.5
7195,04:00:00,27/10/2024 4:00:00 SA,2.9,329655.9,2.8,2.4
7196,05:00:00,27/10/2024 5:00:00 SA,3.3,329658.7,2.8,2.6
7197,06:00:00,27/10/2024 6:00:00 SA,3.6,329663.4,4.7,4.9
7198,07:00:00,27/10/2024 7:00:00 SA,3.5,329672.7,9.3,9.8
7199,08:00:00,27/10/2024 8:00:00 SA,3.5,329686.0,13.3,12.9
7200,09:00:00,27/10/2024 9:00:00 SA,3.5,329698.4,12.4,11.6
7201,10:00:00,27/10/2024 10:00:00 SA,3.5,329711.7,13.3,12.3
7202,11:00:00,27/10/2024 11:00:00 SA,3.5,329722.2,10.5,10.3
7203,12:00:00,27/10/2024 12:00:00 CH,3.6,329731.8,9.6,9.5
7204,13:00:00,27/10/2024 1:00:00 CH,3.5,329738.8,7.0,6.4
7205,14:00:00,27/10/2024 2:00:00 CH,3.4,329744.7,5.9,5.8
7206,15:00:00,27/10/2024 3:00:00 CH,3.4,329753.5,8.8,8.1
7207,16:00:00,27/10/2024 4:00:00 CH,3.4,329761.4,7.9,7.2
7208,17:00:00,27/10/2024 5:00:00 CH,3.6,329771.9,10.5,11.0
7209,18:00:00,27/10/2024 6:00:00 CH,3.4,329786.3,14.4,13.7
7210,19:00:00,27/10/2024 7:00:00 CH,3.5,329801.9,15.6,16.3
7211,20:00:00,27/10/2024 8:00:00 CH,3.4,329815.3,13.4,13.2
7212,21:00:00,27/10/2024 9:00:00 CH,3.5,329826.4,11.1,10.4
7213,22:00:00,27/10/2024 10:00:00 CH,3.4,329835.4,9.0,8.5
7214,23:00:00,27/10/2024 11:00:00 CH,3.3,329844.0,8.6,8.9
7215,00:00:00,28/10/2024 12:00:00 SA,3.0,329849.2,5.2,5.1
7216,01:00:00,28/10/2024 1:00:00 SA,3.0,329851.3,2.1,2.5
7217,02:00:00,28/10/2024 2:00:00 SA,3.0,329853.4,2.1,1.7
7218,03:00:00,28/10/2024 3:00:00 SA,3.0,329856.3,2.9,2.8
7219,04:00:00,28/10/2024 4:00:00 SA,3.1,329859.4,3.1,2.8
7220,05:00:00,28/10/2024 5:00:00 SA,3.2,329861.8,2.4,2.5
7221,06:00:00,28/10/2024 6:00:00 SA,3.3,329868.1,6.3,5.7
7222,07:00:00,28/10/2024 7:00:00 SA,3.5,329879.5,11.4,11.1
7223,08:00:00,28/10/2024 8:00:00 SA,3.7,329891.9,12.4,12.4
7224,09:00:00,28/10/2024 9:00:00 SA,3.6,329903.7,11.8,11.7
7225,10:00:00,28/10/2024 10:00:00 SA,3.7,329910.5,6.8,6.8
7226,11:00:00,28/10/2024 11:00:00 SA,3.7,329918.3,7.8,7.5
7227,12:00:00,28/10/2024 12:00:00 CH,3.6,329926.9,8.6,8.0
7228,13:00:00,28/10/2024 1:00:00 CH,3.5,329933.7,6.8,6.9
7229,14:00:00,28/10/2024 2:00:00 CH,3.2,329940.6,6.9,6.4
7230,15:00:00,28/10/2024 3:00:00 CH,3.3,329942.6,2.0,10.3
7231,16:00:00,28/10/2024 4:00:00 CH,3.3,329952.2,9.6,9.2
7232,17:00:00,28/10/2024 5:00:00 CH,3.4,329959.9,7.7,7.7
7233,18:00:00,28/10/2024 6:00:00 CH,3.3,329969.9,10.0,9.5
7234,19:00:00,28/10/2024 7:00:00 CH,3.4,329975.6,5.7,10.4
7235,20:00:00,28/10/2024 8:00:00 CH,3.5,329988.8,13.2,12.5
7236,21:00:00,28/10/2024 9:00:00 CH,3.3,330002.2,13.4,13.0
7237,22:00:00,28/10/2024 10:00:00 CH,3.4,330014.5,12.3,11.6
7238,23:00:00,28/10/2024 11:00:00 CH,3.3,330023.1,8.6,8.7
7239,00:00:00,29/10/2024 12:00:00 SA,3.0,330028.3,5.2,5.2
7240,01:00:00,29/10/2024 1:00:00 SA,3.0,330032.1,3.8,3.7
7241,02:00:00,29/10/2024 2:00:00 SA,3.0,330034.2,2.1,2.0
7242,03:00:00,29/10/2024 3:00:00 SA,3.0,330037.0,2.8,2.8
7243,04:00:00,29/10/2024 4:00:00 SA,3.0,330038.6,1.6,1.5
7244,05:00:00,29/10/2024 5:00:00 SA,3.3,330041.5,2.9,2.5
7245,06:00:00,29/10/2024 6:00:00 SA,3.5,330047.3,5.8,5.5
7246,07:00:00,29/10/2024 7:00:00 SA,3.5,330058.0,10.7,9.6
7247,08:00:00,29/10/2024 8:00:00 SA,3.6,330069.4,11.4,11.2
7248,09:00:00,29/10/2024 9:00:00 SA,3.7,330077.1,7.7,7.1
7249,10:00:00,29/10/2024 10:00:00 SA,3.5,330085.6,8.5,7.8
7250,11:00:00,29/10/2024 11:00:00 SA,3.6,330092.8,7.2,7.7
7251,12:00:00,29/10/2024 12:00:00 CH,3.5,330101.2,8.4,8.1
7252,13:00:00,29/10/2024 1:00:00 CH,3.4,330107.2,6.0,5.9
7253,14:00:00,29/10/2024 2:00:00 CH,3.3,330114.3,7.1,6.8
7254,15:00:00,29/10/2024 3:00:00 CH,3.4,330122.1,7.8,7.2
7255,16:00:00,29/10/2024 4:00:00 CH,3.4,330128.3,6.2,6.7
7256,17:00:00,29/10/2024 5:00:00 CH,3.5,330135.3,7.0,6.9
7257,18:00:00,29/10/2024 6:00:00 CH,3.2,330147.1,11.8,10.7
7258,19:00:00,29/10/2024 7:00:00 CH,3.4,330163.3,16.2,16.1
7259,20:00:00,29/10/2024 8:00:00 CH,3.5,330177.6,14.3,14.8
7260,21:00:00,29/10/2024 9:00:00 CH,3.3,330190.0,12.4,11.8
7261,22:00:00,29/10/2024 10:00:00 CH,0.8,330198.6,8.6,9.1
7262,23:00:00,29/10/2024 11:00:00 CH,3.0,330208.9,10.3,10.4
7263,00:00:00,30/10/2024 12:00:00 SA,2.7,330216.3,7.4,7.6
7264,01:00:00,30/10/2024 1:00:00 SA,2.5,330218.8,2.5,2.6
7265,02:00:00,30/10/2024 2:00:00 SA,2.6,330223.0,4.2,4.4
7266,03:00:00,30/10/2024 3:00:00 SA,2.6,330224.6,1.6,1.7
7267,04:00:00,30/10/2024 4:00:00 SA,2.4,330226.5,1.9,1.8
7268,05:00:00,30/10/2024 5:00:00 SA,2.4,330229.2,2.7,2.4
7269,06:00:00,30/10/2024 6:00:00 SA,3.0,330234.7,5.5,5.2
7270,07:00:00,30/10/2024 7:00:00 SA,3.0,330245.9,11.2,11.0
7271,08:00:00,30/10/2024 8:00:00 SA,3.1,330256.2,10.3,10.0
7272,09:00:00,30/10/2024 9:00:00 SA,3.3,330266.7,10.5,10.2
7273,10:00:00,30/10/2024 10:00:00 SA,3.1,330278.3,11.6,11.0
7274,11:00:00,30/10/2024 11:00:00 SA,0.0,0.0,-330278.3,7.9
7275,12:00:00,30/10/2024 12:00:00 CH,3.2,330295.2,330295.2,7.9
7276,13:00:00,30/10/2024 1:00:00 CH,3.2,330302.6,7.4,7.6
7277,14:00:00,30/10/2024 2:00:00 CH,3.2,330308.3,5.7,5.7
7278,15:00:00,30/10/2024 3:00:00 CH,3.1,330316.0,7.7,7.1
7279,16:00:00,30/10/2024 4:00:00 CH,3.3,330324.7,8.7,9.2
7280,17:00:00,30/10/2024 5:00:00 CH,3.5,330333.4,8.7,8.8
7281,18:00:00,30/10/2024 6:00:00 CH,3.1,330346.7,13.3,13.1
7282,19:00:00,30/10/2024 7:00:00 CH,3.2,330364.1,17.4,17.1
7283,20:00:00,30/10/2024 8:00:00 CH,3.1,330379.2,15.1,15.6
7284,21:00:00,30/10/2024 9:00:00 CH,3.3,330391.1,11.9,12.2
7285,22:00:00,30/10/2024 10:00:00 CH,3.4,330402.4,11.3,10.7
7286,23:00:00,30/10/2024 11:00:00 CH,3.1,330413.2,10.8,11.5
7287,00:00:00,31/10/2024 12:00:00 SA,2.9,330417.5,4.3,4.4
7288,01:00:00,31/10/2024 1:00:00 SA,3.0,330422.0,4.5,4.2
7289,02:00:00,31/10/2024 2:00:00 SA,3.0,330426.3,4.3,4.4
7290,03:00:00,31/10/2024 3:00:00 SA,2.9,330429.1,2.8,2.7
7291,04:00:00,31/10/2024 4:00:00 SA,3.1,330430.9,1.8,1.6
7292,05:00:00,31/10/2024 5:00:00 SA,3.3,330433.3,2.4,2.1
7293,06:00:00,31/10/2024 6:00:00 SA,3.3,330439.7,6.4,6.1
7294,07:00:00,31/10/2024 7:00:00 SA,3.3,330450.9,11.2,11.3
7295,08:00:00,31/10/2024 8:00:00 SA,3.5,330461.9,11.0,11.4
7296,09:00:00,31/10/2024 9:00:00 SA,3.5,330472.8,10.9,9.9
7297,10:00:00,31/10/2024 10:00:00 SA,3.4,330481.2,8.4,8.2
7298,11:00:00,31/10/2024 11:00:00 SA,3.4,330488.6,7.4,7.1
7299,12:00:00,31/10/2024 12:00:00 CH,3.5,330497.7,9.1,8.9
7300,13:00:00,31/10/2024 1:00:00 CH,3.3,330505.5,7.8,7.5
7301,14:00:00,31/10/2024 2:00:00 CH,3.3,330515.9,10.4,10.1
7302,15:00:00,31/10/2024 3:00:00 CH,3.4,330525.7,9.8,9.9
7303,16:00:00,31/10/2024 4:00:00 CH,3.6,330535.7,10.0,10.4
7304,17:00:00,31/10/2024 5:00:00 CH,3.4,330545.1,9.4,9.1
7305,18:00:00,31/10/2024 6:00:00 CH,3.0,330559.2,14.1,12.9
7306,19:00:00,31/10/2024 7:00:00 CH,3.2,330577.4,18.2,17.9
7307,20:00:00,31/10/2024 8:00:00 CH,3.3,330590.7,13.3,13.2
7308,21:00:00,31/10/2024 9:00:00 CH,3.3,330603.2,12.5,12.8
7309,22:00:00,31/10/2024 10:00:00 CH,3.4,330614.5,11.3,11.4
7310,23:00:00,31/10/2024 11:00:00 CH,3.3,330624.8,10.3,10.1
7311,00:00:00,01/11/2024 12:00:00 SA,2.9,330633.4,8.6,8.4
7312,01:00:00,01/11/2024 1:00:00 SA,2.9,330636.8,3.4,3.4
7313,02:00:00,01/11/2024 2:00:00 SA,2.9,330641.4,4.6,4.6
7314,03:00:00,01/11/2024 3:00:00 SA,2.9,330644.0,2.6,2.5
7315,04:00:00,01/11/2024 4:00:00 SA,2.9,330648.1,4.1,4.2
7316,05:00:00,01/11/2024 5:00:00 SA,3.1,330651.1,3.0,2.8
7317,06:00:00,01/11/2024 6:00:00 SA,3.3,330657.2,6.1,5.9
7318,07:00:00,01/11/2024 7:00:00 SA,3.3,330668.9,11.7,11.5
7319,09:00:00,01/11/2024 9:00:00 SA,3.5,330697.5,28.6,0.0
7320,10:00:00,01/11/2024 10:00:00 SA,3.4,330705.6,8.1,8.8
7321,11:00:00,01/11/2024 11:00:00 SA,3.5,330712.8,7.2,6.8
7322,12:00:00,01/11/2024 12:00:00 CH,3.5,330721.2,8.4,8.4
7323,13:00:00,01/11/2024 1:00:00 CH,3.3,330727.7,6.5,6.6
7324,14:00:00,01/11/2024 2:00:00 CH,3.4,330735.8,8.1,7.5
7325,15:00:00,01/11/2024 3:00:00 CH,3.5,330744.7,8.9,8.8
7326,16:00:00,01/11/2024 4:00:00 CH,3.6,330751.9,7.2,7.2
7327,17:00:00,01/11/2024 5:00:00 CH,0.7,330754.5,2.6,2.7
7328,18:00:00,01/11/2024 6:00:00 CH,2.5,330767.9,13.4,12.5
7329,19:00:00,01/11/2024 7:00:00 CH,3.1,330785.8,17.9,16.9
7330,20:00:00,01/11/2024 8:00:00 CH,3.4,330800.9,15.1,15.4
7331,21:00:00,01/11/2024 9:00:00 CH,3.3,330814.9,14.0,14.0
7332,22:00:00,01/11/2024 10:00:00 CH,3.5,330826.4,11.5,11.1
7333,23:00:00,01/11/2024 11:00:00 CH,3.4,330838.5,12.1,12.7
7334,00:00:00,02/11/2024 12:00:00 SA,3.0,330843.7,5.2,4.9
7335,01:00:00,02/11/2024 1:00:00 SA,3.1,330848.5,4.8,4.6
7336,02:00:00,02/11/2024 2:00:00 SA,3.0,330851.7,3.2,3.2
7337,03:00:00,02/11/2024 3:00:00 SA,3.1,330855.2,3.5,3.2
7338,04:00:00,02/11/2024 4:00:00 SA,3.2,330858.4,3.2,3.1
7339,05:00:00,02/11/2024 5:00:00 SA,3.3,330861.7,3.3,3.1
7340,06:00:00,02/11/2024 6:00:00 SA,3.4,330866.8,5.1,5.1
7341,07:00:00,02/11/2024 7:00:00 SA,3.5,330879.9,13.1,12.8
7342,08:00:00,02/11/2024 8:00:00 SA,3.6,330896.7,16.8,16.2
7343,09:00:00,02/11/2024 9:00:00 SA,3.5,330909.6,12.9,13.2
7344,10:00:00,02/11/2024 10:00:00 SA,3.7,330921.7,12.1,12.0
7345,11:00:00,02/11/2024 11:00:00 SA,3.5,330934.0,12.3,11.8
7346,12:00:00,02/11/2024 12:00:00 CH,3.6,330945.2,11.2,10.7
7347,13:00:00,02/11/2024 1:00:00 CH,3.5,330953.2,8.0,8.1
7348,14:00:00,02/11/2024 2:00:00 CH,3.5,330959.5,6.3,6.4
7349,15:00:00,02/11/2024 3:00:00 CH,3.4,330966.1,6.6,7.0
7350,16:00:00,02/11/2024 4:00:00 CH,3.4,330976.7,10.6,10.2
7351,17:00:00,02/11/2024 5:00:00 CH,3.3,330987.8,11.1,11.0
7352,18:00:00,02/11/2024 6:00:00 CH,3.1,331001.8,14.0,12.9
7353,19:00:00,02/11/2024 7:00:00 CH,3.5,331017.0,15.2,15.0
7354,20:00:00,02/11/2024 8:00:00 CH,3.4,331029.3,12.3,12.7
7355,21:00:00,02/11/2024 9:00:00 CH,3.4,331039.2,9.9,9.5
7356,22:00:00,02/11/2024 10:00:00 CH,3.4,331049.4,10.2,9.6
7357,23:00:00,02/11/2024 11:00:00 CH,3.2,331059.9,10.5,11.0
7358,00:00:00,03/11/2024 12:00:00 SA,2.9,331065.3,5.4,5.3
7359,01:00:00,03/11/2024 1:00:00 SA,3.0,331070.1,4.8,5.0
7360,02:00:00,03/11/2024 2:00:00 SA,3.0,331072.7,2.6,2.2
7361,03:00:00,03/11/2024 3:00:00 SA,3.0,331076.5,3.8,4.0
7362,04:00:00,03/11/2024 4:00:00 SA,3.0,331078.1,1.6,1.5
7363,05:00:00,03/11/2024 5:00:00 SA,3.3,331080.5,2.4,2.3
7364,06:00:00,03/11/2024 6:00:00 SA,3.6,331084.9,4.4,4.2
7365,07:00:00,03/11/2024 7:00:00 SA,3.3,331094.5,9.6,9.4
7366,08:00:00,03/11/2024 8:00:00 SA,3.4,331108.7,14.2,14.7
7367,09:00:00,03/11/2024 9:00:00 SA,3.5,331124.5,15.8,15.4
7368,10:00:00,03/11/2024 10:00:00 SA,3.6,331135.0,10.5,10.3
7369,11:00:00,03/11/2024 11:00:00 SA,3.6,331144.3,9.3,8.7
7370,12:00:00,03/11/2024 12:00:00 CH,3.7,331153.3,9.0,9.1
7371,13:00:00,03/11/2024 1:00:00 CH,3.6,331163.0,9.7,9.5
7372,14:00:00,03/11/2024 2:00:00 CH,3.4,331170.1,7.1,7.7
7373,15:00:00,03/11/2024 3:00:00 CH,3.4,331177.0,6.9,6.1
7374,16:00:00,03/11/2024 4:00:00 CH,3.5,331186.9,9.9,10.0
7375,17:00:00,03/11/2024 5:00:00 CH,3.4,331198.7,11.8,10.2
7376,18:00:00,03/11/2024 6:00:00 CH,3.0,331212.3,13.6,12.8
7377,19:00:00,03/11/2024 7:00:00 CH,3.4,331228.1,15.8,16.1
7378,20:00:00,03/11/2024 8:00:00 CH,3.4,331240.6,12.5,12.7
7379,21:00:00,03/11/2024 9:00:00 CH,3.6,331252.6,12.0,12.2
7380,22:00:00,03/11/2024 10:00:00 CH,3.6,331262.9,10.3,10.4
7381,23:00:00,03/11/2024 11:00:00 CH,3.4,331270.5,7.6,7.8
7382,00:00:00,04/11/2024 12:00:00 SA,3.1,331277.1,6.6,6.5
7383,01:00:00,04/11/2024 1:00:00 SA,3.0,331280.7,3.6,3.8
7384,02:00:00,04/11/2024 2:00:00 SA,3.1,331284.3,3.6,3.6
7385,03:00:00,04/11/2024 3:00:00 SA,3.0,331288.5,4.2,4.1
7386,04:00:00,04/11/2024 4:00:00 SA,3.2,331291.6,3.1,2.9
7387,05:00:00,04/11/2024 5:00:00 SA,3.3,331295.0,3.4,3.4
7388,06:00:00,04/11/2024 6:00:00 SA,3.5,331301.7,6.7,6.1
7389,07:00:00,04/11/2024 7:00:00 SA,3.5,331314.5,12.8,13.2
7390,08:00:00,04/11/2024 8:00:00 SA,3.7,331328.0,13.5,13.3
7391,09:00:00,04/11/2024 9:00:00 SA,3.6,331339.8,11.8,11.5
7392,10:00:00,04/11/2024 10:00:00 SA,3.6,331347.6,7.8,7.7
7393,11:00:00,04/11/2024 11:00:00 SA,3.6,331355.1,7.5,7.4
7394,12:00:00,04/11/2024 12:00:00 CH,3.7,331363.3,8.2,8.5
7395,13:00:00,04/11/2024 1:00:00 CH,3.5,331371.4,8.1,7.7
7396,14:00:00,04/11/2024 2:00:00 CH,3.4,331381.1,9.7,9.8
7397,15:00:00,04/11/2024 3:00:00 CH,3.4,331387.1,6.0,6.1
7398,16:00:00,04/11/2024 4:00:00 CH,3.4,331393.6,6.5,6.3
7399,17:00:00,04/11/2024 5:00:00 CH,3.4,331400.9,7.3,7.2
7400,18:00:00,04/11/2024 6:00:00 CH,3.3,331413.4,12.5,11.4
7401,19:00:00,04/11/2024 7:00:00 CH,3.4,331429.4,16.0,15.6
7402,20:00:00,04/11/2024 8:00:00 CH,3.5,331443.4,14.0,14.3
7403,21:00:00,04/11/2024 9:00:00 CH,3.5,331457.0,13.6,12.5
7404,22:00:00,04/11/2024 10:00:00 CH,3.4,331466.6,9.6,10.1
7405,23:00:00,04/11/2024 11:00:00 CH,3.3,331474.3,7.7,7.3
7406,00:00:00,05/11/2024 12:00:00 SA,3.2,331481.8,7.5,7.7
7407,01:00:00,05/11/2024 1:00:00 SA,3.1,331488.1,6.3,6.5
7408,02:00:00,05/11/2024 2:00:00 SA,3.2,331490.4,2.3,2.1
7409,03:00:00,05/11/2024 3:00:00 SA,3.0,331492.8,2.4,2.3
7410,04:00:00,05/11/2024 4:00:00 SA,3.3,331495.4,2.6,2.4
7411,05:00:00,05/11/2024 5:00:00 SA,3.3,331498.9,3.5,3.4
7412,06:00:00,05/11/2024 6:00:00 SA,3.4,331504.6,5.7,5.3
7413,07:00:00,05/11/2024 7:00:00 SA,3.5,331515.8,11.2,10.9
7414,08:00:00,05/11/2024 8:00:00 SA,3.8,331528.9,13.1,13.8
7415,09:00:00,05/11/2024 9:00:00 SA,0.9,331535.8,6.9,6.8
7416,10:00:00,05/11/2024 10:00:00 SA,3.5,331542.9,7.1,7.9
7417,11:00:00,05/11/2024 11:00:00 SA,3.6,331550.4,7.5,7.9
7418,12:00:00,05/11/2024 12:00:00 CH,3.6,331559.9,9.5,9.9
7419,13:00:00,05/11/2024 1:00:00 CH,3.6,331567.9,8.0,7.5
7420,14:00:00,05/11/2024 2:00:00 CH,3.4,331574.4,6.5,6.2
7421,15:00:00,05/11/2024 3:00:00 CH,3.3,331579.6,5.2,5.0
7422,16:00:00,05/11/2024 4:00:00 CH,3.4,331585.7,6.1,5.6
7423,17:00:00,05/11/2024 5:00:00 CH,3.5,331593.4,7.7,7.0
7424,18:00:00,05/11/2024 6:00:00 CH,3.2,331607.4,14.0,13.6
7425,19:00:00,05/11/2024 7:00:00 CH,3.4,331623.8,16.4,17.2
7426,20:00:00,05/11/2024 8:00:00 CH,3.5,331636.5,12.7,12.7
7427,21:00:00,05/11/2024 9:00:00 CH,3.5,331648.2,11.7,11.7
7428,22:00:00,05/11/2024 10:00:00 CH,3.4,331658.2,10.0,9.8
7429,23:00:00,05/11/2024 11:00:00 CH,3.2,331670.0,11.8,11.2
7430,00:00:00,06/11/2024 12:00:00 SA,2.9,331676.0,6.0,6.1
7431,01:00:00,06/11/2024 1:00:00 SA,2.9,331680.1,4.1,4.1
7432,02:00:00,06/11/2024 2:00:00 SA,3.0,331683.7,3.6,3.5
7433,03:00:00,06/11/2024 3:00:00 SA,3.1,331687.1,3.4,3.4
7434,04:00:00,06/11/2024 4:00:00 SA,3.1,331689.1,2.0,1.9
7435,05:00:00,06/11/2024 5:00:00 SA,3.1,331691.7,2.6,2.3
7436,06:00:00,06/11/2024 6:00:00 SA,3.5,331697.9,6.2,5.1
7437,07:00:00,06/11/2024 7:00:00 SA,3.4,331709.0,11.1,11.3
7438,08:00:00,06/11/2024 8:00:00 SA,3.6,331721.1,12.1,12.0
7439,09:00:00,06/11/2024 9:00:00 SA,3.6,331731.0,9.9,9.7
7440,10:00:00,06/11/2024 10:00:00 SA,3.6,331742.4,11.4,11.0
7441,11:00:00,06/11/2024 11:00:00 SA,3.5,331752.0,9.6,9.5
7442,12:00:00,06/11/2024 12:00:00 CH,3.6,331760.2,8.2,8.5
7443,13:00:00,06/11/2024 1:00:00 CH,3.4,331766.3,6.1,6.4
7444,14:00:00,06/11/2024 2:00:00 CH,3.4,331773.8,7.5,6.7
7445,15:00:00,06/11/2024 3:00:00 CH,3.4,331781.3,7.5,7.2
7446,16:00:00,06/11/2024 4:00:00 CH,3.4,331791.9,10.6,9.5
7447,17:00:00,06/11/2024 5:00:00 CH,3.5,331800.4,8.5,8.2
7448,18:00:00,06/11/2024 6:00:00 CH,3.3,331814.5,14.1,13.5
7449,19:00:00,06/11/2024 7:00:00 CH,3.4,331830.3,15.8,16.8
7450,20:00:00,06/11/2024 8:00:00 CH,3.6,331842.6,12.3,12.7
7451,21:00:00,06/11/2024 9:00:00 CH,3.4,331853.7,11.1,11.2
7452,22:00:00,06/11/2024 10:00:00 CH,3.5,331865.0,11.3,10.6
7453,23:00:00,06/11/2024 11:00:00 CH,3.4,331874.9,9.9,10.1
7454,00:00:00,07/11/2024 12:00:00 SA,3.0,331881.2,6.3,6.8
7455,01:00:00,07/11/2024 1:00:00 SA,3.0,331884.3,3.1,3.0
7456,02:00:00,07/11/2024 2:00:00 SA,3.0,331888.3,4.0,4.2
7457,03:00:00,07/11/2024 3:00:00 SA,3.0,331891.2,2.9,2.6
7458,04:00:00,07/11/2024 4:00:00 SA,3.1,331893.3,2.1,2.5
7459,05:00:00,07/11/2024 5:00:00 SA,3.3,331895.7,2.4,2.2
7460,06:00:00,07/11/2024 6:00:00 SA,3.5,331901.5,5.8,5.4
7461,07:00:00,07/11/2024 7:00:00 SA,3.4,331914.3,12.8,12.9
7462,08:00:00,07/11/2024 8:00:00 SA,3.5,331926.3,12.0,12.0
7463,09:00:00,07/11/2024 9:00:00 SA,3.5,331937.0,10.7,11.5
7464,10:00:00,07/11/2024 10:00:00 SA,3.4,331946.9,9.9,10.0
7465,11:00:00,07/11/2024 11:00:00 SA,3.5,331956.6,9.7,9.6
7466,12:00:00,07/11/2024 12:00:00 CH,3.6,331965.4,8.8,9.2
7467,13:00:00,07/11/2024 1:00:00 CH,3.3,331971.4,6.0,5.7
7468,14:00:00,07/11/2024 2:00:00 CH,3.3,331979.2,7.8,7.6
7469,15:00:00,07/11/2024 3:00:00 CH,3.3,331985.3,6.1,6.2
7470,16:00:00,07/11/2024 4:00:00 CH,3.6,331994.6,9.3,9.5
7471,17:00:00,07/11/2024 5:00:00 CH,3.7,332004.9,10.3,10.6
7472,18:00:00,07/11/2024 6:00:00 CH,3.2,332018.9,14.0,13.9
7473,19:00:00,07/11/2024 7:00:00 CH,3.5,332035.7,16.8,16.6
7474,20:00:00,07/11/2024 8:00:00 CH,3.5,332049.5,13.8,13.4
7475,21:00:00,07/11/2024 9:00:00 CH,3.4,332060.2,10.7,10.8
7476,22:00:00,07/11/2024 10:00:00 CH,3.4,332070.7,10.5,10.5
7477,23:00:00,07/11/2024 11:00:00 CH,2.5,332080.1,9.4,10.4
7478,00:00:00,08/11/2024 12:00:00 SA,2.7,332085.6,5.5,5.4
7479,01:00:00,08/11/2024 1:00:00 SA,2.7,332088.0,2.4,2.5
7480,02:00:00,08/11/2024 2:00:00 SA,2.6,332090.8,2.8,2.9
7481,03:00:00,08/11/2024 3:00:00 SA,2.6,332093.5,2.7,2.4
7482,04:00:00,08/11/2024 4:00:00 SA,2.6,332095.5,2.0,1.9
7483,05:00:00,08/11/2024 5:00:00 SA,2.9,332098.0,2.5,2.4
7484,06:00:00,08/11/2024 6:00:00 SA,2.9,332103.9,5.9,5.2
7485,07:00:00,08/11/2024 7:00:00 SA,3.3,332117.5,13.6,13.7
7486,08:00:00,08/11/2024 8:00:00 SA,3.4,332132.0,14.5,13.3
7487,09:00:00,08/11/2024 9:00:00 SA,3.5,332142.1,10.1,9.3
7488,10:00:00,08/11/2024 10:00:00 SA,3.3,332151.9,9.8,9.6
7489,11:00:00,08/11/2024 11:00:00 SA,3.3,332161.3,9.4,8.9
7490,12:00:00,08/11/2024 12:00:00 CH,3.3,332168.9,7.6,7.3
7491,13:00:00,08/11/2024 1:00:00 CH,3.3,332176.1,7.2,7.5
7492,14:00:00,08/11/2024 2:00:00 CH,3.3,332184.8,8.7,8.8
7493,15:00:00,08/11/2024 3:00:00 CH,3.2,332191.6,6.8,6.4
7494,16:00:00,08/11/2024 4:00:00 CH,3.2,332200.6,9.0,9.0
7495,17:00:00,08/11/2024 5:00:00 CH,1.5,332207.9,7.3,7.2
7496,18:00:00,08/11/2024 6:00:00 CH,1.1,332215.9,8.0,7.9
7497,19:00:00,08/11/2024 7:00:00 CH,1.3,332231.7,15.8,15.8
7498,20:00:00,08/11/2024 8:00:00 CH,3.4,332245.8,14.1,14.0
7499,21:00:00,08/11/2024 9:00:00 CH,3.4,332256.8,11.0,11.0
7500,22:00:00,08/11/2024 10:00:00 CH,3.5,332266.7,9.9,9.7
7501,23:00:00,08/11/2024 11:00:00 CH,3.4,332277.1,10.4,11.6
7502,00:00:00,09/11/2024 12:00:00 SA,3.0,332282.0,4.9,5.2
7503,01:00:00,09/11/2024 1:00:00 SA,3.1,332285.1,3.1,3.3
7504,02:00:00,09/11/2024 2:00:00 SA,2.8,332287.8,2.7,2.4
7505,03:00:00,09/11/2024 3:00:00 SA,2.9,332291.6,3.8,3.7
7506,04:00:00,09/11/2024 4:00:00 SA,3.0,332293.4,1.8,1.7
7507,05:00:00,09/11/2024 5:00:00 SA,3.0,332296.1,2.7,2.9
7508,06:00:00,09/11/2024 6:00:00 SA,3.4,332300.8,4.7,4.2
7509,07:00:00,09/11/2024 7:00:00 SA,3.4,332311.6,10.8,10.9
7510,08:00:00,09/11/2024 8:00:00 SA,3.5,332328.1,16.5,16.1
7511,09:00:00,09/11/2024 9:00:00 SA,3.6,332341.6,13.5,13.0
7512,10:00:00,09/11/2024 10:00:00 SA,3.5,332351.3,9.7,10.2
7513,11:00:00,09/11/2024 11:00:00 SA,3.5,332361.4,10.1,10.5
7514,12:00:00,09/11/2024 12:00:00 CH,3.5,332370.9,9.5,9.6
7515,13:00:00,09/11/2024 1:00:00 CH,3.4,332379.3,8.4,8.4
7516,14:00:00,09/11/2024 2:00:00 CH,3.4,332387.0,7.7,7.6
7517,15:00:00,09/11/2024 3:00:00 CH,3.4,332396.9,9.9,9.9
7518,16:00:00,09/11/2024 4:00:00 CH,3.4,332406.0,9.1,8.6
7519,17:00:00,09/11/2024 5:00:00 CH,3.4,332417.1,11.1,10.7
7520,18:00:00,09/11/2024 6:00:00 CH,3.4,332434.0,16.9,16.7
7521,19:00:00,09/11/2024 7:00:00 CH,3.6,332450.7,16.7,16.1
7522,20:00:00,09/11/2024 8:00:00 CH,3.6,332461.7,11.0,11.6
7523,21:00:00,09/11/2024 9:00:00 CH,3.7,332472.2,10.5,10.3
7524,22:00:00,09/11/2024 10:00:00 CH,3.5,332481.3,9.1,8.9
7525,23:00:00,09/11/2024 11:00:00 CH,3.2,332490.4,9.1,8.4
7526,00:00:00,10/11/2024 12:00:00 SA,3.0,332496.7,6.3,5.7
7527,01:00:00,10/11/2024 1:00:00 SA,3.0,332500.7,4.0,3.6
7528,02:00:00,10/11/2024 2:00:00 SA,3.0,332504.4,3.7,3.8
7529,03:00:00,10/11/2024 3:00:00 SA,3.0,332507.6,3.2,3.1
7530,04:00:00,10/11/2024 4:00:00 SA,2.8,332509.7,2.1,2.1
7531,05:00:00,10/11/2024 5:00:00 SA,2.8,332509.7,0.0,2.0
7532,06:00:00,10/11/2024 6:00:00 SA,2.8,332509.7,0.0,2.0
7533,07:00:00,10/11/2024 7:00:00 SA,2.8,332509.7,0.0,2.0
7534,08:00:00,10/11/2024 8:00:00 SA,2.8,332509.7,0.0,2.0
7535,09:00:00,10/11/2024 9:00:00 SA,2.8,332509.7,0.0,2.0
7536,10:00:00,10/11/2024 10:00:00 SA,2.8,332509.7,0.0,2.0
7537,11:00:00,10/11/2024 11:00:00 SA,3.4,332537.7,28.0,10.9
7538,12:00:00,10/11/2024 12:00:00 CH,3.3,332550.0,12.3,11.8
7539,13:00:00,10/11/2024 1:00:00 CH,3.4,332561.7,11.7,11.5
7540,14:00:00,10/11/2024 2:00:00 CH,1.7,332568.8,7.1,6.8
7541,15:00:00,10/11/2024 3:00:00 CH,3.4,332578.3,9.5,9.1
7542,16:00:00,10/11/2024 4:00:00 CH,3.3,332590.5,12.2,12.5
7543,17:00:00,10/11/2024 5:00:00 CH,3.1,332604.6,14.1,13.9
7544,18:00:00,10/11/2024 6:00:00 CH,3.1,332622.9,18.3,17.3
7545,19:00:00,10/11/2024 7:00:00 CH,3.3,332640.5,17.6,17.8
7546,20:00:00,10/11/2024 8:00:00 CH,3.4,332654.6,14.1,13.5
7547,21:00:00,10/11/2024 9:00:00 CH,3.4,332667.3,12.7,13.4
7548,22:00:00,10/11/2024 10:00:00 CH,3.5,332677.5,10.2,9.7
7549,23:00:00,10/11/2024 11:00:00 CH,3.3,332685.1,7.6,7.9
7550,00:00:00,11/11/2024 12:00:00 SA,3.0,332692.1,7.0,6.8
7551,01:00:00,11/11/2024 1:00:00 SA,2.9,332695.4,3.3,3.8
7552,02:00:00,11/11/2024 2:00:00 SA,2.9,332699.2,3.8,3.6
7553,03:00:00,11/11/2024 3:00:00 SA,2.9,332703.5,4.3,4.6
7554,04:00:00,11/11/2024 4:00:00 SA,2.9,332705.5,2.0,1.8
7555,05:00:00,11/11/2024 5:00:00 SA,3.1,332707.9,2.4,2.4
7556,06:00:00,11/11/2024 6:00:00 SA,3.4,332713.7,5.8,5.4
7557,07:00:00,11/11/2024 7:00:00 SA,3.5,332725.9,12.2,12.4
7558,08:00:00,11/11/2024 8:00:00 SA,3.5,332740.6,14.7,14.8
7559,09:00:00,11/11/2024 9:00:00 SA,3.6,332752.5,11.9,11.4
7560,10:00:00,11/11/2024 10:00:00 SA,3.6,332760.4,7.9,7.7
7561,11:00:00,11/11/2024 11:00:00 SA,3.4,332769.5,9.1,8.9
7562,12:00:00,11/11/2024 12:00:00 CH,3.5,332777.2,7.7,7.9
7563,13:00:00,11/11/2024 1:00:00 CH,3.3,332784.8,7.6,7.8
7564,14:00:00,11/11/2024 2:00:00 CH,3.3,332794.7,9.9,9.5
7565,15:00:00,11/11/2024 3:00:00 CH,3.3,332804.9,10.2,9.9
7566,16:00:00,11/11/2024 4:00:00 CH,3.4,332817.2,12.3,12.5
7567,17:00:00,11/11/2024 5:00:00 CH,3.3,332828.4,11.2,11.0
7568,18:00:00,11/11/2024 6:00:00 CH,0.4,332833.2,4.8,4.9
7569,19:00:00,11/11/2024 7:00:00 CH,2.8,332852.8,19.6,19.0
7570,20:00:00,11/11/2024 8:00:00 CH,3.3,332869.9,17.1,16.7
7571,21:00:00,11/11/2024 9:00:00 CH,3.4,332881.8,11.9,12.4
7572,22:00:00,11/11/2024 10:00:00 CH,3.4,332891.7,9.9,9.7
7573,23:00:00,11/11/2024 11:00:00 CH,3.6,332900.8,9.1,9.5
7574,00:00:00,12/11/2024 12:00:00 SA,3.1,332907.4,6.6,6.7
7575,01:00:00,12/11/2024 1:00:00 SA,2.9,332910.6,3.2,3.0
7576,02:00:00,12/11/2024 2:00:00 SA,3.1,332914.6,4.0,4.3
7577,03:00:00,12/11/2024 3:00:00 SA,3.0,332916.7,2.1,1.9
7578,04:00:00,12/11/2024 4:00:00 SA,2.9,332920.0,3.3,3.3
7579,05:00:00,12/11/2024 5:00:00 SA,3.1,332922.5,2.5,2.4
7580,06:00:00,12/11/2024 6:00:00 SA,3.3,332928.6,6.1,6.2
7581,07:00:00,12/11/2024 7:00:00 SA,3.4,332943.3,14.7,15.0
7582,08:00:00,12/11/2024 8:00:00 SA,3.5,332956.8,13.5,13.5
7583,09:00:00,12/11/2024 9:00:00 SA,3.5,332969.1,12.3,12.4
7584,10:00:00,12/11/2024 10:00:00 SA,3.6,332982.3,13.2,13.4
7585,11:00:00,12/11/2024 11:00:00 SA,3.5,332992.9,10.6,10.2
7586,12:00:00,12/11/2024 12:00:00 CH,3.5,333001.1,8.2,9.0
7587,13:00:00,12/11/2024 1:00:00 CH,3.3,333007.6,6.5,6.4
7588,14:00:00,12/11/2024 2:00:00 CH,3.4,333016.0,8.4,8.8
7589,15:00:00,12/11/2024 3:00:00 CH,1.1,333021.2,5.2,5.9
7590,16:00:00,12/11/2024 4:00:00 CH,3.2,333026.7,5.5,5.6
7591,17:00:00,12/11/2024 5:00:00 CH,3.2,333036.9,10.2,10.0
7592,18:00:00,12/11/2024 6:00:00 CH,3.1,333051.5,14.6,14.1
7593,19:00:00,12/11/2024 7:00:00 CH,3.3,333068.3,16.8,17.0
7594,20:00:00,12/11/2024 8:00:00 CH,3.4,333082.2,13.9,13.4
7595,21:00:00,12/11/2024 9:00:00 CH,3.3,333094.6,12.4,12.2
7596,22:00:00,12/11/2024 10:00:00 CH,3.4,333105.6,11.0,10.9
7597,23:00:00,12/11/2024 11:00:00 CH,3.3,333115.3,9.7,9.6
7598,00:00:00,13/11/2024 12:00:00 SA,3.0,333121.4,6.1,6.1
7599,01:00:00,13/11/2024 1:00:00 SA,2.9,333125.6,4.2,4.1
7600,02:00:00,13/11/2024 2:00:00 SA,2.9,333128.1,2.5,2.1
7601,03:00:00,13/11/2024 3:00:00 SA,2.9,333131.6,3.5,3.6
7602,04:00:00,13/11/2024 4:00:00 SA,2.9,333133.8,2.2,2.0
7603,05:00:00,13/11/2024 5:00:00 SA,3.1,333136.3,2.5,2.6
7604,06:00:00,13/11/2024 6:00:00 SA,3.1,333142.2,5.9,6.0
7605,07:00:00,13/11/2024 7:00:00 SA,3.3,333155.5,13.3,12.8
7606,08:00:00,13/11/2024 8:00:00 SA,3.3,333166.5,11.0,10.9
7607,09:00:00,13/11/2024 9:00:00 SA,3.6,333174.9,8.4,8.7
7608,10:00:00,13/11/2024 10:00:00 SA,3.6,333184.3,9.4,9.9
7609,11:00:00,13/11/2024 11:00:00 SA,1.5,333191.0,6.7,6.3
7610,12:00:00,13/11/2024 12:00:00 CH,3.5,333200.3,9.3,8.8
7611,13:00:00,13/11/2024 1:00:00 CH,3.4,333207.0,6.7,6.8
7612,14:00:00,13/11/2024 2:00:00 CH,3.4,333213.4,6.4,5.7
7613,15:00:00,13/11/2024 3:00:00 CH,3.3,333222.3,8.9,7.9
7614,16:00:00,13/11/2024 4:00:00 CH,3.4,333231.8,9.5,9.6
7615,17:00:00,13/11/2024 5:00:00 CH,3.5,333241.2,9.4,9.3
7616,18:00:00,13/11/2024 6:00:00 CH,3.3,333256.2,15.0,14.8
7617,19:00:00,13/11/2024 7:00:00 CH,3.5,333273.0,16.8,17.0
7618,20:00:00,13/11/2024 8:00:00 CH,3.6,333287.9,14.9,13.9
7619,21:00:00,13/11/2024 9:00:00 CH,3.5,333299.8,11.9,12.2
7620,22:00:00,13/11/2024 10:00:00 CH,3.5,333310.6,10.8,11.0
7621,23:00:00,13/11/2024 11:00:00 CH,3.5,333320.7,10.1,10.1
7622,00:00:00,14/11/2024 12:00:00 SA,3.0,333327.1,6.4,6.9
7623,01:00:00,14/11/2024 1:00:00 SA,2.8,333329.2,2.1,2.0
7624,02:00:00,14/11/2024 2:00:00 SA,2.9,333332.6,3.4,3.5
7625,03:00:00,14/11/2024 3:00:00 SA,2.9,333336.0,3.4,3.4
7626,04:00:00,14/11/2024 4:00:00 SA,2.9,333337.9,1.9,1.8
7627,05:00:00,14/11/2024 5:00:00 SA,3.0,333340.4,2.5,2.1
7628,06:00:00,14/11/2024 6:00:00 SA,3.2,333346.3,5.9,5.1
7629,07:00:00,14/11/2024 7:00:00 SA,3.3,333359.1,12.8,13.3
7630,08:00:00,14/11/2024 8:00:00 SA,3.5,333374.2,15.1,14.9
7631,09:00:00,14/11/2024 9:00:00 SA,3.5,333386.8,12.6,12.8
7632,10:00:00,14/11/2024 10:00:00 SA,3.5,333399.8,13.0,12.9
7633,11:00:00,14/11/2024 11:00:00 SA,3.6,333410.0,10.2,9.9
7634,12:00:00,14/11/2024 12:00:00 CH,3.4,333419.5,9.5,10.2
7635,13:00:00,14/11/2024 1:00:00 CH,3.3,333426.1,6.6,6.2
7636,14:00:00,14/11/2024 2:00:00 CH,3.3,333433.7,7.6,7.1
7637,15:00:00,14/11/2024 3:00:00 CH,3.5,333440.7,7.0,6.9
7638,16:00:00,14/11/2024 4:00:00 CH,3.6,333450.7,10.0,9.6
7639,17:00:00,14/11/2024 5:00:00 CH,3.7,333460.7,10.0,10.8
7640,18:00:00,14/11/2024 6:00:00 CH,3.3,333475.9,15.2,15.1
7641,19:00:00,14/11/2024 7:00:00 CH,3.5,333493.7,17.8,18.1
7642,20:00:00,14/11/2024 8:00:00 CH,3.5,333508.9,15.2,15.4
7643,21:00:00,14/11/2024 9:00:00 CH,3.5,333523.2,14.3,14.6
7644,22:00:00,14/11/2024 10:00:00 CH,3.5,333535.4,12.2,12.2
7645,23:00:00,14/11/2024 11:00:00 CH,3.4,333546.7,11.3,11.9
7646,00:00:00,15/11/2024 12:00:00 SA,3.1,333551.8,5.1,5.3
7647,01:00:00,15/11/2024 1:00:00 SA,3.0,333556.7,4.9,4.8
7648,02:00:00,15/11/2024 2:00:00 SA,2.9,333559.4,2.7,2.6
7649,03:00:00,15/11/2024 3:00:00 SA,3.0,333563.4,4.0,3.9
7650,04:00:00,15/11/2024 4:00:00 SA,3.0,333566.8,3.4,3.4
7651,05:00:00,15/11/2024 5:00:00 SA,3.0,333570.5,3.7,3.2
7652,06:00:00,15/11/2024 6:00:00 SA,3.5,333578.7,8.2,9.0
7653,07:00:00,15/11/2024 7:00:00 SA,3.6,333592.7,14.0,13.7
7654,08:00:00,15/11/2024 8:00:00 SA,3.5,333605.3,12.6,11.4
7655,09:00:00,15/11/2024 9:00:00 SA,3.5,333619.2,13.9,14.4
7656,10:00:00,15/11/2024 10:00:00 SA,3.5,333628.8,9.6,9.8
7657,11:00:00,15/11/2024 11:00:00 SA,3.6,333637.7,8.9,9.1
7658,12:00:00,15/11/2024 12:00:00 CH,3.5,333646.0,8.3,9.1
7659,13:00:00,15/11/2024 1:00:00 CH,3.3,333653.1,7.1,7.2
7660,14:00:00,15/11/2024 2:00:00 CH,3.3,333660.2,7.1,6.8
7661,15:00:00,15/11/2024 3:00:00 CH,3.4,333667.3,7.1,6.0
7662,16:00:00,15/11/2024 4:00:00 CH,3.6,333675.2,7.9,7.9
7663,17:00:00,15/11/2024 5:00:00 CH,3.5,333684.0,8.8,9.4
7664,18:00:00,15/11/2024 6:00:00 CH,3.4,333697.2,13.2,13.0
7665,19:00:00,15/11/2024 7:00:00 CH,3.5,333713.6,16.4,14.8
7666,20:00:00,15/11/2024 8:00:00 CH,3.6,333727.3,13.7,14.2
7667,21:00:00,15/11/2024 9:00:00 CH,3.5,333738.2,10.9,11.5
7668,22:00:00,15/11/2024 10:00:00 CH,3.6,333748.9,10.7,10.0
7669,23:00:00,15/11/2024 11:00:00 CH,3.3,333759.5,10.6,10.6
7670,00:00:00,16/11/2024 12:00:00 SA,3.0,333765.6,6.1,5.7
7671,01:00:00,16/11/2024 1:00:00 SA,2.9,333768.2,2.6,2.7
7672,02:00:00,16/11/2024 2:00:00 SA,3.0,333772.4,4.2,4.1
7673,03:00:00,16/11/2024 3:00:00 SA,3.0,333774.7,2.3,2.2
7674,04:00:00,16/11/2024 4:00:00 SA,3.0,333777.0,2.3,2.4
7675,05:00:00,16/11/2024 5:00:00 SA,3.2,333779.8,2.8,2.4
7676,06:00:00,16/11/2024 6:00:00 SA,3.4,333785.4,5.6,5.3
7677,07:00:00,16/11/2024 7:00:00 SA,3.4,333797.9,12.5,12.3
7678,08:00:00,16/11/2024 8:00:00 SA,3.4,333813.9,16.0,16.6
7679,09:00:00,16/11/2024 9:00:00 SA,3.5,333827.5,13.6,13.7
7680,10:00:00,16/11/2024 10:00:00 SA,3.5,333835.6,8.1,8.5
7681,11:00:00,16/11/2024 11:00:00 SA,3.5,333846.3,10.7,10.3
7682,12:00:00,16/11/2024 12:00:00 CH,3.5,333856.1,9.8,9.0
7683,13:00:00,16/11/2024 1:00:00 CH,3.4,333864.1,8.0,8.1
7684,14:00:00,16/11/2024 2:00:00 CH,3.4,333872.2,8.1,7.9
7685,15:00:00,16/11/2024 3:00:00 CH,3.3,333881.8,9.6,9.7
7686,16:00:00,16/11/2024 4:00:00 CH,3.6,333891.5,9.7,9.8
7687,17:00:00,16/11/2024 5:00:00 CH,3.6,333903.0,11.5,11.9
7688,18:00:00,16/11/2024 6:00:00 CH,3.3,333917.8,14.8,14.0
7689,19:00:00,16/11/2024 7:00:00 CH,3.5,333933.5,15.7,15.6
7690,20:00:00,16/11/2024 8:00:00 CH,3.6,333946.7,13.2,12.8
7691,21:00:00,16/11/2024 9:00:00 CH,3.5,333958.0,11.3,11.6
7692,22:00:00,16/11/2024 10:00:00 CH,3.6,333967.9,9.9,9.8
7693,23:00:00,16/11/2024 11:00:00 CH,3.1,333979.7,11.8,11.5
7694,00:00:00,17/11/2024 12:00:00 SA,3.2,333985.8,6.1,6.5
7695,01:00:00,17/11/2024 1:00:00 SA,3.0,333990.5,4.7,4.8
7696,02:00:00,17/11/2024 2:00:00 SA,3.0,333992.7,2.2,2.1
7697,03:00:00,17/11/2024 3:00:00 SA,3.0,333996.9,4.2,3.9
7698,04:00:00,17/11/2024 4:00:00 SA,3.0,333998.6,1.7,1.6
7699,05:00:00,17/11/2024 5:00:00 SA,3.2,334000.8,2.2,2.2
7700,06:00:00,17/11/2024 6:00:00 SA,3.6,334004.8,4.0,3.8
7701,07:00:00,17/11/2024 7:00:00 SA,3.4,334016.0,11.2,10.4
7702,08:00:00,17/11/2024 8:00:00 SA,3.4,334030.5,14.5,14.2
7703,09:00:00,17/11/2024 9:00:00 SA,3.5,334042.3,11.8,12.3
7704,10:00:00,17/11/2024 10:00:00 SA,3.4,334052.2,9.9,9.4
7705,11:00:00,17/11/2024 11:00:00 SA,3.5,334064.6,12.4,13.1
7706,12:00:00,17/11/2024 12:00:00 CH,3.5,334075.3,10.7,11.1
7707,13:00:00,17/11/2024 1:00:00 CH,3.4,334085.8,10.5,10.5
7708,14:00:00,17/11/2024 2:00:00 CH,3.4,334094.0,8.2,7.9
7709,15:00:00,17/11/2024 3:00:00 CH,3.3,334102.1,8.1,7.9
7710,16:00:00,17/11/2024 4:00:00 CH,3.4,334113.6,11.5,11.4
7711,17:00:00,17/11/2024 5:00:00 CH,3.5,334129.8,16.2,16.3
7712,18:00:00,17/11/2024 6:00:00 CH,3.3,334149.6,19.8,19.8
7713,19:00:00,17/11/2024 7:00:00 CH,3.5,334168.5,18.9,18.8
7714,20:00:00,17/11/2024 8:00:00 CH,3.5,334183.4,14.9,14.6
7715,21:00:00,17/11/2024 9:00:00 CH,3.5,334195.3,11.9,11.8
7716,22:00:00,17/11/2024 10:00:00 CH,3.5,334205.6,10.3,10.0
7717,23:00:00,17/11/2024 11:00:00 CH,3.3,334219.0,13.4,13.6
7718,00:00:00,18/11/2024 12:00:00 SA,3.0,334224.4,5.4,5.8
7719,01:00:00,18/11/2024 1:00:00 SA,2.9,334229.8,5.4,5.4
7720,02:00:00,18/11/2024 2:00:00 SA,2.9,334233.2,3.4,3.1
7721,03:00:00,18/11/2024 3:00:00 SA,3.0,334237.0,3.8,4.0
7722,04:00:00,18/11/2024 4:00:00 SA,3.0,334240.0,3.0,2.7
7723,05:00:00,18/11/2024 5:00:00 SA,3.3,334243.2,3.2,3.0
7724,06:00:00,18/11/2024 6:00:00 SA,3.5,334249.1,5.9,6.0
7725,07:00:00,18/11/2024 7:00:00 SA,3.4,334262.9,13.8,13.7
7726,08:00:00,18/11/2024 8:00:00 SA,3.6,334274.8,11.9,11.5
7727,09:00:00,18/11/2024 9:00:00 SA,3.6,334285.4,10.6,10.5
7728,10:00:00,18/11/2024 10:00:00 SA,3.5,334296.9,11.5,12.5
7729,11:00:00,18/11/2024 11:00:00 SA,3.6,334304.8,7.9,7.4
7730,12:00:00,18/11/2024 12:00:00 CH,3.5,334312.9,8.1,7.9
7731,13:00:00,18/11/2024 1:00:00 CH,3.3,334319.8,6.9,6.1
7732,14:00:00,18/11/2024 2:00:00 CH,3.4,334328.5,8.7,8.4
7733,15:00:00,18/11/2024 3:00:00 CH,3.4,334338.2,9.7,10.1
7734,16:00:00,18/11/2024 4:00:00 CH,3.4,334344.6,6.4,5.5
7735,17:00:00,18/11/2024 5:00:00 CH,3.5,334355.8,11.2,10.5
7736,18:00:00,18/11/2024 6:00:00 CH,3.3,334369.3,13.5,13.0
7737,19:00:00,18/11/2024 7:00:00 CH,3.4,334384.8,15.5,15.0
7738,20:00:00,18/11/2024 8:00:00 CH,3.5,334399.1,14.3,13.2
7739,21:00:00,18/11/2024 9:00:00 CH,3.4,334410.1,11.0,11.7
7740,22:00:00,18/11/2024 10:00:00 CH,3.4,334420.7,10.6,10.4
7741,23:00:00,18/11/2024 11:00:00 CH,3.3,334433.4,12.7,12.4
7742,00:00:00,19/11/2024 12:00:00 SA,2.9,334437.9,4.5,4.8
7743,01:00:00,19/11/2024 1:00:00 SA,2.9,334442.0,4.1,4.1
7744,02:00:00,19/11/2024 2:00:00 SA,2.9,334445.6,3.6,3.4
7745,03:00:00,19/11/2024 3:00:00 SA,2.9,334449.5,3.9,4.0
7746,04:00:00,19/11/2024 4:00:00 SA,3.0,334451.6,2.1,2.0
7747,05:00:00,19/11/2024 5:00:00 SA,3.1,334454.9,3.3,3.4
7748,06:00:00,19/11/2024 6:00:00 SA,3.4,334462.6,7.7,7.4
7749,07:00:00,19/11/2024 7:00:00 SA,3.5,334476.2,13.6,13.7
7750,08:00:00,19/11/2024 8:00:00 SA,3.6,334487.8,11.6,12.8
7751,09:00:00,19/11/2024 9:00:00 SA,3.6,334487.8,0.0,12.1
7752,10:00:00,19/11/2024 10:00:00 SA,3.6,334487.8,0.0,12.1
7753,11:00:00,19/11/2024 11:00:00 SA,3.6,334487.8,0.0,12.1
7754,12:00:00,19/11/2024 12:00:00 CH,3.5,334522.6,34.8,9.6
7755,13:00:00,19/11/2024 1:00:00 CH,3.4,334530.4,7.8,8.1
7756,14:00:00,19/11/2024 2:00:00 CH,3.4,334538.0,7.6,7.3
7757,15:00:00,19/11/2024 3:00:00 CH,3.3,334545.7,7.7,8.0
7758,16:00:00,19/11/2024 4:00:00 CH,3.3,334554.3,8.6,8.3
7759,17:00:00,19/11/2024 5:00:00 CH,3.4,334563.3,9.0,9.0
7760,18:00:00,19/11/2024 6:00:00 CH,3.4,334576.9,13.6,12.9
7761,19:00:00,19/11/2024 7:00:00 CH,3.5,334593.2,16.3,16.2
7762,20:00:00,19/11/2024 8:00:00 CH,3.6,334607.0,13.8,13.9
7763,21:00:00,19/11/2024 9:00:00 CH,3.6,334619.9,12.9,13.3
7764,22:00:00,19/11/2024 10:00:00 CH,3.5,334632.7,12.8,11.5
7765,23:00:00,19/11/2024 11:00:00 CH,3.4,334643.9,11.2,11.1
7766,00:00:00,20/11/2024 12:00:00 SA,2.9,334649.9,6.0,6.3
7767,01:00:00,20/11/2024 1:00:00 SA,2.9,334654.3,4.4,4.3
7768,02:00:00,20/11/2024 2:00:00 SA,2.9,334658.8,4.5,4.0
7769,03:00:00,20/11/2024 3:00:00 SA,2.9,334662.1,3.3,3.3
7770,04:00:00,20/11/2024 4:00:00 SA,3.0,334666.1,4.0,3.9
7771,05:00:00,20/11/2024 5:00:00 SA,3.1,334669.8,3.7,3.5
7772,06:00:00,20/11/2024 6:00:00 SA,3.1,334676.7,6.9,5.8
7773,07:00:00,20/11/2024 7:00:00 SA,3.4,334689.2,12.5,12.4
7774,08:00:00,20/11/2024 8:00:00 SA,3.5,334700.3,11.1,10.6
7775,09:00:00,20/11/2024 9:00:00 SA,3.6,334709.8,9.5,9.2
7776,10:00:00,20/11/2024 10:00:00 SA,3.6,334720.1,10.3,10.7
7777,11:00:00,20/11/2024 11:00:00 SA,3.6,334728.5,8.4,8.2
7778,12:00:00,20/11/2024 12:00:00 CH,3.6,334737.1,8.6,8.2
7779,13:00:00,20/11/2024 1:00:00 CH,3.4,334744.5,7.4,7.3
7780,14:00:00,20/11/2024 2:00:00 CH,3.4,334753.6,9.1,9.4
7781,15:00:00,20/11/2024 3:00:00 CH,3.4,334761.2,7.6,8.1
7782,16:00:00,20/11/2024 4:00:00 CH,3.2,334768.6,7.4,7.1
7783,17:00:00,20/11/2024 5:00:00 CH,3.4,334777.3,8.7,8.2
7784,18:00:00,20/11/2024 6:00:00 CH,3.3,334791.4,14.1,14.2
7785,19:00:00,20/11/2024 7:00:00 CH,3.5,334810.0,18.6,18.8
7786,20:00:00,20/11/2024 8:00:00 CH,3.5,334823.1,13.1,13.3
7787,21:00:00,20/11/2024 9:00:00 CH,3.6,334835.0,11.9,11.9
7788,22:00:00,20/11/2024 10:00:00 CH,3.5,334844.0,9.0,9.1
7789,23:00:00,20/11/2024 11:00:00 CH,3.4,334854.0,10.0,9.7
7790,00:00:00,21/11/2024 12:00:00 SA,3.2,334858.7,4.7,4.7
7791,01:00:00,21/11/2024 1:00:00 SA,3.0,334863.2,4.5,4.3
7792,02:00:00,21/11/2024 2:00:00 SA,2.9,334865.6,2.4,2.3
7793,03:00:00,21/11/2024 3:00:00 SA,2.9,334869.1,3.5,3.4
7794,04:00:00,21/11/2024 4:00:00 SA,2.8,334871.3,2.2,2.1
7795,05:00:00,21/11/2024 5:00:00 SA,3.1,334874.0,2.7,2.6
7796,06:00:00,21/11/2024 6:00:00 SA,3.3,334880.3,6.3,5.5
7797,07:00:00,21/11/2024 7:00:00 SA,3.4,334892.8,12.5,12.2
7798,08:00:00,21/11/2024 8:00:00 SA,3.6,334906.4,13.6,12.9
7799,09:00:00,21/11/2024 9:00:00 SA,3.6,334916.8,10.4,10.8
7800,10:00:00,21/11/2024 10:00:00 SA,3.5,334926.9,10.1,9.7
7801,11:00:00,21/11/2024 11:00:00 SA,3.5,334935.8,8.9,8.4
7802,12:00:00,21/11/2024 12:00:00 CH,3.6,334944.4,8.6,8.5
7803,13:00:00,21/11/2024 1:00:00 CH,3.5,334951.4,7.0,6.7
7804,14:00:00,21/11/2024 2:00:00 CH,3.4,334959.8,8.4,8.3
7805,15:00:00,21/11/2024 3:00:00 CH,3.4,334967.4,7.6,7.6
7806,16:00:00,21/11/2024 4:00:00 CH,3.4,334975.2,7.8,7.8
7807,17:00:00,21/11/2024 5:00:00 CH,3.5,334985.5,10.3,10.1
7808,18:00:00,21/11/2024 6:00:00 CH,3.4,335001.2,15.7,15.5
7809,19:00:00,21/11/2024 7:00:00 CH,3.5,335018.6,17.4,17.4
7810,20:00:00,21/11/2024 8:00:00 CH,3.4,335033.7,15.1,14.8
7811,21:00:00,21/11/2024 9:00:00 CH,3.5,335045.6,11.9,12.1
7812,22:00:00,21/11/2024 10:00:00 CH,3.5,335056.2,10.6,10.6
7813,23:00:00,21/11/2024 11:00:00 CH,3.2,335066.7,10.5,10.4
7814,00:00:00,22/11/2024 12:00:00 SA,2.9,335072.1,5.4,5.4
7815,01:00:00,22/11/2024 1:00:00 SA,2.9,335075.6,3.5,3.2
7816,02:00:00,22/11/2024 2:00:00 SA,2.9,335081.3,5.7,5.8
7817,03:00:00,22/11/2024 3:00:00 SA,2.9,335084.8,3.5,3.4
7818,04:00:00,22/11/2024 4:00:00 SA,2.9,335088.5,3.7,3.7
7819,05:00:00,22/11/2024 5:00:00 SA,3.0,335091.1,2.6,2.3
7820,06:00:00,22/11/2024 6:00:00 SA,3.3,335097.5,6.4,5.5
7821,07:00:00,22/11/2024 7:00:00 SA,3.5,335110.3,12.8,13.7
7822,08:00:00,22/11/2024 8:00:00 SA,3.6,335123.5,13.2,11.9
7823,09:00:00,22/11/2024 9:00:00 SA,3.6,335132.0,8.5,8.0
7824,10:00:00,22/11/2024 10:00:00 SA,3.5,335140.6,8.6,8.7
7825,11:00:00,22/11/2024 11:00:00 SA,3.5,335151.1,10.5,9.5
7826,12:00:00,22/11/2024 12:00:00 CH,3.5,335162.2,11.1,11.0
7827,13:00:00,22/11/2024 1:00:00 CH,3.3,335169.6,7.4,7.7
7828,14:00:00,22/11/2024 2:00:00 CH,3.4,335176.2,6.6,6.7
7829,15:00:00,22/11/2024 3:00:00 CH,3.4,335182.0,5.8,5.5
7830,16:00:00,22/11/2024 4:00:00 CH,3.5,335188.2,6.2,5.7
7831,17:00:00,22/11/2024 5:00:00 CH,3.7,335196.8,8.6,8.7
7832,18:00:00,22/11/2024 6:00:00 CH,3.4,335212.0,15.2,13.8
7833,19:00:00,22/11/2024 7:00:00 CH,3.5,335229.0,17.0,17.9
7834,20:00:00,22/11/2024 8:00:00 CH,3.6,335244.4,15.4,16.2
7835,21:00:00,22/11/2024 9:00:00 CH,3.6,335256.2,11.8,11.9
7836,22:00:00,22/11/2024 10:00:00 CH,3.5,335266.5,10.3,10.9
7837,23:00:00,22/11/2024 11:00:00 CH,3.3,335277.1,10.6,10.5
7838,00:00:00,23/11/2024 12:00:00 SA,2.9,335282.7,5.6,5.0
7839,01:00:00,23/11/2024 1:00:00 SA,2.9,335285.7,3.0,3.0
7840,02:00:00,23/11/2024 2:00:00 SA,3.0,335290.8,5.1,5.0
7841,03:00:00,23/11/2024 3:00:00 SA,3.0,335292.8,2.0,2.0
7842,04:00:00,23/11/2024 4:00:00 SA,3.0,335296.2,3.4,3.3
7843,05:00:00,23/11/2024 5:00:00 SA,2.0,335299.0,2.8,2.7
7844,06:00:00,23/11/2024 6:00:00 SA,3.6,335304.2,5.2,4.6
7845,07:00:00,23/11/2024 7:00:00 SA,3.5,335316.5,12.3,11.8
7846,08:00:00,23/11/2024 8:00:00 SA,3.5,335330.0,13.5,13.2
7847,09:00:00,23/11/2024 9:00:00 SA,3.5,335341.3,11.3,11.2
7848,10:00:00,23/11/2024 10:00:00 SA,3.6,335350.5,9.2,9.7
7849,11:00:00,23/11/2024 11:00:00 SA,3.6,335361.1,10.6,10.8
7850,12:00:00,23/11/2024 12:00:00 CH,3.4,335372.0,10.9,11.3
7851,13:00:00,23/11/2024 1:00:00 CH,3.4,335379.8,7.8,7.6
7852,14:00:00,23/11/2024 2:00:00 CH,3.3,335389.6,9.8,9.4
7853,15:00:00,23/11/2024 3:00:00 CH,3.5,335398.2,8.6,8.7
7854,16:00:00,23/11/2024 4:00:00 CH,3.5,335408.0,9.8,10.0
7855,17:00:00,23/11/2024 5:00:00 CH,3.7,335417.1,9.1,8.7
7856,18:00:00,23/11/2024 6:00:00 CH,3.4,335432.0,14.9,14.9
7857,19:00:00,23/11/2024 7:00:00 CH,3.6,335447.3,15.3,15.2
7858,20:00:00,23/11/2024 8:00:00 CH,3.7,335462.1,14.8,14.7
7859,21:00:00,23/11/2024 9:00:00 CH,3.6,335471.7,9.6,10.7
7860,22:00:00,23/11/2024 10:00:00 CH,3.5,335480.0,8.3,7.9
7861,23:00:00,23/11/2024 11:00:00 CH,3.2,335488.8,8.8,8.7
7862,00:00:00,24/11/2024 12:00:00 SA,2.9,335494.9,6.1,6.6
7863,01:00:00,24/11/2024 1:00:00 SA,2.9,335498.9,4.0,3.9
7864,02:00:00,24/11/2024 2:00:00 SA,2.9,335502.7,3.8,3.6
7865,03:00:00,24/11/2024 3:00:00 SA,2.9,335505.8,3.1,3.1
7866,04:00:00,24/11/2024 4:00:00 SA,3.0,335508.1,2.3,2.3
7867,05:00:00,24/11/2024 5:00:00 SA,3.2,335510.9,2.8,3.0
7868,06:00:00,24/11/2024 6:00:00 SA,3.5,335515.0,4.1,3.7
7869,07:00:00,24/11/2024 7:00:00 SA,3.4,335523.9,8.9,8.2
7870,08:00:00,24/11/2024 8:00:00 SA,3.4,335539.5,15.6,15.0
7871,09:00:00,24/11/2024 9:00:00 SA,3.6,335555.9,16.4,16.3
7872,10:00:00,24/11/2024 10:00:00 SA,3.5,335569.0,13.1,13.1
7873,11:00:00,24/11/2024 11:00:00 SA,3.5,335579.9,10.9,9.8
7874,12:00:00,24/11/2024 12:00:00 CH,3.6,335590.3,10.4,10.2
7875,13:00:00,24/11/2024 1:00:00 CH,3.3,335599.7,9.4,9.3
7876,14:00:00,24/11/2024 2:00:00 CH,3.3,335607.2,7.5,7.4
7877,15:00:00,24/11/2024 3:00:00 CH,3.4,335614.5,7.3,7.2
7878,16:00:00,24/11/2024 4:00:00 CH,3.4,335626.9,12.4,11.6
7879,17:00:00,24/11/2024 5:00:00 CH,3.4,335641.0,14.1,12.7
7880,18:00:00,24/11/2024 6:00:00 CH,3.4,335658.4,17.4,17.6
7881,19:00:00,24/11/2024 7:00:00 CH,3.6,335675.9,17.5,17.3
7882,20:00:00,24/11/2024 8:00:00 CH,3.6,335689.2,13.3,13.9
7883,21:00:00,24/11/2024 9:00:00 CH,3.6,335702.8,13.6,12.7
7884,22:00:00,24/11/2024 10:00:00 CH,3.5,335714.7,11.9,11.3
7885,23:00:00,24/11/2024 11:00:00 CH,3.1,335725.8,11.1,12.1
7886,00:00:00,25/11/2024 12:00:00 SA,3.2,335730.1,4.3,4.5
7887,01:00:00,25/11/2024 1:00:00 SA,3.0,335734.4,4.3,4.2
7888,02:00:00,25/11/2024 2:00:00 SA,2.9,335738.8,4.4,4.4
7889,03:00:00,25/11/2024 3:00:00 SA,3.0,335740.9,2.1,2.1
7890,04:00:00,25/11/2024 4:00:00 SA,3.0,335743.1,2.2,2.1
7891,05:00:00,25/11/2024 5:00:00 SA,3.2,335745.9,2.8,2.6
7892,06:00:00,25/11/2024 6:00:00 SA,3.4,335752.2,6.3,6.1
7893,07:00:00,25/11/2024 7:00:00 SA,3.5,335764.2,12.0,12.2
7894,08:00:00,25/11/2024 8:00:00 SA,3.5,335776.8,12.6,12.6
7895,09:00:00,25/11/2024 9:00:00 SA,3.5,335785.7,8.9,8.5
7896,10:00:00,25/11/2024 10:00:00 SA,3.5,335795.1,9.4,9.8
7897,11:00:00,25/11/2024 11:00:00 SA,3.5,335805.9,10.8,10.5
7898,12:00:00,25/11/2024 12:00:00 CH,3.5,335817.2,11.3,10.8
7899,13:00:00,25/11/2024 1:00:00 CH,3.3,335825.0,7.8,7.5
7900,14:00:00,25/11/2024 2:00:00 CH,3.3,335831.6,6.6,6.9
7901,15:00:00,25/11/2024 3:00:00 CH,3.3,335838.8,7.2,6.3
7902,16:00:00,25/11/2024 4:00:00 CH,3.4,335847.5,8.7,8.8
7903,17:00:00,25/11/2024 5:00:00 CH,3.5,335856.4,8.9,8.7
7904,18:00:00,25/11/2024 6:00:00 CH,3.3,335871.4,15.0,14.0
7905,19:00:00,25/11/2024 7:00:00 CH,3.4,335887.7,16.3,16.1
7906,20:00:00,25/11/2024 8:00:00 CH,3.5,335900.8,13.1,13.3
7907,21:00:00,25/11/2024 9:00:00 CH,3.4,335912.7,11.9,11.8
7908,22:00:00,25/11/2024 10:00:00 CH,3.3,335923.0,10.3,10.8
7909,23:00:00,25/11/2024 11:00:00 CH,3.5,335933.2,10.2,10.6
7910,00:00:00,26/11/2024 12:00:00 SA,3.0,335937.3,4.1,4.1
7911,01:00:00,26/11/2024 1:00:00 SA,2.9,335943.3,6.0,6.2
7912,02:00:00,26/11/2024 2:00:00 SA,2.9,335945.9,2.6,2.2
7913,03:00:00,26/11/2024 3:00:00 SA,2.9,335950.3,4.4,4.5
7914,04:00:00,26/11/2024 4:00:00 SA,2.9,335952.5,2.2,2.3
7915,05:00:00,26/11/2024 5:00:00 SA,2.9,335955.3,2.8,2.7
7916,06:00:00,26/11/2024 6:00:00 SA,3.3,335961.5,6.2,6.0
7917,07:00:00,26/11/2024 7:00:00 SA,3.3,335974.2,12.7,12.5
7918,08:00:00,26/11/2024 8:00:00 SA,3.4,335987.9,13.7,13.5
7919,09:00:00,26/11/2024 9:00:00 SA,0.0,0.0,-335987.9,10.3
7920,10:00:00,26/11/2024 10:00:00 SA,3.4,336008.7,336008.7,9.1
7921,11:00:00,26/11/2024 11:00:00 SA,3.4,336017.7,9.0,9.6
7922,12:00:00,26/11/2024 12:00:00 CH,3.3,336026.1,8.4,8.3
7923,13:00:00,26/11/2024 1:00:00 CH,3.3,336033.1,7.0,6.7
7924,14:00:00,26/11/2024 2:00:00 CH,3.3,336041.4,8.3,8.1
7925,15:00:00,26/11/2024 3:00:00 CH,3.2,336050.4,9.0,8.6
7926,16:00:00,26/11/2024 4:00:00 CH,3.4,336058.3,7.9,8.1
7927,17:00:00,26/11/2024 5:00:00 CH,3.4,336067.2,8.9,8.9
7928,18:00:00,26/11/2024 6:00:00 CH,3.4,336081.6,14.4,14.5
7929,19:00:00,26/11/2024 7:00:00 CH,3.5,336097.7,16.1,14.9
7930,20:00:00,26/11/2024 8:00:00 CH,3.5,336110.9,13.2,12.1
7931,21:00:00,26/11/2024 9:00:00 CH,3.4,336123.1,12.2,12.4
7932,22:00:00,26/11/2024 10:00:00 CH,3.5,336135.6,12.5,12.7
7933,23:00:00,26/11/2024 11:00:00 CH,3.2,336143.4,7.8,7.4
7934,00:00:00,27/11/2024 12:00:00 SA,2.9,336149.2,5.8,5.9
7935,01:00:00,27/11/2024 1:00:00 SA,3.0,336153.1,3.9,4.0
7936,02:00:00,27/11/2024 2:00:00 SA,2.9,336156.6,3.5,3.6
7937,03:00:00,27/11/2024 3:00:00 SA,2.9,336159.9,3.3,3.3
7938,04:00:00,27/11/2024 4:00:00 SA,2.9,336162.4,2.5,2.4
7939,05:00:00,27/11/2024 5:00:00 SA,3.1,336165.2,2.8,2.5
7940,06:00:00,27/11/2024 6:00:00 SA,3.5,336171.4,6.2,6.0
7941,07:00:00,27/11/2024 7:00:00 SA,3.4,336184.6,13.2,12.5
7942,08:00:00,27/11/2024 8:00:00 SA,3.6,336196.8,12.2,11.5
7943,09:00:00,27/11/2024 9:00:00 SA,3.5,336207.5,10.7,11.1
7944,10:00:00,27/11/2024 10:00:00 SA,3.4,336215.7,8.2,8.4
7945,11:00:00,27/11/2024 11:00:00 SA,3.5,336226.9,11.2,10.9
7946,12:00:00,27/11/2024 12:00:00 CH,3.4,336236.1,9.2,9.0
7947,13:00:00,27/11/2024 1:00:00 CH,3.4,336243.2,7.1,7.4
7948,14:00:00,27/11/2024 2:00:00 CH,3.3,336249.9,6.7,6.6
7949,15:00:00,27/11/2024 3:00:00 CH,3.3,336255.2,5.3,5.9
7950,16:00:00,27/11/2024 4:00:00 CH,3.3,336262.2,7.0,6.8
7951,17:00:00,27/11/2024 5:00:00 CH,3.5,336270.2,8.0,7.7
7952,18:00:00,27/11/2024 6:00:00 CH,3.4,336282.7,12.5,12.1
7953,19:00:00,27/11/2024 7:00:00 CH,3.5,336299.3,16.6,16.6
7954,20:00:00,27/11/2024 8:00:00 CH,3.5,336314.1,14.8,14.9
7955,21:00:00,27/11/2024 9:00:00 CH,3.4,336326.0,11.9,12.5
7956,22:00:00,27/11/2024 10:00:00 CH,3.4,336336.4,10.4,10.7
7957,23:00:00,27/11/2024 11:00:00 CH,3.2,336346.2,9.8,9.6
7958,00:00:00,28/11/2024 12:00:00 SA,2.8,336352.8,6.6,6.3
7959,01:00:00,28/11/2024 1:00:00 SA,2.9,336355.7,2.9,2.7
7960,02:00:00,28/11/2024 2:00:00 SA,2.9,336359.6,3.9,3.6
7961,03:00:00,28/11/2024 3:00:00 SA,2.9,336362.0,2.4,2.4
7962,04:00:00,28/11/2024 4:00:00 SA,2.9,336365.7,3.7,3.6
7963,05:00:00,28/11/2024 5:00:00 SA,3.1,336368.6,2.9,2.6
7964,06:00:00,28/11/2024 6:00:00 SA,3.4,336374.4,5.8,5.8
7965,07:00:00,28/11/2024 7:00:00 SA,3.4,336387.0,12.6,12.5
7966,08:00:00,28/11/2024 8:00:00 SA,3.6,336400.4,13.4,13.4
7967,09:00:00,28/11/2024 9:00:00 SA,3.5,336411.8,11.4,11.5
7968,10:00:00,28/11/2024 10:00:00 SA,3.5,336423.2,11.4,11.2
7969,11:00:00,28/11/2024 11:00:00 SA,3.4,336432.4,9.2,8.3
7970,12:00:00,28/11/2024 12:00:00 CH,3.5,336441.8,9.4,9.4
7971,13:00:00,28/11/2024 1:00:00 CH,3.4,336448.8,7.0,7.0
7972,14:00:00,28/11/2024 2:00:00 CH,3.4,336455.6,6.8,6.2
7973,15:00:00,28/11/2024 3:00:00 CH,3.4,336462.1,6.5,6.2
7974,16:00:00,28/11/2024 4:00:00 CH,3.4,336471.0,8.9,8.4
7975,17:00:00,28/11/2024 5:00:00 CH,3.5,336482.1,11.1,10.9
7976,18:00:00,28/11/2024 6:00:00 CH,3.4,336497.8,15.7,15.4
7977,19:00:00,28/11/2024 7:00:00 CH,3.5,336515.1,17.3,16.9
7978,20:00:00,28/11/2024 8:00:00 CH,3.5,336530.2,15.1,14.8
7979,21:00:00,28/11/2024 9:00:00 CH,3.4,336543.1,12.9,12.9
7980,22:00:00,28/11/2024 10:00:00 CH,3.3,336554.5,11.4,11.0
7981,23:00:00,28/11/2024 11:00:00 CH,3.5,336564.4,9.9,9.6
7982,00:00:00,29/11/2024 12:00:00 SA,2.9,336570.3,5.9,5.6
7983,01:00:00,29/11/2024 1:00:00 SA,2.8,336573.0,2.7,2.8
7984,02:00:00,29/11/2024 2:00:00 SA,2.9,336575.3,2.3,2.4
7985,03:00:00,29/11/2024 3:00:00 SA,2.9,336579.3,4.0,4.0
7986,04:00:00,29/11/2024 4:00:00 SA,2.9,336581.6,2.3,2.3
7987,05:00:00,29/11/2024 5:00:00 SA,3.1,336584.5,2.9,3.1
7988,06:00:00,29/11/2024 6:00:00 SA,3.4,336590.4,5.9,5.7
7989,07:00:00,29/11/2024 7:00:00 SA,3.4,336603.7,13.3,12.8
7990,08:00:00,29/11/2024 8:00:00 SA,3.5,336615.6,11.9,12.7
7991,09:00:00,29/11/2024 9:00:00 SA,3.6,336629.1,13.5,13.3
7992,10:00:00,29/11/2024 10:00:00 SA,3.5,336636.9,7.8,7.8
7993,11:00:00,29/11/2024 11:00:00 SA,3.6,336644.2,7.3,6.6
7994,12:00:00,29/11/2024 12:00:00 CH,3.5,336652.8,8.6,7.7
7995,13:00:00,29/11/2024 1:00:00 CH,3.5,336660.5,7.7,7.4
7996,14:00:00,29/11/2024 2:00:00 CH,3.3,336667.6,7.1,7.1
7997,15:00:00,29/11/2024 3:00:00 CH,3.3,336674.4,6.8,6.8
7998,16:00:00,29/11/2024 4:00:00 CH,3.4,336682.8,8.4,8.0
7999,17:00:00,29/11/2024 5:00:00 CH,3.5,336694.4,11.6,11.4
8000,18:00:00,29/11/2024 6:00:00 CH,3.3,336710.1,15.7,15.1
8001,19:00:00,29/11/2024 7:00:00 CH,3.5,336728.0,17.9,18.1
8002,20:00:00,29/11/2024 8:00:00 CH,3.5,336741.7,13.7,13.7
8003,21:00:00,29/11/2024 9:00:00 CH,3.2,336753.1,11.4,11.2
8004,22:00:00,29/11/2024 10:00:00 CH,2.8,336762.8,9.7,9.6
8005,23:00:00,29/11/2024 11:00:00 CH,2.6,336770.5,7.7,7.5
8006,00:00:00,30/11/2024 12:00:00 SA,2.9,336776.4,5.9,5.7
8007,01:00:00,30/11/2024 1:00:00 SA,2.6,336779.5,3.1,3.1
8008,02:00:00,30/11/2024 2:00:00 SA,2.8,336783.1,3.6,3.3
8009,03:00:00,30/11/2024 3:00:00 SA,2.6,336785.4,2.3,2.2
8010,04:00:00,30/11/2024 4:00:00 SA,1.7,336787.3,1.9,1.9
8011,05:00:00,30/11/2024 5:00:00 SA,2.4,336789.7,2.4,2.2
8012,06:00:00,30/11/2024 6:00:00 SA,3.4,336794.5,4.8,4.5
8013,07:00:00,30/11/2024 7:00:00 SA,3.3,336806.4,11.9,12.4
8014,08:00:00,30/11/2024 8:00:00 SA,3.5,336823.1,16.7,16.8
8015,09:00:00,30/11/2024 9:00:00 SA,3.5,336834.4,11.3,10.7
8016,10:00:00,30/11/2024 10:00:00 SA,3.4,336843.5,9.1,9.2
8017,11:00:00,30/11/2024 11:00:00 SA,3.5,336855.2,11.7,11.9
8018,12:00:00,30/11/2024 12:00:00 CH,3.5,336866.8,11.6,11.8
8019,13:00:00,30/11/2024 1:00:00 CH,3.4,336875.0,8.2,8.5
8020,14:00:00,30/11/2024 2:00:00 CH,3.3,336881.8,6.8,6.3
8021,15:00:00,30/11/2024 3:00:00 CH,3.2,336891.0,9.2,8.8
8022,16:00:00,30/11/2024 4:00:00 CH,3.5,336900.9,9.9,9.7
8023,17:00:00,30/11/2024 5:00:00 CH,3.6,336912.0,11.1,10.8
8024,18:00:00,30/11/2024 6:00:00 CH,3.4,336929.3,17.3,16.5
8025,19:00:00,30/11/2024 7:00:00 CH,3.5,336946.1,16.8,17.2
8026,20:00:00,30/11/2024 8:00:00 CH,3.4,336959.9,13.8,12.7
8027,21:00:00,30/11/2024 9:00:00 CH,3.4,336973.0,13.1,13.3
8028,22:00:00,30/11/2024 10:00:00 CH,3.4,336983.9,10.9,11.4
8029,23:00:00,30/11/2024 11:00:00 CH,3.1,336993.2,9.3,9.0
8030,00:00:00,01/12/2024 12:00:00 SA,3.2,336998.3,5.1,5.0
8031,01:00:00,01/12/2024 1:00:00 SA,2.8,337002.4,4.1,3.8
8032,02:00:00,01/12/2024 2:00:00 SA,2.9,337006.5,4.1,4.1
8033,03:00:00,01/12/2024 3:00:00 SA,2.9,337010.6,4.1,3.9
8034,04:00:00,01/12/2024 4:00:00 SA,2.9,337013.1,2.5,2.5
8035,05:00:00,01/12/2024 5:00:00 SA,3.0,337015.8,2.7,2.7
8036,06:00:00,01/12/2024 6:00:00 SA,3.1,337020.1,4.3,3.5
8037,07:00:00,01/12/2024 7:00:00 SA,3.4,337029.7,9.6,9.1
8038,09:00:00,01/12/2024 9:00:00 SA,3.3,337054.6,24.9,0.0
8039,10:00:00,01/12/2024 10:00:00 SA,3.3,337068.9,14.3,15.0
8040,11:00:00,01/12/2024 11:00:00 SA,3.4,337080.4,11.5,12.4
8041,12:00:00,01/12/2024 12:00:00 CH,3.5,337091.0,10.6,10.1
8042,13:00:00,01/12/2024 1:00:00 CH,3.3,337100.1,9.1,8.7
8043,14:00:00,01/12/2024 2:00:00 CH,3.3,337107.8,7.7,7.7
8044,15:00:00,01/12/2024 3:00:00 CH,3.5,337115.5,7.7,7.2
8045,16:00:00,01/12/2024 4:00:00 CH,3.4,337125.5,10.0,9.3
8046,17:00:00,01/12/2024 5:00:00 CH,3.5,337137.2,11.7,11.6
8047,18:00:00,01/12/2024 6:00:00 CH,3.3,337154.1,16.9,16.3
8048,19:00:00,01/12/2024 7:00:00 CH,3.2,337172.3,18.2,17.4
8049,20:00:00,01/12/2024 8:00:00 CH,3.2,337186.4,14.1,14.1
8050,21:00:00,01/12/2024 9:00:00 CH,3.3,337197.6,11.2,11.7
8051,22:00:00,01/12/2024 10:00:00 CH,3.3,337207.4,9.8,10.3
8052,23:00:00,01/12/2024 11:00:00 CH,3.2,337216.6,9.2,9.4
8053,00:00:00,02/12/2024 12:00:00 SA,2.9,337223.0,6.4,6.2
8054,01:00:00,02/12/2024 1:00:00 SA,2.9,337226.4,3.4,3.7
8055,02:00:00,02/12/2024 2:00:00 SA,2.9,337230.0,3.6,3.3
8056,03:00:00,02/12/2024 3:00:00 SA,3.1,337233.5,3.5,3.2
8057,04:00:00,02/12/2024 4:00:00 SA,3.0,337236.2,2.7,2.7
8058,05:00:00,02/12/2024 5:00:00 SA,3.1,337239.6,3.4,3.6
8059,06:00:00,02/12/2024 6:00:00 SA,3.1,337245.6,6.0,5.6
8060,07:00:00,02/12/2024 7:00:00 SA,3.5,337257.9,12.3,12.0
8061,08:00:00,02/12/2024 8:00:00 SA,3.5,337270.8,12.9,13.2
8062,09:00:00,02/12/2024 9:00:00 SA,3.5,337284.3,13.5,11.3
8063,10:00:00,02/12/2024 10:00:00 SA,3.5,337295.6,11.3,11.2
8064,11:00:00,02/12/2024 11:00:00 SA,3.6,337303.7,8.1,7.6
8065,12:00:00,02/12/2024 12:00:00 CH,3.6,337312.1,8.4,8.3
8066,13:00:00,02/12/2024 1:00:00 CH,3.3,337319.6,7.5,7.5
8067,14:00:00,02/12/2024 2:00:00 CH,3.3,337328.1,8.5,7.8
8068,15:00:00,02/12/2024 3:00:00 CH,3.3,337336.5,8.4,8.5
8069,16:00:00,02/12/2024 4:00:00 CH,3.2,337345.8,9.3,9.5
8070,17:00:00,02/12/2024 5:00:00 CH,3.3,337357.3,11.5,11.2
8071,18:00:00,02/12/2024 6:00:00 CH,3.3,337371.9,14.6,13.3
8072,19:00:00,02/12/2024 7:00:00 CH,3.4,337387.8,15.9,15.9
8073,20:00:00,02/12/2024 8:00:00 CH,3.5,337402.5,14.7,14.7
8074,21:00:00,02/12/2024 9:00:00 CH,3.4,337415.3,12.8,12.1
8075,22:00:00,02/12/2024 10:00:00 CH,3.4,337426.1,10.8,10.9
8076,23:00:00,02/12/2024 11:00:00 CH,3.3,337436.6,10.5,10.4
8077,00:00:00,03/12/2024 12:00:00 SA,3.0,337442.3,5.7,5.6
8078,01:00:00,03/12/2024 1:00:00 SA,3.0,337446.4,4.1,4.3
8079,02:00:00,03/12/2024 2:00:00 SA,3.0,337448.9,2.5,2.3
8080,03:00:00,03/12/2024 3:00:00 SA,3.0,337451.7,2.8,2.5
8081,04:00:00,03/12/2024 4:00:00 SA,3.1,337454.8,3.1,3.1
8082,05:00:00,03/12/2024 5:00:00 SA,3.3,337457.9,3.1,3.1
8083,06:00:00,03/12/2024 6:00:00 SA,3.5,337463.9,6.0,5.3
8084,07:00:00,03/12/2024 7:00:00 SA,3.4,337479.7,15.8,16.4
8085,08:00:00,03/12/2024 8:00:00 SA,3.5,337491.0,11.3,11.5
8086,09:00:00,03/12/2024 9:00:00 SA,3.5,337502.0,11.0,9.8
8087,10:00:00,03/12/2024 10:00:00 SA,3.4,337512.2,10.2,9.9
8088,11:00:00,03/12/2024 11:00:00 SA,3.5,337520.9,8.7,8.4
8089,12:00:00,03/12/2024 12:00:00 CH,3.5,337529.9,9.0,8.3
8090,13:00:00,03/12/2024 1:00:00 CH,3.2,337536.9,7.0,6.9
8091,14:00:00,03/12/2024 2:00:00 CH,3.3,337542.9,6.0,6.1
8092,15:00:00,03/12/2024 3:00:00 CH,3.3,337548.2,5.3,5.2
8093,16:00:00,03/12/2024 4:00:00 CH,3.4,337554.7,6.5,6.8
8094,17:00:00,03/12/2024 5:00:00 CH,3.4,337564.6,9.9,10.1
8095,18:00:00,03/12/2024 6:00:00 CH,3.3,337579.9,15.3,15.6
8096,19:00:00,03/12/2024 7:00:00 CH,3.4,337597.5,17.6,17.7
8097,20:00:00,03/12/2024 8:00:00 CH,3.5,337612.0,14.5,14.0
8098,21:00:00,03/12/2024 9:00:00 CH,3.5,337625.2,13.2,12.5
8099,22:00:00,03/12/2024 10:00:00 CH,3.5,337636.0,10.8,10.5
8100,23:00:00,03/12/2024 11:00:00 CH,3.4,337645.7,9.7,9.8
8101,00:00:00,04/12/2024 12:00:00 SA,3.0,337651.1,5.4,5.6
8102,01:00:00,04/12/2024 1:00:00 SA,3.0,337655.3,4.2,4.0
8103,02:00:00,04/12/2024 2:00:00 SA,3.0,337659.4,4.1,4.1
8104,03:00:00,04/12/2024 3:00:00 SA,3.0,337662.2,2.8,2.9
8105,04:00:00,04/12/2024 4:00:00 SA,3.2,337665.3,3.1,3.0
8106,05:00:00,04/12/2024 5:00:00 SA,3.3,337668.7,3.4,3.6
8107,06:00:00,04/12/2024 6:00:00 SA,3.5,337675.5,6.8,6.3
8108,07:00:00,04/12/2024 7:00:00 SA,3.4,337688.2,12.7,12.7
8109,08:00:00,04/12/2024 8:00:00 SA,3.5,337702.5,14.3,14.4
8110,09:00:00,04/12/2024 9:00:00 SA,3.7,337716.2,13.7,12.9
8111,10:00:00,04/12/2024 10:00:00 SA,3.7,337728.1,11.9,11.6
8112,11:00:00,04/12/2024 11:00:00 SA,3.5,337737.8,9.7,10.2
8113,12:00:00,04/12/2024 12:00:00 CH,0.0,337747.4,9.6,8.8
8114,13:00:00,04/12/2024 1:00:00 CH,3.3,337756.8,9.4,8.6
8115,14:00:00,04/12/2024 2:00:00 CH,3.3,337766.0,9.2,9.2
8116,15:00:00,04/12/2024 3:00:00 CH,3.2,337775.0,9.0,8.4
8117,16:00:00,04/12/2024 4:00:00 CH,3.3,337784.2,9.2,8.3
8118,17:00:00,04/12/2024 5:00:00 CH,3.4,337793.2,9.0,8.7
8119,18:00:00,04/12/2024 6:00:00 CH,3.2,337807.1,13.9,13.6
8120,19:00:00,04/12/2024 7:00:00 CH,3.4,337822.9,15.8,14.7
8121,20:00:00,04/12/2024 8:00:00 CH,3.5,337837.6,14.7,15.6
8122,21:00:00,04/12/2024 9:00:00 CH,3.5,337851.0,13.4,13.6
8123,22:00:00,04/12/2024 10:00:00 CH,3.5,337861.4,10.4,10.5
8124,23:00:00,04/12/2024 11:00:00 CH,3.2,337872.3,10.9,11.1
8125,00:00:00,05/12/2024 12:00:00 SA,3.0,337877.1,4.8,4.5
8126,01:00:00,05/12/2024 1:00:00 SA,2.8,337882.0,4.9,4.9
8127,02:00:00,05/12/2024 2:00:00 SA,3.0,337885.3,3.3,2.8
8128,03:00:00,05/12/2024 3:00:00 SA,2.9,337888.6,3.3,3.5
8129,04:00:00,05/12/2024 4:00:00 SA,2.8,337890.8,2.2,2.1
8130,05:00:00,05/12/2024 5:00:00 SA,3.2,337894.3,3.5,3.4
8131,06:00:00,05/12/2024 6:00:00 SA,3.3,337900.0,5.7,5.3
8132,07:00:00,05/12/2024 7:00:00 SA,3.3,337912.4,12.4,12.8
8133,08:00:00,05/12/2024 8:00:00 SA,3.5,337925.8,13.4,13.0
8134,09:00:00,05/12/2024 9:00:00 SA,3.6,337936.8,11.0,11.2
8135,10:00:00,05/12/2024 10:00:00 SA,3.6,337945.4,8.6,8.5
8136,11:00:00,05/12/2024 11:00:00 SA,3.6,337953.7,8.3,8.4
8137,12:00:00,05/12/2024 12:00:00 CH,3.4,337962.7,9.0,9.1
8138,13:00:00,05/12/2024 1:00:00 CH,3.3,337971.3,8.6,9.0
8139,14:00:00,05/12/2024 2:00:00 CH,3.3,337978.9,7.6,7.5
8140,15:00:00,05/12/2024 3:00:00 CH,3.2,337987.4,8.5,8.6
8141,16:00:00,05/12/2024 4:00:00 CH,3.3,337993.9,6.5,6.6
8142,17:00:00,05/12/2024 5:00:00 CH,3.4,338005.1,11.2,11.2
8143,18:00:00,05/12/2024 6:00:00 CH,3.3,338020.6,15.5,15.9
8144,19:00:00,05/12/2024 7:00:00 CH,3.4,338038.0,17.4,16.7
8145,20:00:00,05/12/2024 8:00:00 CH,3.5,338051.0,13.0,12.9
8146,21:00:00,05/12/2024 9:00:00 CH,3.5,338063.0,12.0,11.8
8147,22:00:00,05/12/2024 10:00:00 CH,3.4,338074.9,11.9,11.8
8148,23:00:00,05/12/2024 11:00:00 CH,3.2,338084.6,9.7,10.6
8149,00:00:00,06/12/2024 12:00:00 SA,3.1,338091.4,6.8,7.1
8150,01:00:00,06/12/2024 1:00:00 SA,3.0,338094.7,3.3,3.2
8151,02:00:00,06/12/2024 2:00:00 SA,3.1,338099.4,4.7,4.6
8152,03:00:00,06/12/2024 3:00:00 SA,2.8,338102.4,3.0,2.8
8153,04:00:00,06/12/2024 4:00:00 SA,3.1,338105.8,3.4,3.5
8154,05:00:00,06/12/2024 5:00:00 SA,3.0,338109.2,3.4,3.3
8155,06:00:00,06/12/2024 6:00:00 SA,3.6,338115.4,6.2,5.5
8156,07:00:00,06/12/2024 7:00:00 SA,3.4,338128.1,12.7,13.2
8157,08:00:00,06/12/2024 8:00:00 SA,3.5,338139.2,11.1,10.1
8158,09:00:00,06/12/2024 9:00:00 SA,3.6,338147.4,8.2,8.6
8159,10:00:00,06/12/2024 10:00:00 SA,3.6,338156.0,8.6,8.7
8160,11:00:00,06/12/2024 11:00:00 SA,3.6,338166.2,10.2,9.9
8161,12:00:00,06/12/2024 12:00:00 CH,3.4,338174.8,8.6,8.1
8162,13:00:00,06/12/2024 1:00:00 CH,3.4,338181.7,6.9,7.1
8163,14:00:00,06/12/2024 2:00:00 CH,3.3,338188.3,6.6,6.0
8164,15:00:00,06/12/2024 3:00:00 CH,3.2,338194.2,5.9,6.4
8165,16:00:00,06/12/2024 4:00:00 CH,3.4,338200.9,6.7,6.5
8166,17:00:00,06/12/2024 5:00:00 CH,3.5,338210.1,9.2,9.3
8167,18:00:00,06/12/2024 6:00:00 CH,3.3,338223.6,13.5,13.6
8168,19:00:00,06/12/2024 7:00:00 CH,3.4,338237.5,13.9,13.3
8169,20:00:00,06/12/2024 8:00:00 CH,3.6,338250.2,12.7,12.6
8170,21:00:00,06/12/2024 9:00:00 CH,3.5,338261.7,11.5,11.8
8171,22:00:00,06/12/2024 10:00:00 CH,3.4,338272.6,10.9,11.3
8172,23:00:00,06/12/2024 11:00:00 CH,3.2,338282.8,10.2,10.8
8173,00:00:00,07/12/2024 12:00:00 SA,2.9,338288.3,5.5,5.6
8174,01:00:00,07/12/2024 1:00:00 SA,2.9,338293.2,4.9,4.7
8175,02:00:00,07/12/2024 2:00:00 SA,2.9,338297.0,3.8,3.6
8176,03:00:00,07/12/2024 3:00:00 SA,2.9,338299.8,2.8,2.9
8177,04:00:00,07/12/2024 4:00:00 SA,3.0,338303.5,3.7,3.4
8178,05:00:00,07/12/2024 5:00:00 SA,3.1,338309.9,6.4,6.4
8179,06:00:00,07/12/2024 6:00:00 SA,3.6,338316.1,6.2,6.1
8180,07:00:00,07/12/2024 7:00:00 SA,3.4,338326.7,10.6,9.7
8181,08:00:00,07/12/2024 8:00:00 SA,3.5,338341.5,14.8,14.7
8182,09:00:00,07/12/2024 9:00:00 SA,3.7,338352.8,11.3,11.6
8183,10:00:00,07/12/2024 10:00:00 SA,3.5,338362.4,9.6,9.5
8184,11:00:00,07/12/2024 11:00:00 SA,3.3,338373.2,10.8,11.3
8185,12:00:00,07/12/2024 12:00:00 CH,3.4,338382.5,9.3,9.1
8186,13:00:00,07/12/2024 1:00:00 CH,3.5,338391.1,8.6,8.7
8187,14:00:00,07/12/2024 2:00:00 CH,3.3,338398.1,7.0,6.9
8188,15:00:00,07/12/2024 3:00:00 CH,3.2,338406.5,8.4,8.5
8189,16:00:00,07/12/2024 4:00:00 CH,3.2,338414.0,7.5,7.5
8190,17:00:00,07/12/2024 5:00:00 CH,3.4,338423.3,9.3,8.7
8191,18:00:00,07/12/2024 6:00:00 CH,3.3,338437.5,14.2,14.0
8192,19:00:00,07/12/2024 7:00:00 CH,3.5,338451.5,14.0,13.2
8193,20:00:00,07/12/2024 8:00:00 CH,3.5,338463.9,12.4,13.1
8194,21:00:00,07/12/2024 9:00:00 CH,3.5,338474.7,10.8,10.7
8195,22:00:00,07/12/2024 10:00:00 CH,3.4,338484.2,9.5,9.2
8196,23:00:00,07/12/2024 11:00:00 CH,3.3,338493.8,9.6,9.1
8197,00:00:00,08/12/2024 12:00:00 SA,2.9,338499.9,6.1,6.0
8198,01:00:00,08/12/2024 1:00:00 SA,2.9,338503.5,3.6,3.7
8199,02:00:00,08/12/2024 2:00:00 SA,3.0,338508.2,4.7,4.8
8200,03:00:00,08/12/2024 3:00:00 SA,3.0,338510.7,2.5,2.4
8201,04:00:00,08/12/2024 4:00:00 SA,3.0,338513.3,2.6,2.5
8202,05:00:00,08/12/2024 5:00:00 SA,3.1,338516.3,3.0,2.8
8203,06:00:00,08/12/2024 6:00:00 SA,3.1,338520.6,4.3,4.0
8204,07:00:00,08/12/2024 7:00:00 SA,3.4,338528.4,7.8,7.3
8205,08:00:00,08/12/2024 8:00:00 SA,3.4,338541.6,13.2,12.1
8206,09:00:00,08/12/2024 9:00:00 SA,3.4,338554.1,12.5,11.9
8207,10:00:00,08/12/2024 10:00:00 SA,3.4,338564.7,10.6,11.0
8208,11:00:00,08/12/2024 11:00:00 SA,3.5,338573.0,8.3,8.5
8209,12:00:00,08/12/2024 12:00:00 CH,3.4,338582.2,9.2,8.9
8210,13:00:00,08/12/2024 1:00:00 CH,3.4,338589.8,7.6,7.4
8211,14:00:00,08/12/2024 2:00:00 CH,3.3,338598.3,8.5,8.5
8212,15:00:00,08/12/2024 3:00:00 CH,3.5,338607.9,9.6,10.0
8213,16:00:00,08/12/2024 4:00:00 CH,3.5,338617.0,9.1,9.4
8214,17:00:00,08/12/2024 5:00:00 CH,3.5,338628.3,11.3,10.7
8215,18:00:00,08/12/2024 6:00:00 CH,3.2,338642.3,14.0,14.0
8216,19:00:00,08/12/2024 7:00:00 CH,3.3,338657.9,15.6,16.0
8217,20:00:00,08/12/2024 8:00:00 CH,3.4,338670.5,12.6,12.6
8218,21:00:00,08/12/2024 9:00:00 CH,3.4,338681.8,11.3,11.1
8219,22:00:00,08/12/2024 10:00:00 CH,3.4,338691.4,9.6,9.3
8220,23:00:00,08/12/2024 11:00:00 CH,3.2,338700.3,8.9,9.4
8221,00:00:00,09/12/2024 12:00:00 SA,2.8,338704.4,4.1,3.9
8222,01:00:00,09/12/2024 1:00:00 SA,2.8,338709.3,4.9,4.9
8223,02:00:00,09/12/2024 2:00:00 SA,2.9,338712.6,3.3,3.1
8224,03:00:00,09/12/2024 3:00:00 SA,2.9,338716.1,3.5,3.3
8225,04:00:00,09/12/2024 4:00:00 SA,2.9,338718.8,2.7,2.8
8226,05:00:00,09/12/2024 5:00:00 SA,3.1,338722.0,3.2,3.3
8227,06:00:00,09/12/2024 6:00:00 SA,2.9,338727.6,5.6,4.7
8228,07:00:00,09/12/2024 7:00:00 SA,3.4,338738.8,11.2,10.7
8229,08:00:00,09/12/2024 8:00:00 SA,3.4,338749.6,10.8,10.2
8230,09:00:00,09/12/2024 9:00:00 SA,3.3,338761.4,11.8,11.9
8231,10:00:00,09/12/2024 10:00:00 SA,3.5,338770.5,9.1,9.5
8232,11:00:00,09/12/2024 11:00:00 SA,3.3,338778.6,8.1,8.1
8233,12:00:00,09/12/2024 12:00:00 CH,3.3,338787.9,9.3,9.4
8234,13:00:00,09/12/2024 1:00:00 CH,3.2,338796.1,8.2,7.3
8235,14:00:00,09/12/2024 2:00:00 CH,3.3,338804.3,8.2,8.3
8236,15:00:00,09/12/2024 3:00:00 CH,3.2,338812.7,8.4,8.3
8237,16:00:00,09/12/2024 4:00:00 CH,3.5,338821.8,9.1,9.2
8238,17:00:00,09/12/2024 5:00:00 CH,3.5,338832.6,10.8,10.7
8239,18:00:00,09/12/2024 6:00:00 CH,3.3,338845.4,12.8,12.9
8240,19:00:00,09/12/2024 7:00:00 CH,3.4,338862.2,16.8,16.0
8241,20:00:00,09/12/2024 8:00:00 CH,3.4,338876.5,14.3,13.8
8242,21:00:00,09/12/2024 9:00:00 CH,3.4,338888.6,12.1,12.2
8243,22:00:00,09/12/2024 10:00:00 CH,3.4,338898.7,10.1,10.4
8244,23:00:00,09/12/2024 11:00:00 CH,3.2,338908.8,10.1,10.2
8245,00:00:00,10/12/2024 12:00:00 SA,2.9,338913.7,4.9,4.7
8246,01:00:00,10/12/2024 1:00:00 SA,2.9,338918.7,5.0,5.0
8247,02:00:00,10/12/2024 2:00:00 SA,2.9,338921.2,2.5,2.5
8248,03:00:00,10/12/2024 3:00:00 SA,3.0,338924.7,3.5,3.4
8249,04:00:00,10/12/2024 4:00:00 SA,3.0,338927.4,2.7,2.6
8250,05:00:00,10/12/2024 5:00:00 SA,3.2,338930.5,3.1,3.2
8251,06:00:00,10/12/2024 6:00:00 SA,3.3,338936.4,5.9,5.2
8252,07:00:00,10/12/2024 7:00:00 SA,3.3,338947.7,11.3,10.8
8253,08:00:00,10/12/2024 8:00:00 SA,3.4,338958.7,11.0,11.0
8254,09:00:00,10/12/2024 9:00:00 SA,3.4,338967.1,8.4,9.0
8255,10:00:00,10/12/2024 10:00:00 SA,3.4,338973.4,6.3,5.9
8256,11:00:00,10/12/2024 11:00:00 SA,3.4,338981.2,7.8,7.7
8257,12:00:00,10/12/2024 12:00:00 CH,3.3,338989.4,8.2,8.1
8258,13:00:00,10/12/2024 1:00:00 CH,3.3,338996.9,7.5,7.5
8259,14:00:00,10/12/2024 2:00:00 CH,3.2,339005.2,8.3,8.5
8260,15:00:00,10/12/2024 3:00:00 CH,3.3,339011.1,5.9,5.7
8261,16:00:00,10/12/2024 4:00:00 CH,3.4,339017.6,6.5,6.4
8262,17:00:00,10/12/2024 5:00:00 CH,3.5,339025.1,7.5,7.4
8263,18:00:00,10/12/2024 6:00:00 CH,3.3,339037.7,12.6,11.9
8264,19:00:00,10/12/2024 7:00:00 CH,3.4,339052.6,14.9,15.1
8265,20:00:00,10/12/2024 8:00:00 CH,3.4,339066.1,13.5,14.1
8266,21:00:00,10/12/2024 9:00:00 CH,3.3,339078.2,12.1,11.9
8267,22:00:00,10/12/2024 10:00:00 CH,3.5,339089.2,11.0,10.8
8268,23:00:00,10/12/2024 11:00:00 CH,3.4,339099.9,10.7,11.0
8269,00:00:00,11/12/2024 12:00:00 SA,3.0,339105.7,5.8,5.9
8270,01:00:00,11/12/2024 1:00:00 SA,3.0,339109.2,3.5,3.7
8271,02:00:00,11/12/2024 2:00:00 SA,3.0,339113.4,4.2,4.1
8272,03:00:00,11/12/2024 3:00:00 SA,3.0,339116.7,3.3,3.2
8273,04:00:00,11/12/2024 4:00:00 SA,3.1,339120.1,3.4,3.3
8274,05:00:00,11/12/2024 5:00:00 SA,3.2,339124.1,4.0,4.0
8275,06:00:00,11/12/2024 6:00:00 SA,3.5,339130.0,5.9,5.2
8276,07:00:00,11/12/2024 7:00:00 SA,3.4,339141.8,11.8,11.5
8277,08:00:00,11/12/2024 8:00:00 SA,3.4,339152.9,11.1,11.2
8278,09:00:00,11/12/2024 9:00:00 SA,3.4,339166.7,13.8,13.2
8279,10:00:00,11/12/2024 10:00:00 SA,3.4,339177.9,11.2,11.8
8280,11:00:00,11/12/2024 11:00:00 SA,3.4,339186.5,8.6,8.5
8281,12:00:00,11/12/2024 12:00:00 CH,3.4,339196.7,10.2,10.0
8282,13:00:00,11/12/2024 1:00:00 CH,3.3,339204.6,7.9,8.0
8283,14:00:00,11/12/2024 2:00:00 CH,3.2,339213.5,8.9,8.5
8284,15:00:00,11/12/2024 3:00:00 CH,3.3,339222.3,8.8,8.5
8285,16:00:00,11/12/2024 4:00:00 CH,3.4,339229.8,7.5,7.8
8286,17:00:00,11/12/2024 5:00:00 CH,3.4,339239.1,9.3,9.5
8287,18:00:00,11/12/2024 6:00:00 CH,3.3,339252.4,13.3,13.3
8288,19:00:00,11/12/2024 7:00:00 CH,3.4,339267.3,14.9,14.9
8289,20:00:00,11/12/2024 8:00:00 CH,3.4,339281.4,14.1,13.5
8290,21:00:00,11/12/2024 9:00:00 CH,3.4,339293.7,12.3,13.2
8291,22:00:00,11/12/2024 10:00:00 CH,3.4,339304.2,10.5,10.5
8292,23:00:00,11/12/2024 11:00:00 CH,3.2,339313.6,9.4,9.2
8293,00:00:00,12/12/2024 12:00:00 SA,2.9,339320.0,6.4,6.3
8294,01:00:00,12/12/2024 1:00:00 SA,2.9,339323.5,3.5,3.6
8295,02:00:00,12/12/2024 2:00:00 SA,2.9,339326.0,2.5,2.4
8296,03:00:00,12/12/2024 3:00:00 SA,3.0,339328.6,2.6,2.4
8297,04:00:00,12/12/2024 4:00:00 SA,3.1,339332.3,3.7,3.5
8298,05:00:00,12/12/2024 5:00:00 SA,3.2,339335.5,3.2,2.9
8299,06:00:00,12/12/2024 6:00:00 SA,3.2,339341.3,5.8,5.1
8300,07:00:00,12/12/2024 7:00:00 SA,3.4,339353.2,11.9,11.2
8301,08:00:00,12/12/2024 8:00:00 SA,3.6,339365.0,11.8,11.7
8302,09:00:00,12/12/2024 9:00:00 SA,3.6,339374.9,9.9,9.6
8303,10:00:00,12/12/2024 10:00:00 SA,3.6,339382.5,7.6,8.2
8304,11:00:00,12/12/2024 11:00:00 SA,3.6,339390.0,7.5,6.8
8305,12:00:00,12/12/2024 12:00:00 CH,3.3,339400.3,10.3,9.8
8306,13:00:00,12/12/2024 1:00:00 CH,3.4,339407.9,7.6,8.0
8307,14:00:00,12/12/2024 2:00:00 CH,3.2,339417.4,9.5,8.8
8308,15:00:00,12/12/2024 3:00:00 CH,3.3,339427.8,10.4,10.6
8309,16:00:00,12/12/2024 4:00:00 CH,3.3,339437.1,9.3,9.3
8310,17:00:00,12/12/2024 5:00:00 CH,3.5,339446.4,9.3,9.1
8311,18:00:00,12/12/2024 6:00:00 CH,3.3,339458.7,12.3,12.1
8312,19:00:00,12/12/2024 7:00:00 CH,3.4,339474.9,16.2,15.6
8313,20:00:00,12/12/2024 8:00:00 CH,3.2,339488.7,13.8,14.0
8314,21:00:00,12/12/2024 9:00:00 CH,3.2,339500.8,12.1,12.3
8315,22:00:00,12/12/2024 10:00:00 CH,3.4,339510.7,9.9,10.2
8316,23:00:00,12/12/2024 11:00:00 CH,3.2,339522.0,11.3,11.8
8317,00:00:00,13/12/2024 12:00:00 SA,2.9,339528.0,6.0,6.4
8318,01:00:00,13/12/2024 1:00:00 SA,2.9,339532.3,4.3,4.0
8319,02:00:00,13/12/2024 2:00:00 SA,2.8,339534.9,2.6,2.5
8320,03:00:00,13/12/2024 3:00:00 SA,2.9,339537.4,2.5,2.4
8321,04:00:00,13/12/2024 4:00:00 SA,3.0,339541.4,4.0,3.9
8322,05:00:00,13/12/2024 5:00:00 SA,3.0,339544.3,2.9,2.6
8323,06:00:00,13/12/2024 6:00:00 SA,3.5,339550.0,5.7,5.1
8324,07:00:00,13/12/2024 7:00:00 SA,3.4,339561.5,11.5,11.1
8325,08:00:00,13/12/2024 8:00:00 SA,3.5,339570.8,9.3,8.9
8326,09:00:00,13/12/2024 9:00:00 SA,3.7,339579.8,9.0,9.5
8327,10:00:00,13/12/2024 10:00:00 SA,3.4,339588.8,9.0,9.2
8328,11:00:00,13/12/2024 11:00:00 SA,3.4,339597.8,9.0,8.4
8329,12:00:00,13/12/2024 12:00:00 CH,3.4,339607.1,9.3,10.0
8330,13:00:00,13/12/2024 1:00:00 CH,3.4,339615.4,8.3,7.7
8331,14:00:00,13/12/2024 2:00:00 CH,3.3,339623.5,8.1,7.9
8332,15:00:00,13/12/2024 3:00:00 CH,3.3,339629.8,6.3,6.5
8333,16:00:00,13/12/2024 4:00:00 CH,3.3,339636.2,6.4,6.0
8334,17:00:00,13/12/2024 5:00:00 CH,3.5,339643.9,7.7,7.8
8335,18:00:00,13/12/2024 6:00:00 CH,3.3,339656.4,12.5,11.3
8336,19:00:00,13/12/2024 7:00:00 CH,3.4,339670.9,14.5,14.6
8337,20:00:00,13/12/2024 8:00:00 CH,3.5,339684.9,14.0,14.5
8338,21:00:00,13/12/2024 9:00:00 CH,3.4,339698.3,13.4,13.9
8339,22:00:00,13/12/2024 10:00:00 CH,3.4,339708.5,10.2,10.1
8340,23:00:00,13/12/2024 11:00:00 CH,3.3,339717.9,9.4,9.0
8341,00:00:00,14/12/2024 12:00:00 SA,3.0,339724.2,6.3,6.5
8342,01:00:00,14/12/2024 1:00:00 SA,3.0,339728.1,3.9,3.8
8343,02:00:00,14/12/2024 2:00:00 SA,2.9,339732.7,4.6,4.7
8344,03:00:00,14/12/2024 3:00:00 SA,2.9,339735.3,2.6,2.6
8345,04:00:00,14/12/2024 4:00:00 SA,3.0,339737.9,2.6,2.6
8346,05:00:00,14/12/2024 5:00:00 SA,3.2,339740.8,2.9,2.6
8347,06:00:00,14/12/2024 6:00:00 SA,3.3,339745.1,4.3,4.6
8348,07:00:00,14/12/2024 7:00:00 SA,3.5,339755.0,9.9,9.7
8349,08:00:00,14/12/2024 8:00:00 SA,3.6,339765.9,10.9,10.8
8350,09:00:00,14/12/2024 9:00:00 SA,3.7,339778.0,12.1,12.6
8351,10:00:00,14/12/2024 10:00:00 SA,3.4,339787.5,9.5,9.5
8352,11:00:00,14/12/2024 11:00:00 SA,3.4,339796.6,9.1,8.6
8353,12:00:00,14/12/2024 12:00:00 CH,3.3,339806.9,10.3,10.3
8354,13:00:00,14/12/2024 1:00:00 CH,3.2,339814.5,7.6,7.4
8355,14:00:00,14/12/2024 2:00:00 CH,3.2,339821.3,6.8,6.8
8356,15:00:00,14/12/2024 3:00:00 CH,3.2,339828.1,6.8,6.3
8357,16:00:00,14/12/2024 4:00:00 CH,3.2,339835.6,7.5,7.4
8358,17:00:00,14/12/2024 5:00:00 CH,3.3,339845.2,9.6,10.0
8359,18:00:00,14/12/2024 6:00:00 CH,3.3,339857.8,12.6,11.7
8360,19:00:00,14/12/2024 7:00:00 CH,3.5,339872.4,14.6,14.8
8361,20:00:00,14/12/2024 8:00:00 CH,3.4,339884.9,12.5,12.9
8362,21:00:00,14/12/2024 9:00:00 CH,3.4,339896.1,11.2,11.7
8363,22:00:00,14/12/2024 10:00:00 CH,3.3,339906.3,10.2,10.4
8364,23:00:00,14/12/2024 11:00:00 CH,3.2,339916.3,10.0,10.5
8365,00:00:00,15/12/2024 12:00:00 SA,2.8,339922.7,6.4,6.3
8366,01:00:00,15/12/2024 1:00:00 SA,2.8,339926.1,3.4,3.3
8367,02:00:00,15/12/2024 2:00:00 SA,2.8,339928.9,2.8,2.9
8368,03:00:00,15/12/2024 3:00:00 SA,2.9,339931.5,2.6,2.8
8369,04:00:00,15/12/2024 4:00:00 SA,2.9,339935.4,3.9,3.5
8370,05:00:00,15/12/2024 5:00:00 SA,3.1,339938.5,3.1,3.2
8371,06:00:00,15/12/2024 6:00:00 SA,1.2,339942.5,4.0,3.5
8372,07:00:00,15/12/2024 7:00:00 SA,3.5,339949.7,7.2,7.5
8373,08:00:00,15/12/2024 8:00:00 SA,3.3,339961.8,12.1,11.3
8374,09:00:00,15/12/2024 9:00:00 SA,3.4,339977.0,15.2,14.6
8375,10:00:00,15/12/2024 10:00:00 SA,3.4,339991.4,14.4,14.1
8376,11:00:00,15/12/2024 11:00:00 SA,3.2,340003.4,12.0,12.3
8377,12:00:00,15/12/2024 12:00:00 CH,3.3,340014.2,10.8,10.7
8378,13:00:00,15/12/2024 1:00:00 CH,3.1,340025.1,10.9,11.1
8379,14:00:00,15/12/2024 2:00:00 CH,3.1,340034.5,9.4,9.8
8380,15:00:00,15/12/2024 3:00:00 CH,3.1,340044.3,9.8,9.7
8381,16:00:00,15/12/2024 4:00:00 CH,3.1,340055.2,10.9,10.9
8382,17:00:00,15/12/2024 5:00:00 CH,3.3,340068.8,13.6,13.2
8383,18:00:00,15/12/2024 6:00:00 CH,3.1,340083.2,14.4,13.6
8384,19:00:00,15/12/2024 7:00:00 CH,3.3,340098.0,14.8,15.5
8385,20:00:00,15/12/2024 8:00:00 CH,3.3,340110.2,12.2,11.7
8386,21:00:00,15/12/2024 9:00:00 CH,3.4,340121.2,11.0,11.2
8387,22:00:00,15/12/2024 10:00:00 CH,3.2,340130.9,9.7,9.2
8388,23:00:00,15/12/2024 11:00:00 CH,3.1,340140.0,9.1,9.6
8389,00:00:00,16/12/2024 12:00:00 SA,2.8,340145.8,5.8,5.6
8390,01:00:00,16/12/2024 1:00:00 SA,2.8,340149.5,3.7,3.6
8391,02:00:00,16/12/2024 2:00:00 SA,2.8,340152.3,2.8,2.8
8392,03:00:00,16/12/2024 3:00:00 SA,2.8,340157.4,5.1,5.1
8393,04:00:00,16/12/2024 4:00:00 SA,2.9,340160.8,3.4,3.6
8394,05:00:00,16/12/2024 5:00:00 SA,2.9,340164.8,4.0,3.7
8395,06:00:00,16/12/2024 6:00:00 SA,3.1,340170.2,5.4,5.7
8396,07:00:00,16/12/2024 7:00:00 SA,3.4,340181.2,11.0,10.3
8397,08:00:00,16/12/2024 8:00:00 SA,3.4,340192.9,11.7,11.9
8398,09:00:00,16/12/2024 9:00:00 SA,3.3,340203.4,10.5,10.3
8399,10:00:00,16/12/2024 10:00:00 SA,0.0,340210.8,7.4,7.1
8400,11:00:00,16/12/2024 11:00:00 SA,3.4,340221.5,10.7,9.9
8401,12:00:00,16/12/2024 12:00:00 CH,3.3,340232.0,10.5,9.9
8402,13:00:00,16/12/2024 1:00:00 CH,3.1,340240.1,8.1,8.1
8403,14:00:00,16/12/2024 2:00:00 CH,3.1,340247.1,7.0,6.7
8404,15:00:00,16/12/2024 3:00:00 CH,3.2,340256.8,9.7,9.7
8405,16:00:00,16/12/2024 4:00:00 CH,3.3,340263.1,6.3,6.0
8406,17:00:00,16/12/2024 5:00:00 CH,3.5,340272.0,8.9,8.9
8407,18:00:00,16/12/2024 6:00:00 CH,3.2,340285.5,13.5,13.5
8408,19:00:00,16/12/2024 7:00:00 CH,3.2,340301.1,15.6,15.7
8409,20:00:00,16/12/2024 8:00:00 CH,3.2,340314.8,13.7,13.6
8410,21:00:00,16/12/2024 9:00:00 CH,3.3,340326.8,12.0,12.3
8411,22:00:00,16/12/2024 10:00:00 CH,3.3,340337.9,11.1,11.4
8412,23:00:00,16/12/2024 11:00:00 CH,3.2,340348.3,10.4,10.5
8413,00:00:00,17/12/2024 12:00:00 SA,2.8,340355.6,7.3,7.6
8414,01:00:00,17/12/2024 1:00:00 SA,2.8,340360.7,5.1,5.2
8415,02:00:00,17/12/2024 2:00:00 SA,2.8,340364.5,3.8,3.3
8416,03:00:00,17/12/2024 3:00:00 SA,2.8,340368.0,3.5,3.6
8417,04:00:00,17/12/2024 4:00:00 SA,2.9,340370.6,2.6,2.3
8418,05:00:00,17/12/2024 5:00:00 SA,2.9,340373.7,3.1,2.9
8419,06:00:00,17/12/2024 6:00:00 SA,3.2,340379.2,5.5,4.9
8420,07:00:00,17/12/2024 7:00:00 SA,3.3,340390.0,10.8,10.4
8421,08:00:00,17/12/2024 8:00:00 SA,3.4,340402.7,12.7,12.4
8422,09:00:00,17/12/2024 9:00:00 SA,3.4,340414.0,11.3,11.2
8423,10:00:00,17/12/2024 10:00:00 SA,3.5,340421.1,7.1,6.5
8424,11:00:00,17/12/2024 11:00:00 SA,3.3,340433.2,12.1,11.8
8425,12:00:00,17/12/2024 12:00:00 CH,3.1,340443.6,10.4,10.3
8426,13:00:00,17/12/2024 1:00:00 CH,3.2,340451.4,7.8,8.3
8427,14:00:00,17/12/2024 2:00:00 CH,3.2,340460.4,9.0,8.5
8428,15:00:00,17/12/2024 3:00:00 CH,3.2,340467.9,7.5,7.8
8429,16:00:00,17/12/2024 4:00:00 CH,3.4,340475.2,7.3,6.6
8430,17:00:00,17/12/2024 5:00:00 CH,3.5,340483.1,7.9,7.1
8431,18:00:00,17/12/2024 6:00:00 CH,3.3,340495.6,12.5,12.1
8432,19:00:00,17/12/2024 7:00:00 CH,3.4,340512.5,16.9,16.4
8433,20:00:00,17/12/2024 8:00:00 CH,3.2,340526.1,13.6,13.4
8434,21:00:00,17/12/2024 9:00:00 CH,3.3,340538.6,12.5,12.8
8435,22:00:00,17/12/2024 10:00:00 CH,3.2,340550.3,11.7,12.0
8436,23:00:00,17/12/2024 11:00:00 CH,3.3,340560.0,9.7,10.3
8437,00:00:00,18/12/2024 12:00:00 SA,2.9,340566.0,6.0,6.0
8438,01:00:00,18/12/2024 1:00:00 SA,2.9,340569.9,3.9,4.1
8439,02:00:00,18/12/2024 2:00:00 SA,2.9,340572.6,2.7,2.5
8440,03:00:00,18/12/2024 3:00:00 SA,2.9,340575.2,2.6,2.6
8441,04:00:00,18/12/2024 4:00:00 SA,2.9,340577.6,2.4,2.4
8442,05:00:00,18/12/2024 5:00:00 SA,2.9,340580.7,3.1,3.2
8443,06:00:00,18/12/2024 6:00:00 SA,3.3,340586.1,5.4,4.4
8444,07:00:00,18/12/2024 7:00:00 SA,3.4,340597.2,11.1,11.1
8445,08:00:00,18/12/2024 8:00:00 SA,3.5,340607.8,10.6,11.1
8446,09:00:00,18/12/2024 9:00:00 SA,3.4,340619.5,11.7,11.6
8447,10:00:00,18/12/2024 10:00:00 SA,3.4,340629.9,10.4,10.3
8448,11:00:00,18/12/2024 11:00:00 SA,3.3,340639.8,9.9,10.0
8449,12:00:00,18/12/2024 12:00:00 CH,3.4,340649.8,10.0,10.4
8450,13:00:00,18/12/2024 1:00:00 CH,3.3,340657.3,7.5,7.6
8451,14:00:00,18/12/2024 2:00:00 CH,3.2,340664.4,7.1,6.6
8452,15:00:00,18/12/2024 3:00:00 CH,3.2,340670.1,5.7,5.5
8453,16:00:00,18/12/2024 4:00:00 CH,3.2,340672.5,2.4,10.5
8454,17:00:00,18/12/2024 5:00:00 CH,3.5,340687.4,14.9,11.5
8455,18:00:00,18/12/2024 6:00:00 CH,3.3,340702.2,14.8,14.0
8456,19:00:00,18/12/2024 7:00:00 CH,3.3,340719.5,17.3,17.3
8457,20:00:00,18/12/2024 8:00:00 CH,3.2,340734.6,15.1,14.8
8458,21:00:00,18/12/2024 9:00:00 CH,3.4,340746.7,12.1,12.5
8459,22:00:00,18/12/2024 10:00:00 CH,3.5,340757.2,10.5,10.7
8460,23:00:00,18/12/2024 11:00:00 CH,3.1,340767.2,10.0,9.9
8461,00:00:00,19/12/2024 12:00:00 SA,3.0,340774.5,7.3,7.3
8462,01:00:00,19/12/2024 1:00:00 SA,3.0,340778.8,4.3,4.3
8463,02:00:00,19/12/2024 2:00:00 SA,2.9,340783.4,4.6,4.5
8464,03:00:00,19/12/2024 3:00:00 SA,2.9,340786.2,2.8,2.6
8465,04:00:00,19/12/2024 4:00:00 SA,2.8,340788.7,2.5,2.5
8466,05:00:00,19/12/2024 5:00:00 SA,2.8,340791.8,3.1,3.1
8467,06:00:00,19/12/2024 6:00:00 SA,3.4,340797.2,5.4,5.0
8468,07:00:00,19/12/2024 7:00:00 SA,3.4,340809.3,12.1,11.8
8469,08:00:00,19/12/2024 8:00:00 SA,3.4,340821.9,12.6,12.8
8470,09:00:00,19/12/2024 9:00:00 SA,3.4,340835.8,13.9,13.1
8471,10:00:00,19/12/2024 10:00:00 SA,3.5,340845.4,9.6,10.0
8472,11:00:00,19/12/2024 11:00:00 SA,3.4,340855.3,9.9,10.5
8473,12:00:00,19/12/2024 12:00:00 CH,3.3,340865.3,10.0,9.8
8474,13:00:00,19/12/2024 1:00:00 CH,3.3,340874.4,9.1,9.1
8475,14:00:00,19/12/2024 2:00:00 CH,3.3,340884.0,9.6,9.6
8476,15:00:00,19/12/2024 3:00:00 CH,3.2,340891.4,7.4,7.9
8477,16:00:00,19/12/2024 4:00:00 CH,3.3,340899.7,8.3,8.5
8478,17:00:00,19/12/2024 5:00:00 CH,3.4,340910.7,11.0,10.4
8479,18:00:00,19/12/2024 6:00:00 CH,3.3,340924.5,13.8,13.5
8480,19:00:00,19/12/2024 7:00:00 CH,3.5,340940.1,15.6,15.5
8481,20:00:00,19/12/2024 8:00:00 CH,3.3,340953.1,13.0,13.7
8482,21:00:00,19/12/2024 9:00:00 CH,3.4,340965.5,12.4,12.7
8483,22:00:00,19/12/2024 10:00:00 CH,3.2,340977.0,11.5,12.0
8484,23:00:00,19/12/2024 11:00:00 CH,3.1,340985.0,8.0,7.9
8485,00:00:00,20/12/2024 12:00:00 SA,2.9,340992.3,7.3,7.1
8486,01:00:00,20/12/2024 1:00:00 SA,2.9,340996.0,3.7,3.5
8487,02:00:00,20/12/2024 2:00:00 SA,2.9,341000.8,4.8,4.9
8488,03:00:00,20/12/2024 3:00:00 SA,2.9,341003.3,2.5,2.4
8489,04:00:00,20/12/2024 4:00:00 SA,2.9,341005.8,2.5,2.2
8490,05:00:00,20/12/2024 5:00:00 SA,2.9,341008.7,2.9,2.7
8491,06:00:00,20/12/2024 6:00:00 SA,3.5,341014.3,5.6,4.9
8492,07:00:00,20/12/2024 7:00:00 SA,3.4,341025.5,11.2,11.7
8493,08:00:00,20/12/2024 8:00:00 SA,3.6,341038.3,12.8,12.8
8494,09:00:00,20/12/2024 9:00:00 SA,3.5,341050.9,12.6,12.2
8495,10:00:00,20/12/2024 10:00:00 SA,3.5,341060.4,9.5,9.1
8496,11:00:00,20/12/2024 11:00:00 SA,3.4,341070.2,9.8,10.1
8497,12:00:00,20/12/2024 12:00:00 CH,3.4,341080.6,10.4,10.0
8498,13:00:00,20/12/2024 1:00:00 CH,3.3,341088.4,7.8,7.2
8499,14:00:00,20/12/2024 2:00:00 CH,3.3,341095.3,6.9,6.9
8500,15:00:00,20/12/2024 3:00:00 CH,3.2,341105.5,10.2,10.2
8501,16:00:00,20/12/2024 4:00:00 CH,3.2,341116.0,10.5,10.2
8502,17:00:00,20/12/2024 5:00:00 CH,3.4,341127.5,11.5,11.6
8503,18:00:00,20/12/2024 6:00:00 CH,3.2,341140.3,12.8,12.0
8504,19:00:00,20/12/2024 7:00:00 CH,3.3,341155.2,14.9,14.0
8505,20:00:00,20/12/2024 8:00:00 CH,3.3,341168.9,13.7,13.3
8506,21:00:00,20/12/2024 9:00:00 CH,3.4,341181.1,12.2,12.4
8507,22:00:00,20/12/2024 10:00:00 CH,3.2,341191.6,10.5,10.4
8508,23:00:00,20/12/2024 11:00:00 CH,3.1,341201.4,9.8,9.8
8509,00:00:00,21/12/2024 12:00:00 SA,2.9,341207.4,6.0,5.8
8510,01:00:00,21/12/2024 1:00:00 SA,2.8,341211.4,4.0,4.3
8511,02:00:00,21/12/2024 2:00:00 SA,2.9,341216.0,4.6,4.4
8512,03:00:00,21/12/2024 3:00:00 SA,2.8,341219.1,3.1,3.0
8513,04:00:00,21/12/2024 4:00:00 SA,2.8,341221.7,2.6,2.5
8514,05:00:00,21/12/2024 5:00:00 SA,3.0,341224.6,2.9,2.9
8515,06:00:00,21/12/2024 6:00:00 SA,3.5,341229.3,4.7,4.1
8516,07:00:00,21/12/2024 7:00:00 SA,3.3,341239.0,9.7,9.6
8517,08:00:00,21/12/2024 8:00:00 SA,3.4,341251.3,12.3,11.5
8518,09:00:00,21/12/2024 9:00:00 SA,3.5,341263.2,11.9,11.6
8519,10:00:00,21/12/2024 10:00:00 SA,3.4,341274.3,11.1,11.1
8520,11:00:00,21/12/2024 11:00:00 SA,3.3,341285.6,11.3,11.0
8521,12:00:00,21/12/2024 12:00:00 CH,3.3,341296.0,10.4,9.7
8522,13:00:00,21/12/2024 1:00:00 CH,3.4,341305.5,9.5,10.1
8523,14:00:00,21/12/2024 2:00:00 CH,3.3,341313.9,8.4,8.3
8524,15:00:00,21/12/2024 3:00:00 CH,3.2,341320.4,6.5,6.5
8525,16:00:00,21/12/2024 4:00:00 CH,3.3,341328.8,8.4,8.6
8526,17:00:00,21/12/2024 5:00:00 CH,3.3,341340.2,11.4,11.4
8527,18:00:00,21/12/2024 6:00:00 CH,3.2,341354.5,14.3,13.6
8528,19:00:00,21/12/2024 7:00:00 CH,3.2,341368.8,14.3,15.0
8529,20:00:00,21/12/2024 8:00:00 CH,3.3,341380.1,11.3,11.4
8530,21:00:00,21/12/2024 9:00:00 CH,3.4,341391.0,10.9,10.8
8531,22:00:00,21/12/2024 10:00:00 CH,3.3,341401.1,10.1,10.3
8532,23:00:00,21/12/2024 11:00:00 CH,3.2,341409.1,8.0,7.9
8533,00:00:00,22/12/2024 12:00:00 SA,2.9,341416.0,6.9,7.2
8534,01:00:00,22/12/2024 1:00:00 SA,2.8,341419.5,3.5,3.5
8535,02:00:00,22/12/2024 2:00:00 SA,2.9,341422.3,2.8,2.6
8536,03:00:00,22/12/2024 3:00:00 SA,2.8,341425.0,2.7,2.6
8537,04:00:00,22/12/2024 4:00:00 SA,2.9,341429.4,4.4,3.9
8538,05:00:00,22/12/2024 5:00:00 SA,3.1,341432.3,2.9,2.7
8539,06:00:00,22/12/2024 6:00:00 SA,3.3,341436.4,4.1,3.9
8540,07:00:00,22/12/2024 7:00:00 SA,3.5,341443.3,6.9,6.0
8541,08:00:00,22/12/2024 8:00:00 SA,3.3,341454.9,11.6,12.1
8542,09:00:00,22/12/2024 9:00:00 SA,3.4,341472.5,17.6,16.5
8543,10:00:00,22/12/2024 10:00:00 SA,3.5,341485.8,13.3,13.0
8544,11:00:00,22/12/2024 11:00:00 SA,3.5,341498.1,12.3,12.4
8545,12:00:00,22/12/2024 12:00:00 CH,0.9,341508.3,10.2,10.2
8546,13:00:00,22/12/2024 1:00:00 CH,3.4,341517.3,9.0,8.1
8547,14:00:00,22/12/2024 2:00:00 CH,3.3,341524.3,7.0,6.8
8548,15:00:00,22/12/2024 3:00:00 CH,3.2,341532.0,7.7,7.4
8549,16:00:00,22/12/2024 4:00:00 CH,3.3,341541.5,9.5,9.2
8550,17:00:00,22/12/2024 5:00:00 CH,3.2,341553.2,11.7,12.2
8551,18:00:00,22/12/2024 6:00:00 CH,3.2,341568.3,15.1,15.1
8552,19:00:00,22/12/2024 7:00:00 CH,3.2,341583.9,15.6,15.0
8553,20:00:00,22/12/2024 8:00:00 CH,3.4,341596.0,12.1,12.2
8554,21:00:00,22/12/2024 9:00:00 CH,3.4,341607.5,11.5,11.8
8555,22:00:00,22/12/2024 10:00:00 CH,3.3,341618.7,11.2,11.3
8556,23:00:00,22/12/2024 11:00:00 CH,3.2,341627.1,8.4,8.6
8557,00:00:00,23/12/2024 12:00:00 SA,2.9,341633.2,6.1,6.5
8558,01:00:00,23/12/2024 1:00:00 SA,2.8,341637.8,4.6,4.8
8559,02:00:00,23/12/2024 2:00:00 SA,2.8,341641.9,4.1,4.2
8560,03:00:00,23/12/2024 3:00:00 SA,2.9,341644.5,2.6,2.4
8561,04:00:00,23/12/2024 4:00:00 SA,2.8,341647.9,3.4,3.2
8562,05:00:00,23/12/2024 5:00:00 SA,2.9,341650.8,2.9,2.8
8563,06:00:00,23/12/2024 6:00:00 SA,3.2,341656.4,5.6,5.1
8564,07:00:00,23/12/2024 7:00:00 SA,3.4,341667.5,11.1,11.5
8565,08:00:00,23/12/2024 8:00:00 SA,3.4,341677.0,9.5,9.4
8566,09:00:00,23/12/2024 9:00:00 SA,3.5,341687.7,10.7,11.1
8567,10:00:00,23/12/2024 10:00:00 SA,3.3,341696.3,8.6,7.9
8568,11:00:00,23/12/2024 11:00:00 SA,3.4,341704.8,8.5,8.5
8569,12:00:00,23/12/2024 12:00:00 CH,3.3,341714.8,10.0,9.6
8570,13:00:00,23/12/2024 1:00:00 CH,3.3,341723.2,8.4,8.2
8571,14:00:00,23/12/2024 2:00:00 CH,3.3,341731.3,8.1,8.1
8572,15:00:00,23/12/2024 3:00:00 CH,3.3,341741.4,10.1,9.8
8573,16:00:00,23/12/2024 4:00:00 CH,3.4,341751.8,10.4,10.9
8574,17:00:00,23/12/2024 5:00:00 CH,3.5,341761.5,9.7,9.4
8575,18:00:00,23/12/2024 6:00:00 CH,3.2,341774.8,13.3,13.2
8576,19:00:00,23/12/2024 7:00:00 CH,3.2,341789.2,14.4,14.2
8577,20:00:00,23/12/2024 8:00:00 CH,3.3,341802.2,13.0,13.0
8578,21:00:00,23/12/2024 9:00:00 CH,3.4,341814.1,11.9,12.0
8579,22:00:00,23/12/2024 10:00:00 CH,3.3,341824.0,9.9,9.2
8580,23:00:00,23/12/2024 11:00:00 CH,3.2,341832.2,8.2,8.0
8581,00:00:00,24/12/2024 12:00:00 SA,2.8,341837.5,5.3,5.4
8582,01:00:00,24/12/2024 1:00:00 SA,2.8,341841.8,4.3,4.1
8583,02:00:00,24/12/2024 2:00:00 SA,2.8,341845.0,3.2,3.2
8584,03:00:00,24/12/2024 3:00:00 SA,2.8,341847.5,2.5,2.3
8585,04:00:00,24/12/2024 4:00:00 SA,2.8,341850.9,3.4,3.2
8586,05:00:00,24/12/2024 5:00:00 SA,2.9,341853.7,2.8,2.7
8587,06:00:00,24/12/2024 6:00:00 SA,3.1,341859.0,5.3,5.1
8588,07:00:00,24/12/2024 7:00:00 SA,3.3,341870.5,11.5,11.5
8589,08:00:00,24/12/2024 8:00:00 SA,3.3,341883.6,13.1,13.7
8590,09:00:00,24/12/2024 9:00:00 SA,0.0,341894.1,10.5,10.2
8591,10:00:00,24/12/2024 10:00:00 SA,3.4,341902.7,8.6,8.2
8592,11:00:00,24/12/2024 11:00:00 SA,3.4,341911.8,9.1,8.6
8593,12:00:00,24/12/2024 12:00:00 CH,3.4,341920.9,9.1,8.4
8594,13:00:00,24/12/2024 1:00:00 CH,3.3,341928.8,7.9,8.5
8595,14:00:00,24/12/2024 2:00:00 CH,3.3,341937.9,9.1,8.9
8596,15:00:00,24/12/2024 3:00:00 CH,3.3,341947.6,9.7,9.4
8597,16:00:00,24/12/2024 4:00:00 CH,3.3,341956.0,8.4,8.0
8598,17:00:00,24/12/2024 5:00:00 CH,3.5,341965.0,9.0,9.2
8599,18:00:00,24/12/2024 6:00:00 CH,3.3,341981.0,16.0,16.5
8600,19:00:00,24/12/2024 7:00:00 CH,3.4,341998.6,17.6,17.7
8601,20:00:00,24/12/2024 8:00:00 CH,3.4,342012.4,13.8,14.0
8602,21:00:00,24/12/2024 9:00:00 CH,3.5,342026.1,13.7,12.9
8603,22:00:00,24/12/2024 10:00:00 CH,3.4,342036.1,10.0,9.9
8604,23:00:00,24/12/2024 11:00:00 CH,3.0,342045.1,9.0,8.6
8605,00:00:00,25/12/2024 12:00:00 SA,2.8,342051.3,6.2,5.9
8606,01:00:00,25/12/2024 1:00:00 SA,2.9,342055.3,4.0,4.1
8607,02:00:00,25/12/2024 2:00:00 SA,2.9,342058.3,3.0,2.8
8608,03:00:00,25/12/2024 3:00:00 SA,2.9,342062.3,4.0,4.0
8609,04:00:00,25/12/2024 4:00:00 SA,2.9,342065.1,2.8,2.7
8610,05:00:00,25/12/2024 5:00:00 SA,3.0,342068.7,3.6,3.4
8611,06:00:00,25/12/2024 6:00:00 SA,3.3,342074.3,5.6,4.8
8612,07:00:00,25/12/2024 7:00:00 SA,3.3,342087.1,12.8,12.5
8613,08:00:00,25/12/2024 8:00:00 SA,3.4,342098.8,11.7,11.7
8614,09:00:00,25/12/2024 9:00:00 SA,3.4,342109.0,10.2,10.0
8615,10:00:00,25/12/2024 10:00:00 SA,3.3,342118.4,9.4,9.1
8616,11:00:00,25/12/2024 11:00:00 SA,3.3,342127.2,8.8,9.0
8617,12:00:00,25/12/2024 12:00:00 CH,3.3,342136.2,9.0,9.6
8618,13:00:00,25/12/2024 1:00:00 CH,3.3,342144.3,8.1,8.3
8619,14:00:00,25/12/2024 2:00:00 CH,3.3,342154.9,10.6,10.0
8620,15:00:00,25/12/2024 3:00:00 CH,3.4,342163.9,9.0,8.7
8621,16:00:00,25/12/2024 4:00:00 CH,3.4,342173.5,9.6,9.9
8622,17:00:00,25/12/2024 5:00:00 CH,3.5,342185.5,12.0,11.8
8623,18:00:00,25/12/2024 6:00:00 CH,3.3,342199.8,14.3,13.6
8624,19:00:00,25/12/2024 7:00:00 CH,3.4,342217.8,18.0,18.1
8625,20:00:00,25/12/2024 8:00:00 CH,3.3,342232.4,14.6,14.5
8626,21:00:00,25/12/2024 9:00:00 CH,3.4,342246.0,13.6,13.8
8627,22:00:00,25/12/2024 10:00:00 CH,3.3,342258.1,12.1,11.3
8628,23:00:00,25/12/2024 11:00:00 CH,3.3,342268.3,10.2,10.4
8629,00:00:00,26/12/2024 12:00:00 SA,2.9,342274.1,5.8,5.8
8630,01:00:00,26/12/2024 1:00:00 SA,2.9,342278.5,4.4,4.3
8631,02:00:00,26/12/2024 2:00:00 SA,2.9,342281.4,2.9,3.2
8632,03:00:00,26/12/2024 3:00:00 SA,2.8,342286.0,4.6,4.3
8633,04:00:00,26/12/2024 4:00:00 SA,2.8,342288.6,2.6,2.7
8634,05:00:00,26/12/2024 5:00:00 SA,3.2,342291.6,3.0,2.9
8635,06:00:00,26/12/2024 6:00:00 SA,3.3,342297.0,5.4,5.2
8636,07:00:00,26/12/2024 7:00:00 SA,3.4,342309.0,12.0,11.8
8637,08:00:00,26/12/2024 8:00:00 SA,3.5,342322.1,13.1,12.2
8638,09:00:00,26/12/2024 9:00:00 SA,3.5,342332.8,10.7,10.5
8639,10:00:00,26/12/2024 10:00:00 SA,3.4,342342.3,9.5,9.3
8640,11:00:00,26/12/2024 11:00:00 SA,3.4,342350.9,8.6,8.7
8641,12:00:00,26/12/2024 12:00:00 CH,3.4,342358.9,8.0,7.5
8642,13:00:00,26/12/2024 1:00:00 CH,3.3,342367.3,8.4,8.5
8643,14:00:00,26/12/2024 2:00:00 CH,3.3,342375.4,8.1,8.1
8644,15:00:00,26/12/2024 3:00:00 CH,3.3,342383.8,8.4,8.3
8645,16:00:00,26/12/2024 4:00:00 CH,3.2,342391.1,7.3,6.7
8646,17:00:00,26/12/2024 5:00:00 CH,3.4,342401.3,10.2,9.7
8647,18:00:00,26/12/2024 6:00:00 CH,3.3,342414.6,13.3,13.7
8648,19:00:00,26/12/2024 7:00:00 CH,3.3,342429.6,15.0,15.7
8649,20:00:00,26/12/2024 8:00:00 CH,3.3,342443.9,14.3,14.5
8650,21:00:00,26/12/2024 9:00:00 CH,3.3,342457.1,13.2,13.6
8651,22:00:00,26/12/2024 10:00:00 CH,3.2,342467.4,10.3,10.0
8652,23:00:00,26/12/2024 11:00:00 CH,3.2,342477.7,10.3,10.0
8653,00:00:00,27/12/2024 12:00:00 SA,3.1,342483.7,6.0,6.1
8654,01:00:00,27/12/2024 1:00:00 SA,3.0,342487.5,3.8,3.8
8655,02:00:00,27/12/2024 2:00:00 SA,2.9,342491.5,4.0,4.1
8656,03:00:00,27/12/2024 3:00:00 SA,2.9,342495.8,4.3,4.3
8657,04:00:00,27/12/2024 4:00:00 SA,3.0,342498.7,2.9,2.7
8658,05:00:00,27/12/2024 5:00:00 SA,3.2,342502.0,3.3,3.5
8659,06:00:00,27/12/2024 6:00:00 SA,3.5,342507.3,5.3,5.2
8660,07:00:00,27/12/2024 7:00:00 SA,3.4,342518.4,11.1,10.6
8661,08:00:00,27/12/2024 8:00:00 SA,3.5,342528.2,9.8,10.2
8662,09:00:00,27/12/2024 9:00:00 SA,3.5,342536.7,8.5,8.1
8663,10:00:00,27/12/2024 10:00:00 SA,3.4,342544.8,8.1,7.7
8664,11:00:00,27/12/2024 11:00:00 SA,3.4,342552.6,7.8,7.5
8665,12:00:00,27/12/2024 12:00:00 CH,3.4,342561.0,8.4,7.9
8666,13:00:00,27/12/2024 1:00:00 CH,3.3,342568.4,7.4,7.0
8667,14:00:00,27/12/2024 2:00:00 CH,3.3,342576.3,7.9,7.6
8668,15:00:00,27/12/2024 3:00:00 CH,3.3,342584.8,8.5,8.6
8669,16:00:00,27/12/2024 4:00:00 CH,3.2,342591.9,7.1,6.4
8670,17:00:00,27/12/2024 5:00:00 CH,3.3,342602.2,10.3,10.0
8671,18:00:00,27/12/2024 6:00:00 CH,3.4,342615.0,12.8,12.6
8672,19:00:00,27/12/2024 7:00:00 CH,3.5,342630.4,15.4,15.5
8673,20:00:00,27/12/2024 8:00:00 CH,3.3,342643.4,13.0,12.6
8674,21:00:00,27/12/2024 9:00:00 CH,3.3,342653.6,10.2,10.2
8675,22:00:00,27/12/2024 10:00:00 CH,3.1,342663.3,9.7,9.6
8676,23:00:00,27/12/2024 11:00:00 CH,3.1,342675.8,12.5,11.8
8677,00:00:00,28/12/2024 12:00:00 SA,2.9,342683.3,7.5,7.5
8678,01:00:00,28/12/2024 1:00:00 SA,2.8,342689.0,5.7,5.8
8679,02:00:00,28/12/2024 2:00:00 SA,2.9,342691.7,2.7,2.6
8680,03:00:00,28/12/2024 3:00:00 SA,2.9,342694.4,2.7,2.6
8681,04:00:00,28/12/2024 4:00:00 SA,2.8,342697.0,2.6,2.5
8682,05:00:00,28/12/2024 5:00:00 SA,2.9,342699.9,2.9,2.9
8683,06:00:00,28/12/2024 6:00:00 SA,3.3,342704.5,4.6,3.9
8684,07:00:00,28/12/2024 7:00:00 SA,3.4,342713.9,9.4,8.9
8685,08:00:00,28/12/2024 8:00:00 SA,3.3,342726.9,13.0,13.1
8686,09:00:00,28/12/2024 9:00:00 SA,3.3,342738.7,11.8,11.1
8687,10:00:00,28/12/2024 10:00:00 SA,3.3,342750.4,11.7,12.0
8688,11:00:00,28/12/2024 11:00:00 SA,3.3,342760.3,9.9,9.9
8689,12:00:00,28/12/2024 12:00:00 CH,3.3,342771.1,10.8,11.7
8690,13:00:00,28/12/2024 1:00:00 CH,3.3,342780.3,9.2,9.7
8691,14:00:00,28/12/2024 2:00:00 CH,3.3,342788.1,7.8,8.2
8692,15:00:00,28/12/2024 3:00:00 CH,3.2,342795.8,7.7,7.8
8693,16:00:00,28/12/2024 4:00:00 CH,3.4,342806.5,10.7,10.3
8694,17:00:00,28/12/2024 5:00:00 CH,3.4,342817.1,10.6,10.1
8695,18:00:00,28/12/2024 6:00:00 CH,3.2,342829.9,12.8,12.3
8696,19:00:00,28/12/2024 7:00:00 CH,3.3,342843.6,13.7,13.4
8697,20:00:00,28/12/2024 8:00:00 CH,3.3,342856.1,12.5,12.1
8698,21:00:00,28/12/2024 9:00:00 CH,3.4,342867.9,11.8,12.1
8699,22:00:00,28/12/2024 10:00:00 CH,3.4,342878.4,10.5,10.3
8700,23:00:00,28/12/2024 11:00:00 CH,2.8,342888.3,9.9,10.3
8701,00:00:00,29/12/2024 12:00:00 SA,3.0,342895.8,7.5,7.3
8702,01:00:00,29/12/2024 1:00:00 SA,2.9,342901.7,5.9,5.8
8703,02:00:00,29/12/2024 2:00:00 SA,2.8,342905.0,3.3,3.7
8704,03:00:00,29/12/2024 3:00:00 SA,2.8,342907.8,2.8,2.7
8705,04:00:00,29/12/2024 4:00:00 SA,2.8,342910.4,2.6,2.5
8706,05:00:00,29/12/2024 5:00:00 SA,3.0,342913.5,3.1,3.0
8707,06:00:00,29/12/2024 6:00:00 SA,3.1,342917.8,4.3,4.1
8708,07:00:00,29/12/2024 7:00:00 SA,3.4,342924.9,7.1,6.9
8709,08:00:00,29/12/2024 8:00:00 SA,3.4,342935.9,11.0,11.0
8710,09:00:00,29/12/2024 9:00:00 SA,3.4,342951.1,15.2,14.8
8711,10:00:00,29/12/2024 10:00:00 SA,3.4,342963.5,12.4,12.1
8712,11:00:00,29/12/2024 11:00:00 SA,3.4,342975.3,11.8,11.7
8713,12:00:00,29/12/2024 12:00:00 CH,3.4,342986.6,11.3,11.3
8714,13:00:00,29/12/2024 1:00:00 CH,3.3,342995.6,9.0,8.8
8715,14:00:00,29/12/2024 2:00:00 CH,3.3,343003.5,7.9,7.6
8716,15:00:00,29/12/2024 3:00:00 CH,3.3,343012.3,8.8,8.8
8717,16:00:00,29/12/2024 4:00:00 CH,3.2,343023.1,10.8,10.4
8718,17:00:00,29/12/2024 5:00:00 CH,3.3,343036.6,13.5,13.7
8719,18:00:00,29/12/2024 6:00:00 CH,3.2,343050.5,13.9,13.9
8720,19:00:00,29/12/2024 7:00:00 CH,3.4,343066.7,16.2,15.9
8721,20:00:00,29/12/2024 8:00:00 CH,3.4,343081.1,14.4,13.9
8722,21:00:00,29/12/2024 9:00:00 CH,3.4,343092.4,11.3,11.6
8723,22:00:00,29/12/2024 10:00:00 CH,3.2,343102.0,9.6,10.0
8724,23:00:00,29/12/2024 11:00:00 CH,3.0,343112.8,10.8,10.4
8725,00:00:00,30/12/2024 12:00:00 SA,3.1,343120.5,7.7,7.9
8726,01:00:00,30/12/2024 1:00:00 SA,3.0,343124.3,3.8,3.7
8727,02:00:00,30/12/2024 2:00:00 SA,2.9,343128.9,4.6,4.7
8728,03:00:00,30/12/2024 3:00:00 SA,2.9,343131.5,2.6,2.4
8729,04:00:00,30/12/2024 4:00:00 SA,2.9,343134.3,2.8,2.6
8730,05:00:00,30/12/2024 5:00:00 SA,3.0,343137.5,3.2,3.0
8731,06:00:00,30/12/2024 6:00:00 SA,3.3,343143.5,6.0,6.0
8732,07:00:00,30/12/2024 7:00:00 SA,3.4,343154.2,10.7,10.3
8733,08:00:00,30/12/2024 8:00:00 SA,3.4,343164.6,10.4,10.5
8734,09:00:00,30/12/2024 9:00:00 SA,3.4,343174.0,9.4,9.1
8735,10:00:00,30/12/2024 10:00:00 SA,3.4,343183.7,9.7,9.3
8736,11:00:00,30/12/2024 11:00:00 SA,3.3,343194.2,10.5,10.5
8737,12:00:00,30/12/2024 12:00:00 CH,3.4,343203.8,9.6,9.6
8738,13:00:00,30/12/2024 1:00:00 CH,3.1,343213.0,9.2,9.8
8739,14:00:00,30/12/2024 2:00:00 CH,3.2,343220.0,7.0,6.6
8740,15:00:00,30/12/2024 3:00:00 CH,3.2,343229.4,9.4,9.6
8741,16:00:00,30/12/2024 4:00:00 CH,3.2,343236.6,7.2,7.6
8742,17:00:00,30/12/2024 5:00:00 CH,3.3,343245.4,8.8,8.0
8743,18:00:00,30/12/2024 6:00:00 CH,3.2,343259.1,13.7,12.8
8744,19:00:00,30/12/2024 7:00:00 CH,3.2,343272.9,13.8,14.4
8745,20:00:00,30/12/2024 8:00:00 CH,3.3,343286.5,13.6,13.8
8746,21:00:00,30/12/2024 9:00:00 CH,3.4,343299.2,12.7,12.9
8747,22:00:00,30/12/2024 10:00:00 CH,3.4,343310.0,10.8,10.9
8748,23:00:00,30/12/2024 11:00:00 CH,3.2,343320.2,10.2,9.9
8749,00:00:00,31/12/2024 12:00:00 SA,2.9,343329.0,8.8,9.2
8750,01:00:00,31/12/2024 1:00:00 SA,2.9,343333.2,4.2,4.2
8751,02:00:00,31/12/2024 2:00:00 SA,2.9,343337.9,4.7,4.6
8752,03:00:00,31/12/2024 3:00:00 SA,2.9,343341.0,3.1,3.1
8753,04:00:00,31/12/2024 4:00:00 SA,3.0,343344.0,3.0,3.1
8754,05:00:00,31/12/2024 5:00:00 SA,3.0,343347.5,3.5,3.3
8755,06:00:00,31/12/2024 6:00:00 SA,3.3,343353.6,6.1,5.6
8756,07:00:00,31/12/2024 7:00:00 SA,3.4,343365.6,12.0,11.5
8757,08:00:00,31/12/2024 8:00:00 SA,3.3,343378.1,12.5,12.3
8758,09:00:00,31/12/2024 9:00:00 SA,3.4,343389.4,11.3,11.1
8759,10:00:00,31/12/2024 10:00:00 SA,3.4,343398.5,9.1,8.3
8760,11:00:00,31/12/2024 11:00:00 SA,3.3,343406.7,8.2,7.9
8761,12:00:00,31/12/2024 12:00:00 CH,3.2,343415.6,8.9,8.3
8762,13:00:00,31/12/2024 1:00:00 CH,3.2,343423.8,8.2,8.1
8763,14:00:00,31/12/2024 2:00:00 CH,3.2,343433.4,9.6,10.0
8764,15:00:00,31/12/2024 3:00:00 CH,3.2,343440.2,6.8,7.1
8765,16:00:00,31/12/2024 4:00:00 CH,3.2,343447.1,6.9,7.0
8766,17:00:00,31/12/2024 5:00:00 CH,3.1,343456.5,9.4,8.3
8767,18:00:00,31/12/2024 6:00:00 CH,3.2,343470.3,13.8,14.3
8768,19:00:00,31/12/2024 7:00:00 CH,3.1,343485.9,15.6,15.8
8769,20:00:00,31/12/2024 8:00:00 CH,3.3,343500.0,14.1,13.6
8770,21:00:00,31/12/2024 9:00:00 CH,3.4,343513.2,13.2,13.4
8771,22:00:00,31/12/2024 10:00:00 CH,3.4,343524.5,11.3,10.2
8772,23:00:00,31/12/2024 11:00:00 CH,3.3,343533.4,8.9,9.1
8773,01:00:00,01/01/2025 1:00:00 SA,2.8,343546.5,13.1,0.0
8774,02:00:00,01/01/2025 2:00:00 SA,2.8,343550.6,4.1,4.2
8775,03:00:00,01/01/2025 3:00:00 SA,2.8,343555.7,5.1,5.1
8776,04:00:00,01/01/2025 4:00:00 SA,2.9,343558.7,3.0,2.9
8777,05:00:00,01/01/2025 5:00:00 SA,3.0,343562.1,3.4,3.2
8778,06:00:00,01/01/2025 6:00:00 SA,3.2,343566.4,4.3,4.1
8779,07:00:00,01/01/2025 7:00:00 SA,3.5,343574.4,8.0,8.0
8780,08:00:00,01/01/2025 8:00:00 SA,3.4,343587.2,12.8,12.4
8781,09:00:00,01/01/2025 9:00:00 SA,3.4,343602.6,15.4,16.4
8782,10:00:00,01/01/2025 10:00:00 SA,3.3,343614.7,12.1,12.3
8783,11:00:00,01/01/2025 11:00:00 SA,3.4,343626.3,11.6,11.3
8784,12:00:00,01/01/2025 12:00:00 CH,3.3,343637.5,11.2,11.1
8785,13:00:00,01/01/2025 1:00:00 CH,3.3,343647.4,9.9,10.3
8786,14:00:00,01/01/2025 2:00:00 CH,3.2,343655.5,8.1,8.1
8787,15:00:00,01/01/2025 3:00:00 CH,3.4,343662.8,7.3,7.4
8788,16:00:00,01/01/2025 4:00:00 CH,3.3,343674.1,11.3,10.9
8789,17:00:00,01/01/2025 5:00:00 CH,3.3,343690.8,16.7,16.2
8790,18:00:00,01/01/2025 6:00:00 CH,3.2,343707.9,17.1,17.0
8791,19:00:00,01/01/2025 7:00:00 CH,3.5,343723.6,15.7,15.8
8792,20:00:00,01/01/2025 8:00:00 CH,3.3,343737.0,13.4,13.4
8793,21:00:00,01/01/2025 9:00:00 CH,3.5,343750.0,13.0,12.8
8794,22:00:00,01/01/2025 10:00:00 CH,3.4,343761.3,11.3,11.2
8795,23:00:00,01/01/2025 11:00:00 CH,3.2,343770.0,8.7,9.0
8796,00:00:00,02/01/2025 12:00:00 SA,2.9,343776.4,6.4,6.2
8797,01:00:00,02/01/2025 1:00:00 SA,2.9,343780.4,4.0,4.0
8798,02:00:00,02/01/2025 2:00:00 SA,3.0,343786.2,5.8,5.8
8799,03:00:00,02/01/2025 3:00:00 SA,2.9,343789.4,3.2,3.2
8800,04:00:00,02/01/2025 4:00:00 SA,2.9,343792.5,3.1,2.9
8801,05:00:00,02/01/2025 5:00:00 SA,3.0,343796.0,3.5,3.5
8802,06:00:00,02/01/2025 6:00:00 SA,3.2,343802.3,6.3,5.6
8803,07:00:00,02/01/2025 7:00:00 SA,3.4,343814.0,11.7,11.1
8804,08:00:00,02/01/2025 8:00:00 SA,3.4,343827.2,13.2,12.7
8805,09:00:00,02/01/2025 9:00:00 SA,3.3,343838.0,10.8,10.4
8806,10:00:00,02/01/2025 10:00:00 SA,3.3,343848.1,10.1,9.8
8807,11:00:00,02/01/2025 11:00:00 SA,3.4,343859.6,11.5,12.1
8808,12:00:00,02/01/2025 12:00:00 CH,3.3,343870.3,10.7,11.0
8809,13:00:00,02/01/2025 1:00:00 CH,3.3,343879.5,9.2,9.4
8810,14:00:00,02/01/2025 2:00:00 CH,3.3,343887.7,8.2,8.3
8811,15:00:00,02/01/2025 3:00:00 CH,3.3,343896.4,8.7,9.0
8812,16:00:00,02/01/2025 4:00:00 CH,3.4,343905.5,9.1,7.9
8813,17:00:00,02/01/2025 5:00:00 CH,3.5,343915.1,9.6,9.5
8814,18:00:00,02/01/2025 6:00:00 CH,3.3,343929.2,14.1,13.7
8815,19:00:00,02/01/2025 7:00:00 CH,3.4,343946.0,16.8,16.7
8816,20:00:00,02/01/2025 8:00:00 CH,3.2,343962.0,16.0,17.1
8817,21:00:00,02/01/2025 9:00:00 CH,3.3,343974.9,12.9,13.5
8818,22:00:00,02/01/2025 10:00:00 CH,3.2,343984.0,9.1,8.9
8819,23:00:00,02/01/2025 11:00:00 CH,3.3,343993.8,9.8,9.9
8820,00:00:00,03/01/2025 12:00:00 SA,3.0,344002.3,8.5,8.3
8821,01:00:00,03/01/2025 1:00:00 SA,2.9,344006.4,4.1,4.4
8822,02:00:00,03/01/2025 2:00:00 SA,2.9,344009.5,3.1,2.9
8823,03:00:00,03/01/2025 3:00:00 SA,2.9,344012.7,3.2,2.9
8824,04:00:00,03/01/2025 4:00:00 SA,2.9,344015.9,3.2,3.1
8825,05:00:00,03/01/2025 5:00:00 SA,3.2,344019.7,3.8,3.7
8826,06:00:00,03/01/2025 6:00:00 SA,3.4,344026.0,6.3,6.2
8827,07:00:00,03/01/2025 7:00:00 SA,3.3,344038.6,12.6,12.5
8828,08:00:00,03/01/2025 8:00:00 SA,3.3,344049.5,10.9,11.0
8829,09:00:00,03/01/2025 9:00:00 SA,3.3,344058.1,8.6,8.3
8830,10:00:00,03/01/2025 10:00:00 SA,3.3,344066.4,8.3,8.1
8831,11:00:00,03/01/2025 11:00:00 SA,3.3,344075.9,9.5,9.2
8832,12:00:00,03/01/2025 12:00:00 CH,3.3,344085.4,9.5,9.6
8833,13:00:00,03/01/2025 1:00:00 CH,3.3,344094.1,8.7,8.2
8834,14:00:00,03/01/2025 2:00:00 CH,3.3,344104.9,10.8,10.4
8835,15:00:00,03/01/2025 3:00:00 CH,3.3,344113.8,8.9,8.5
8836,16:00:00,03/01/2025 4:00:00 CH,3.3,344120.9,7.1,6.7
8837,17:00:00,03/01/2025 5:00:00 CH,3.5,344130.5,9.6,9.3
8838,18:00:00,03/01/2025 6:00:00 CH,3.4,344144.6,14.1,13.7
8839,19:00:00,03/01/2025 7:00:00 CH,3.3,344161.1,16.5,16.5
8840,20:00:00,03/01/2025 8:00:00 CH,3.3,344175.5,14.4,14.6
8841,21:00:00,03/01/2025 9:00:00 CH,3.3,344188.1,12.6,12.6
8842,22:00:00,03/01/2025 10:00:00 CH,3.4,344199.1,11.0,11.2
8843,23:00:00,03/01/2025 11:00:00 CH,3.3,344208.7,9.6,9.3
8844,00:00:00,04/01/2025 12:00:00 SA,3.0,344216.3,7.6,7.4
8845,01:00:00,04/01/2025 1:00:00 SA,2.8,344219.8,3.5,3.8
8846,02:00:00,04/01/2025 2:00:00 SA,2.9,344224.1,4.3,4.3
8847,03:00:00,04/01/2025 3:00:00 SA,2.9,344228.4,4.3,4.5
8848,04:00:00,04/01/2025 4:00:00 SA,3.0,344231.5,3.1,2.9
8849,05:00:00,04/01/2025 5:00:00 SA,3.3,344235.2,3.7,3.4
8850,06:00:00,04/01/2025 6:00:00 SA,3.6,344240.5,5.3,5.4
8851,07:00:00,04/01/2025 7:00:00 SA,3.4,344251.3,10.8,10.1
8852,08:00:00,04/01/2025 8:00:00 SA,3.3,344265.9,14.6,14.8
8853,09:00:00,04/01/2025 9:00:00 SA,3.3,344278.2,12.3,12.5
8854,10:00:00,04/01/2025 10:00:00 SA,3.3,344288.1,9.9,9.4
8855,11:00:00,04/01/2025 11:00:00 SA,3.3,344300.0,11.9,12.0
8856,12:00:00,04/01/2025 12:00:00 CH,3.3,344313.6,13.6,14.1
8857,13:00:00,04/01/2025 1:00:00 CH,3.2,344324.4,10.8,10.9
8858,14:00:00,04/01/2025 2:00:00 CH,3.3,344334.8,10.4,10.1
8859,15:00:00,04/01/2025 3:00:00 CH,3.3,344344.5,9.7,9.1
8860,16:00:00,04/01/2025 4:00:00 CH,3.4,344354.0,9.5,9.2
8861,17:00:00,04/01/2025 5:00:00 CH,3.1,344364.3,10.3,10.1
8862,18:00:00,04/01/2025 6:00:00 CH,3.5,344378.3,14.0,13.6
8863,19:00:00,04/01/2025 7:00:00 CH,3.2,344393.2,14.9,15.6
8864,20:00:00,04/01/2025 8:00:00 CH,3.4,344405.4,12.2,12.6
8865,21:00:00,04/01/2025 9:00:00 CH,3.4,344416.1,10.7,10.7
8866,22:00:00,04/01/2025 10:00:00 CH,3.4,344426.8,10.7,10.7
8867,23:00:00,04/01/2025 11:00:00 CH,3.2,344436.3,9.5,9.7
8868,00:00:00,05/01/2025 12:00:00 SA,3.1,344444.7,8.4,8.5
8869,01:00:00,05/01/2025 1:00:00 SA,3.1,344448.9,4.2,4.2
8870,02:00:00,05/01/2025 2:00:00 SA,3.1,344454.1,5.2,4.9
8871,03:00:00,05/01/2025 3:00:00 SA,3.1,344457.4,3.3,3.3
8872,04:00:00,05/01/2025 4:00:00 SA,3.1,344460.7,3.3,3.1
8873,05:00:00,05/01/2025 5:00:00 SA,3.2,344464.6,3.9,3.6
8874,06:00:00,05/01/2025 6:00:00 SA,3.6,344469.3,4.7,4.2
8875,07:00:00,05/01/2025 7:00:00 SA,3.4,344477.9,8.6,8.0
8876,08:00:00,05/01/2025 8:00:00 SA,3.4,344490.1,12.2,12.8
8877,09:00:00,05/01/2025 9:00:00 SA,3.3,344503.9,13.8,13.8
8878,10:00:00,05/01/2025 10:00:00 SA,3.4,344515.6,11.7,12.2
8879,11:00:00,05/01/2025 11:00:00 SA,3.4,344526.3,10.7,11.2
8880,12:00:00,05/01/2025 12:00:00 CH,3.5,344537.9,11.6,11.9
8881,13:00:00,05/01/2025 1:00:00 CH,3.3,344548.0,10.1,10.5
8882,14:00:00,05/01/2025 2:00:00 CH,3.3,344556.0,8.0,8.0
8883,15:00:00,05/01/2025 3:00:00 CH,3.2,344564.4,8.4,8.6
8884,16:00:00,05/01/2025 4:00:00 CH,3.4,344574.8,10.4,10.3
8885,17:00:00,05/01/2025 5:00:00 CH,3.1,344588.0,13.2,12.3
8886,18:00:00,05/01/2025 6:00:00 CH,3.1,344604.9,16.9,16.9
8887,19:00:00,05/01/2025 7:00:00 CH,3.3,344622.5,17.6,17.4
8888,20:00:00,05/01/2025 8:00:00 CH,3.3,344637.9,15.4,15.0
8889,21:00:00,05/01/2025 9:00:00 CH,3.2,344650.3,12.4,12.0
8890,22:00:00,05/01/2025 10:00:00 CH,3.3,344659.9,9.6,9.6
8891,23:00:00,05/01/2025 11:00:00 CH,3.1,344669.0,9.1,8.8
8892,00:00:00,06/01/2025 12:00:00 SA,2.9,344674.9,5.9,6.2
8893,01:00:00,06/01/2025 1:00:00 SA,2.8,344681.2,6.3,6.0
8894,02:00:00,06/01/2025 2:00:00 SA,2.9,344685.2,4.0,3.9
8895,03:00:00,06/01/2025 3:00:00 SA,2.9,344689.4,4.2,4.3
8896,04:00:00,06/01/2025 4:00:00 SA,3.0,344692.6,3.2,3.1
8897,05:00:00,06/01/2025 5:00:00 SA,3.2,344696.3,3.7,4.0
8898,06:00:00,06/01/2025 6:00:00 SA,3.1,344702.5,6.2,5.7
8899,07:00:00,06/01/2025 7:00:00 SA,3.4,344713.7,11.2,11.7
8900,08:00:00,06/01/2025 8:00:00 SA,3.5,344725.8,12.1,12.5
8901,09:00:00,06/01/2025 9:00:00 SA,3.5,344737.7,11.9,12.0
8902,10:00:00,06/01/2025 10:00:00 SA,3.5,344751.2,13.5,13.5
8903,11:00:00,06/01/2025 11:00:00 SA,3.5,344762.1,10.9,10.9
8904,12:00:00,06/01/2025 12:00:00 CH,3.4,344772.6,10.5,11.4
8905,13:00:00,06/01/2025 1:00:00 CH,3.5,344781.8,9.2,9.4
8906,14:00:00,06/01/2025 2:00:00 CH,3.3,344789.0,7.2,7.0
8907,15:00:00,06/01/2025 3:00:00 CH,3.2,344796.4,7.4,7.7
8908,16:00:00,06/01/2025 4:00:00 CH,3.4,344804.2,7.8,7.7
8909,17:00:00,06/01/2025 5:00:00 CH,3.4,344816.6,12.4,11.9
8910,18:00:00,06/01/2025 6:00:00 CH,3.2,344830.4,13.8,13.6
8911,19:00:00,06/01/2025 7:00:00 CH,3.3,344846.7,16.3,16.3
8912,20:00:00,06/01/2025 8:00:00 CH,3.3,344859.8,13.1,12.4
8913,21:00:00,06/01/2025 9:00:00 CH,3.3,344872.2,12.4,13.1
8914,22:00:00,06/01/2025 10:00:00 CH,3.3,344884.0,11.8,11.7
8915,23:00:00,06/01/2025 11:00:00 CH,3.3,344895.8,11.8,12.0
8916,00:00:00,07/01/2025 12:00:00 SA,3.1,344901.0,5.2,4.9
8917,01:00:00,07/01/2025 1:00:00 SA,2.9,344906.0,5.0,4.8
8918,02:00:00,07/01/2025 2:00:00 SA,2.9,344910.6,4.6,4.6
8919,03:00:00,07/01/2025 3:00:00 SA,2.9,344914.6,4.0,4.0
8920,04:00:00,07/01/2025 4:00:00 SA,2.9,344917.8,3.2,2.9
8921,05:00:00,07/01/2025 5:00:00 SA,3.0,344921.3,3.5,3.3
8922,06:00:00,07/01/2025 6:00:00 SA,3.2,344927.5,6.2,5.5
8923,07:00:00,07/01/2025 7:00:00 SA,3.4,344939.0,11.5,11.3
8924,08:00:00,07/01/2025 8:00:00 SA,3.5,344950.0,11.0,11.2
8925,09:00:00,07/01/2025 9:00:00 SA,3.5,344960.2,10.2,10.3
8926,10:00:00,07/01/2025 10:00:00 SA,3.5,344970.3,10.1,10.0
8927,11:00:00,07/01/2025 11:00:00 SA,3.5,344979.4,9.1,9.4
8928,12:00:00,07/01/2025 12:00:00 CH,3.4,344990.6,11.2,10.8
8929,13:00:00,07/01/2025 1:00:00 CH,3.4,345001.7,11.1,11.0
8930,14:00:00,07/01/2025 2:00:00 CH,3.3,345011.1,9.4,9.7
8931,15:00:00,07/01/2025 3:00:00 CH,3.3,345018.7,7.6,7.6
8932,16:00:00,07/01/2025 4:00:00 CH,3.3,345026.2,7.5,7.1
8933,17:00:00,07/01/2025 5:00:00 CH,3.5,345034.9,8.7,9.2
8934,18:00:00,07/01/2025 6:00:00 CH,3.3,345049.4,14.5,14.0
8935,19:00:00,07/01/2025 7:00:00 CH,3.1,345067.1,17.7,17.5
8936,20:00:00,07/01/2025 8:00:00 CH,3.3,345083.4,16.3,15.8
8937,21:00:00,07/01/2025 9:00:00 CH,3.4,345097.3,13.9,14.6
8938,22:00:00,07/01/2025 10:00:00 CH,3.2,345109.2,11.9,12.5
8939,23:00:00,07/01/2025 11:00:00 CH,3.2,345119.0,9.8,9.7
8940,00:00:00,08/01/2025 12:00:00 SA,2.9,345125.9,6.9,6.7
8941,01:00:00,08/01/2025 1:00:00 SA,2.8,345130.3,4.4,4.4
8942,02:00:00,08/01/2025 2:00:00 SA,2.8,345135.4,5.1,5.0
8943,03:00:00,08/01/2025 3:00:00 SA,2.8,345138.6,3.2,3.2
8944,04:00:00,08/01/2025 4:00:00 SA,2.8,345141.8,3.2,3.0
8945,05:00:00,08/01/2025 5:00:00 SA,3.0,345145.5,3.7,3.4
8946,06:00:00,08/01/2025 6:00:00 SA,3.3,345152.0,6.5,6.3
8947,07:00:00,08/01/2025 7:00:00 SA,3.4,345164.4,12.4,12.1
8948,08:00:00,08/01/2025 8:00:00 SA,3.6,345176.9,12.5,12.4
8949,09:00:00,08/01/2025 9:00:00 SA,3.3,345188.4,11.5,10.7
8950,10:00:00,08/01/2025 10:00:00 SA,3.4,345197.3,8.9,9.0
8951,11:00:00,08/01/2025 11:00:00 SA,3.4,345206.4,9.1,8.7
8952,12:00:00,08/01/2025 12:00:00 CH,3.5,345216.1,9.7,9.1
8953,13:00:00,08/01/2025 1:00:00 CH,3.3,345224.2,8.1,8.4
8954,14:00:00,08/01/2025 2:00:00 CH,3.2,345233.6,9.4,8.7
8955,15:00:00,08/01/2025 3:00:00 CH,3.2,345242.3,8.7,8.7
8956,16:00:00,08/01/2025 4:00:00 CH,3.2,345250.4,8.1,8.4
8957,17:00:00,08/01/2025 5:00:00 CH,3.3,345260.5,10.1,9.1
8958,18:00:00,08/01/2025 6:00:00 CH,3.3,345273.8,13.3,12.7
8959,19:00:00,08/01/2025 7:00:00 CH,3.1,345290.1,16.3,17.1
8960,20:00:00,08/01/2025 8:00:00 CH,3.2,345305.1,15.0,15.2
8961,21:00:00,08/01/2025 9:00:00 CH,3.3,345318.4,13.3,13.7
8962,22:00:00,08/01/2025 10:00:00 CH,3.2,345330.4,12.0,12.1
8963,23:00:00,08/01/2025 11:00:00 CH,3.1,345340.5,10.1,9.6
8964,00:00:00,09/01/2025 12:00:00 SA,2.8,345347.8,7.3,7.3
8965,01:00:00,09/01/2025 1:00:00 SA,2.8,345351.7,3.9,4.1
8966,02:00:00,09/01/2025 2:00:00 SA,2.9,345356.3,4.6,4.9
8967,03:00:00,09/01/2025 3:00:00 SA,2.9,345359.5,3.2,3.1
8968,04:00:00,09/01/2025 4:00:00 SA,2.8,345362.6,3.1,2.8
8969,05:00:00,09/01/2025 5:00:00 SA,3.0,345366.2,3.6,3.7
8970,06:00:00,09/01/2025 6:00:00 SA,3.5,345372.5,6.3,5.8
8971,07:00:00,09/01/2025 7:00:00 SA,3.3,345384.9,12.4,12.7
8972,08:00:00,09/01/2025 8:00:00 SA,3.4,345394.6,9.7,10.3
8973,09:00:00,09/01/2025 9:00:00 SA,3.3,345404.0,9.4,9.2
8974,10:00:00,09/01/2025 10:00:00 SA,3.3,345412.4,8.4,8.1
8975,11:00:00,09/01/2025 11:00:00 SA,3.5,345422.6,10.2,10.0
8976,12:00:00,09/01/2025 12:00:00 CH,3.4,345432.5,9.9,9.4
8977,13:00:00,09/01/2025 1:00:00 CH,3.3,345440.7,8.2,8.0
8978,14:00:00,09/01/2025 2:00:00 CH,3.5,345449.6,8.9,8.3
8979,15:00:00,09/01/2025 3:00:00 CH,3.4,345458.4,8.8,8.8
8980,16:00:00,09/01/2025 4:00:00 CH,0.0,0.0,-345458.4,7.6
8981,17:00:00,09/01/2025 5:00:00 CH,3.5,345476.9,345476.9,10.3
8982,18:00:00,09/01/2025 6:00:00 CH,3.3,345489.7,12.8,12.2
8983,19:00:00,09/01/2025 7:00:00 CH,3.4,345505.8,16.1,16.2
8984,20:00:00,09/01/2025 8:00:00 CH,3.3,345519.3,13.5,13.7
8985,21:00:00,09/01/2025 9:00:00 CH,3.4,345531.9,12.6,12.3
8986,22:00:00,09/01/2025 10:00:00 CH,3.5,345542.8,10.9,10.5
8987,23:00:00,09/01/2025 11:00:00 CH,3.3,345552.7,9.9,10.2
8988,00:00:00,10/01/2025 12:00:00 SA,2.9,345559.4,6.7,7.0
8989,01:00:00,10/01/2025 1:00:00 SA,2.9,345564.7,5.3,5.3
8990,02:00:00,10/01/2025 2:00:00 SA,2.9,345568.0,3.3,3.3
8991,03:00:00,10/01/2025 3:00:00 SA,2.9,345571.2,3.2,3.0
8992,04:00:00,10/01/2025 4:00:00 SA,2.9,345574.3,3.1,3.2
8993,05:00:00,10/01/2025 5:00:00 SA,3.0,345578.0,3.7,3.8
8994,06:00:00,10/01/2025 6:00:00 SA,3.1,345583.6,5.6,5.6
8995,07:00:00,10/01/2025 7:00:00 SA,3.4,345597.0,13.4,12.5
8996,08:00:00,10/01/2025 8:00:00 SA,3.3,345610.5,13.5,13.6
8997,09:00:00,10/01/2025 9:00:00 SA,3.5,345622.3,11.8,11.6
8998,10:00:00,10/01/2025 10:00:00 SA,3.5,345630.7,8.4,8.3
8999,11:00:00,10/01/2025 11:00:00 SA,3.5,345640.3,9.6,9.5
9000,12:00:00,10/01/2025 12:00:00 CH,3.4,345650.3,10.0,10.1
9001,13:00:00,10/01/2025 1:00:00 CH,3.3,345658.5,8.2,8.1
9002,14:00:00,10/01/2025 2:00:00 CH,3.3,345666.7,8.2,8.0
9003,15:00:00,10/01/2025 3:00:00 CH,3.5,345678.9,12.2,11.9
9004,16:00:00,10/01/2025 4:00:00 CH,3.5,345689.5,10.6,10.2
9005,17:00:00,10/01/2025 5:00:00 CH,3.6,345699.5,10.0,10.0
9006,18:00:00,10/01/2025 6:00:00 CH,3.5,345712.9,13.4,12.9
9007,19:00:00,10/01/2025 7:00:00 CH,3.5,345729.5,16.6,17.0
9008,20:00:00,10/01/2025 8:00:00 CH,3.4,345743.3,13.8,13.4
9009,21:00:00,10/01/2025 9:00:00 CH,3.5,345756.4,13.1,13.1
9010,22:00:00,10/01/2025 10:00:00 CH,3.3,345767.5,11.1,10.5
9011,23:00:00,10/01/2025 11:00:00 CH,3.3,345778.1,10.6,11.3
9012,00:00:00,11/01/2025 12:00:00 SA,2.8,345784.5,6.4,6.5
9013,01:00:00,11/01/2025 1:00:00 SA,2.9,345791.0,6.5,6.5
9014,02:00:00,11/01/2025 2:00:00 SA,2.9,345794.2,3.2,3.2
9015,03:00:00,11/01/2025 3:00:00 SA,2.9,345797.3,3.1,3.0
9016,04:00:00,11/01/2025 4:00:00 SA,2.9,345800.5,3.2,3.2
9017,05:00:00,11/01/2025 5:00:00 SA,3.0,345804.1,3.6,3.2
9018,06:00:00,11/01/2025 6:00:00 SA,3.5,345809.4,5.3,5.2
9019,07:00:00,11/01/2025 7:00:00 SA,3.4,345819.5,10.1,9.9
9020,08:00:00,11/01/2025 8:00:00 SA,3.4,345830.6,11.1,11.1
9021,09:00:00,11/01/2025 9:00:00 SA,3.3,345840.8,10.2,9.8
9022,10:00:00,11/01/2025 10:00:00 SA,3.3,345850.6,9.8,9.9
9023,11:00:00,11/01/2025 11:00:00 SA,3.3,345860.9,10.3,9.6
9024,12:00:00,11/01/2025 12:00:00 CH,3.4,345871.4,10.5,10.3
9025,13:00:00,11/01/2025 1:00:00 CH,3.3,345880.2,8.8,8.7
9026,14:00:00,11/01/2025 2:00:00 CH,3.3,345889.4,9.2,9.2
9027,15:00:00,11/01/2025 3:00:00 CH,3.3,345899.7,10.3,10.4
9028,16:00:00,11/01/2025 4:00:00 CH,3.4,345910.8,11.1,11.7
9029,17:00:00,11/01/2025 5:00:00 CH,3.4,345925.4,14.6,15.4
9030,18:00:00,11/01/2025 6:00:00 CH,3.3,345941.2,15.8,15.2
9031,19:00:00,11/01/2025 7:00:00 CH,3.5,345956.0,14.8,14.5
9032,20:00:00,11/01/2025 8:00:00 CH,3.5,345967.5,11.5,10.8
9033,21:00:00,11/01/2025 9:00:00 CH,3.5,345979.3,11.8,11.4
9034,22:00:00,11/01/2025 10:00:00 CH,3.4,345989.2,9.9,9.7
9035,23:00:00,11/01/2025 11:00:00 CH,3.2,345998.5,9.3,9.8
9036,00:00:00,12/01/2025 12:00:00 SA,2.9,346005.7,7.2,7.0
9037,01:00:00,12/01/2025 1:00:00 SA,2.8,346011.3,5.6,5.6
9038,02:00:00,12/01/2025 2:00:00 SA,2.8,346014.5,3.2,2.9
9039,03:00:00,12/01/2025 3:00:00 SA,3.0,346017.5,3.0,3.0
9040,04:00:00,12/01/2025 4:00:00 SA,3.0,346020.6,3.1,3.0
9041,05:00:00,12/01/2025 5:00:00 SA,3.3,346024.1,3.5,3.4
9042,06:00:00,12/01/2025 6:00:00 SA,3.4,346028.5,4.4,4.3
9043,07:00:00,12/01/2025 7:00:00 SA,3.4,346036.3,7.8,7.6
9044,08:00:00,12/01/2025 8:00:00 SA,3.3,346048.5,12.2,12.4
9045,09:00:00,12/01/2025 9:00:00 SA,3.2,346061.1,12.6,13.3
9046,10:00:00,12/01/2025 10:00:00 SA,3.3,346074.7,13.6,13.6
9047,11:00:00,12/01/2025 11:00:00 SA,3.2,346086.8,12.1,12.1
9048,12:00:00,12/01/2025 12:00:00 CH,3.3,346098.1,11.3,10.8
9049,13:00:00,12/01/2025 1:00:00 CH,3.2,346107.7,9.6,9.6
9050,14:00:00,12/01/2025 2:00:00 CH,3.3,346115.4,7.7,7.4
9051,15:00:00,12/01/2025 3:00:00 CH,3.3,346123.7,8.3,7.7
9052,16:00:00,12/01/2025 4:00:00 CH,3.3,346132.8,9.1,8.9
9053,17:00:00,12/01/2025 5:00:00 CH,3.4,346146.2,13.4,13.7
9054,18:00:00,12/01/2025 6:00:00 CH,3.3,346160.9,14.7,15.0
9055,19:00:00,12/01/2025 7:00:00 CH,3.4,346176.3,15.4,15.2
9056,20:00:00,12/01/2025 8:00:00 CH,3.4,346189.8,13.5,13.1
9057,21:00:00,12/01/2025 9:00:00 CH,3.5,346203.1,13.3,13.7
9058,22:00:00,12/01/2025 10:00:00 CH,3.4,346214.5,11.4,10.8
9059,23:00:00,12/01/2025 11:00:00 CH,3.2,346224.6,10.1,10.3
9060,00:00:00,13/01/2025 12:00:00 SA,2.8,346231.9,7.3,7.2
9061,01:00:00,13/01/2025 1:00:00 SA,2.9,346238.6,6.7,6.7
9062,02:00:00,13/01/2025 2:00:00 SA,3.0,346242.1,3.5,3.8
9063,03:00:00,13/01/2025 3:00:00 SA,2.9,346245.2,3.1,3.1
9064,04:00:00,13/01/2025 4:00:00 SA,3.1,346248.2,3.0,2.9
9065,05:00:00,13/01/2025 5:00:00 SA,3.1,346252.4,4.2,3.8
9066,06:00:00,13/01/2025 6:00:00 SA,3.7,346258.0,5.6,5.0
9067,07:00:00,13/01/2025 7:00:00 SA,3.4,346270.6,12.6,12.9
9068,08:00:00,13/01/2025 8:00:00 SA,3.5,346281.8,11.2,11.9
9069,09:00:00,13/01/2025 9:00:00 SA,3.3,346291.8,10.0,10.0
9070,10:00:00,13/01/2025 10:00:00 SA,3.3,346301.1,9.3,9.5
9071,11:00:00,13/01/2025 11:00:00 SA,3.3,346310.8,9.7,9.5
9072,12:00:00,13/01/2025 12:00:00 CH,3.3,346322.1,11.3,11.3
9073,13:00:00,13/01/2025 1:00:00 CH,3.3,346330.8,8.7,9.0
9074,14:00:00,13/01/2025 2:00:00 CH,3.3,346339.3,8.5,8.6
9075,15:00:00,13/01/2025 3:00:00 CH,3.2,346349.2,9.9,9.8
9076,16:00:00,13/01/2025 4:00:00 CH,3.3,346356.8,7.6,7.6
9077,17:00:00,13/01/2025 5:00:00 CH,3.4,346365.9,9.1,9.0
9078,18:00:00,13/01/2025 6:00:00 CH,3.1,346379.4,13.5,13.2
9079,19:00:00,13/01/2025 7:00:00 CH,3.2,346394.4,15.0,15.3
9080,20:00:00,13/01/2025 8:00:00 CH,3.1,346408.3,13.9,13.8
9081,21:00:00,13/01/2025 9:00:00 CH,3.3,346422.5,14.2,14.5
9082,22:00:00,13/01/2025 10:00:00 CH,3.2,346434.4,11.9,12.3
9083,23:00:00,13/01/2025 11:00:00 CH,3.2,346444.0,9.6,9.1
9084,00:00:00,14/01/2025 12:00:00 SA,2.9,346450.5,6.5,6.5
9085,01:00:00,14/01/2025 1:00:00 SA,2.8,346455.6,5.1,4.9
9086,02:00:00,14/01/2025 2:00:00 SA,2.8,346459.1,3.5,3.8
9087,03:00:00,14/01/2025 3:00:00 SA,2.9,346462.7,3.6,3.6
9088,04:00:00,14/01/2025 4:00:00 SA,2.9,346465.6,2.9,2.8
9089,05:00:00,14/01/2025 5:00:00 SA,3.0,346468.9,3.3,3.1
9090,06:00:00,14/01/2025 6:00:00 SA,3.2,346474.9,6.0,5.4
9091,07:00:00,14/01/2025 7:00:00 SA,3.2,346487.6,12.7,12.3
9092,08:00:00,14/01/2025 8:00:00 SA,3.3,346497.6,10.0,9.8
9093,09:00:00,14/01/2025 9:00:00 SA,3.4,346509.0,11.4,11.3
9094,10:00:00,14/01/2025 10:00:00 SA,3.4,346520.1,11.1,11.1
9095,11:00:00,14/01/2025 11:00:00 SA,3.4,346531.9,11.8,11.6
9096,12:00:00,14/01/2025 12:00:00 CH,3.2,346541.7,9.8,10.3
9097,13:00:00,14/01/2025 1:00:00 CH,3.3,346550.4,8.7,8.2
9098,14:00:00,14/01/2025 2:00:00 CH,3.3,346560.4,10.0,10.1
9099,15:00:00,14/01/2025 3:00:00 CH,3.2,346568.3,7.9,8.5
9100,16:00:00,14/01/2025 4:00:00 CH,3.3,346576.0,7.7,8.3
9101,17:00:00,14/01/2025 5:00:00 CH,3.3,346585.9,9.9,9.3
9102,18:00:00,14/01/2025 6:00:00 CH,3.3,346599.1,13.2,13.0
9103,19:00:00,14/01/2025 7:00:00 CH,3.2,346615.8,16.7,16.7
9104,20:00:00,14/01/2025 8:00:00 CH,3.2,346630.1,14.3,14.6
9105,21:00:00,14/01/2025 9:00:00 CH,3.4,346644.1,14.0,13.7
9106,22:00:00,14/01/2025 10:00:00 CH,3.1,346657.2,13.1,12.8
9107,23:00:00,14/01/2025 11:00:00 CH,2.9,346666.1,8.9,9.2
9108,00:00:00,15/01/2025 12:00:00 SA,2.8,346673.6,7.5,7.3
9109,01:00:00,15/01/2025 1:00:00 SA,2.9,346677.3,3.7,4.0
9110,02:00:00,15/01/2025 2:00:00 SA,2.8,346682.3,5.0,4.9
9111,03:00:00,15/01/2025 3:00:00 SA,2.9,346685.4,3.1,2.9
9112,04:00:00,15/01/2025 4:00:00 SA,2.8,346688.2,2.8,2.8
9113,05:00:00,15/01/2025 5:00:00 SA,3.1,346692.3,4.1,3.8
9114,06:00:00,15/01/2025 6:00:00 SA,3.3,346698.4,6.1,5.9
9115,07:00:00,15/01/2025 7:00:00 SA,3.3,346709.8,11.4,11.2
9116,08:00:00,15/01/2025 8:00:00 SA,3.3,346719.7,9.9,9.5
9117,09:00:00,15/01/2025 9:00:00 SA,3.3,346730.7,11.0,10.7
9118,10:00:00,15/01/2025 10:00:00 SA,3.3,346741.8,11.1,10.5
9119,11:00:00,15/01/2025 11:00:00 SA,3.3,346750.3,8.5,8.8
9120,12:00:00,15/01/2025 12:00:00 CH,3.4,346759.9,9.6,9.6
9121,13:00:00,15/01/2025 1:00:00 CH,3.4,346769.2,9.3,10.0
9122,14:00:00,15/01/2025 2:00:00 CH,0.0,0.0,-346769.2,9.0
9123,15:00:00,15/01/2025 3:00:00 CH,3.2,346785.8,346785.8,6.4
9124,16:00:00,15/01/2025 4:00:00 CH,3.2,346793.2,7.4,6.4
9125,17:00:00,15/01/2025 5:00:00 CH,3.4,346802.5,9.3,9.3
9126,18:00:00,15/01/2025 6:00:00 CH,3.1,346815.0,12.5,12.5
9127,19:00:00,15/01/2025 7:00:00 CH,2.9,346831.4,16.4,16.4
9128,20:00:00,15/01/2025 8:00:00 CH,3.2,346846.4,15.0,15.2
9129,21:00:00,15/01/2025 9:00:00 CH,3.2,346859.9,13.5,14.4
9130,22:00:00,15/01/2025 10:00:00 CH,3.3,346871.9,12.0,12.6
9131,23:00:00,15/01/2025 11:00:00 CH,3.2,346882.5,10.6,10.2
9132,00:00:00,16/01/2025 12:00:00 SA,2.8,346890.4,7.9,7.6
9133,01:00:00,16/01/2025 1:00:00 SA,2.9,346895.1,4.7,4.4
9134,02:00:00,16/01/2025 2:00:00 SA,2.8,346900.9,5.8,5.8
9135,03:00:00,16/01/2025 3:00:00 SA,2.8,346904.0,3.1,3.1
9136,04:00:00,16/01/2025 4:00:00 SA,2.9,346907.2,3.2,3.1
9137,05:00:00,16/01/2025 5:00:00 SA,2.9,346911.0,3.8,3.5
9138,06:00:00,16/01/2025 6:00:00 SA,3.2,346916.9,5.9,5.6
9139,07:00:00,16/01/2025 7:00:00 SA,3.4,346928.5,11.6,11.3
9140,08:00:00,16/01/2025 8:00:00 SA,3.4,346939.3,10.8,10.3
9141,09:00:00,16/01/2025 9:00:00 SA,3.3,346952.4,13.1,11.5
9142,10:00:00,16/01/2025 10:00:00 SA,3.3,346964.6,12.2,11.9
9143,11:00:00,16/01/2025 11:00:00 SA,3.3,346976.2,11.6,12.1
9144,12:00:00,16/01/2025 12:00:00 CH,3.3,346987.1,10.9,10.4
9145,13:00:00,16/01/2025 1:00:00 CH,3.2,346996.8,9.7,9.4
9146,14:00:00,16/01/2025 2:00:00 CH,3.3,347005.4,8.6,8.3
9147,15:00:00,16/01/2025 3:00:00 CH,3.2,347012.1,6.7,6.2
9148,16:00:00,16/01/2025 4:00:00 CH,3.2,347019.5,7.4,7.1
9149,17:00:00,16/01/2025 5:00:00 CH,3.3,347030.0,10.5,10.1
9150,18:00:00,16/01/2025 6:00:00 CH,3.0,347044.5,14.5,13.9
9151,19:00:00,16/01/2025 7:00:00 CH,3.1,347059.9,15.4,14.6
9152,20:00:00,16/01/2025 8:00:00 CH,3.3,347074.5,14.6,14.2
9153,21:00:00,16/01/2025 9:00:00 CH,3.4,347086.8,12.3,11.8
9154,22:00:00,16/01/2025 10:00:00 CH,3.3,347099.5,12.7,12.1
9155,23:00:00,16/01/2025 11:00:00 CH,3.3,347111.2,11.7,12.1
9156,00:00:00,17/01/2025 12:00:00 SA,2.8,347117.9,6.7,6.3
9157,01:00:00,17/01/2025 1:00:00 SA,2.8,347122.8,4.9,5.1
9158,02:00:00,17/01/2025 2:00:00 SA,2.8,347126.8,4.0,4.1
9159,03:00:00,17/01/2025 3:00:00 SA,2.8,347129.7,2.9,2.9
9160,04:00:00,17/01/2025 4:00:00 SA,2.9,347132.7,3.0,2.8
9161,05:00:00,17/01/2025 5:00:00 SA,3.0,347136.4,3.7,3.5
9162,06:00:00,17/01/2025 6:00:00 SA,3.3,347143.1,6.7,6.4
9163,07:00:00,17/01/2025 7:00:00 SA,3.3,347154.5,11.4,11.2
9164,08:00:00,17/01/2025 8:00:00 SA,3.3,347168.3,13.8,12.9
9165,09:00:00,17/01/2025 9:00:00 SA,3.3,347182.2,13.9,13.6
9166,10:00:00,17/01/2025 10:00:00 SA,3.3,347192.6,10.4,10.1
9167,11:00:00,17/01/2025 11:00:00 SA,3.3,347201.7,9.1,9.5
9168,12:00:00,17/01/2025 12:00:00 CH,3.3,347211.4,9.7,9.1
9169,13:00:00,17/01/2025 1:00:00 CH,3.2,347219.8,8.4,8.6
9170,14:00:00,17/01/2025 2:00:00 CH,3.3,347228.2,8.4,7.7
9171,15:00:00,17/01/2025 3:00:00 CH,3.2,347237.6,9.4,8.5
9172,16:00:00,17/01/2025 4:00:00 CH,3.4,347246.3,8.7,8.7
9173,17:00:00,17/01/2025 5:00:00 CH,3.4,347256.1,9.8,10.0
9174,18:00:00,17/01/2025 6:00:00 CH,3.3,347269.0,12.9,12.7
9175,19:00:00,17/01/2025 7:00:00 CH,3.2,347286.0,17.0,17.2
9176,20:00:00,17/01/2025 8:00:00 CH,3.4,347300.4,14.4,14.5
9177,21:00:00,17/01/2025 9:00:00 CH,3.4,347312.6,12.2,12.0
9178,22:00:00,17/01/2025 10:00:00 CH,3.3,347323.9,11.3,11.0
9179,23:00:00,17/01/2025 11:00:00 CH,3.2,347334.1,10.2,9.4
9180,00:00:00,18/01/2025 12:00:00 SA,2.8,347342.2,8.1,8.4
9181,01:00:00,18/01/2025 1:00:00 SA,2.8,347346.6,4.4,4.3
9182,02:00:00,18/01/2025 2:00:00 SA,2.8,347351.4,4.8,4.9
9183,03:00:00,18/01/2025 3:00:00 SA,2.9,347354.3,2.9,2.7
9184,04:00:00,18/01/2025 4:00:00 SA,2.9,347357.3,3.0,2.9
9185,05:00:00,18/01/2025 5:00:00 SA,2.9,347360.5,3.2,3.1
9186,06:00:00,18/01/2025 6:00:00 SA,3.1,347365.3,4.8,4.6
9187,07:00:00,18/01/2025 7:00:00 SA,3.2,347375.1,9.8,8.9
9188,08:00:00,18/01/2025 8:00:00 SA,3.3,347387.4,12.3,13.2
9189,09:00:00,18/01/2025 9:00:00 SA,3.3,347402.7,15.3,14.7
9190,10:00:00,18/01/2025 10:00:00 SA,3.3,347414.7,12.0,10.5
9191,11:00:00,18/01/2025 11:00:00 SA,3.3,347426.8,12.1,11.5
9192,12:00:00,18/01/2025 12:00:00 CH,3.4,347438.6,11.8,12.2
9193,13:00:00,18/01/2025 1:00:00 CH,3.3,347449.1,10.5,10.6
9194,14:00:00,18/01/2025 2:00:00 CH,3.3,347457.4,8.3,7.8
9195,15:00:00,18/01/2025 3:00:00 CH,3.4,347468.0,10.6,10.0
9196,16:00:00,18/01/2025 4:00:00 CH,3.5,347480.1,12.1,12.4
9197,17:00:00,18/01/2025 5:00:00 CH,3.3,347491.5,11.4,11.4
9198,18:00:00,18/01/2025 6:00:00 CH,3.5,347504.6,13.1,13.2
9199,19:00:00,18/01/2025 7:00:00 CH,3.4,347516.8,12.2,12.7
9200,20:00:00,18/01/2025 8:00:00 CH,3.5,347528.6,11.8,11.7
9201,21:00:00,18/01/2025 9:00:00 CH,3.4,347539.1,10.5,10.7
9202,22:00:00,18/01/2025 10:00:00 CH,3.4,347551.4,12.3,12.0
9203,23:00:00,18/01/2025 11:00:00 CH,3.1,347561.5,10.1,9.8
9204,00:00:00,19/01/2025 12:00:00 SA,2.8,347571.0,9.5,9.5
9205,01:00:00,19/01/2025 1:00:00 SA,2.8,347575.6,4.6,4.2
9206,02:00:00,19/01/2025 2:00:00 SA,2.9,347579.6,4.0,4.1
9207,03:00:00,19/01/2025 3:00:00 SA,2.9,347582.9,3.3,3.2
9208,04:00:00,19/01/2025 4:00:00 SA,2.9,347586.0,3.1,2.9
9209,05:00:00,19/01/2025 5:00:00 SA,2.9,347589.2,3.2,3.0
9210,06:00:00,19/01/2025 6:00:00 SA,3.2,347593.8,4.6,4.6
9211,07:00:00,19/01/2025 7:00:00 SA,3.3,347602.0,8.2,8.1
9212,08:00:00,19/01/2025 8:00:00 SA,3.3,347612.6,10.6,10.5
9213,09:00:00,19/01/2025 9:00:00 SA,3.3,347624.6,12.0,11.9
9214,10:00:00,19/01/2025 10:00:00 SA,3.3,347635.7,11.1,11.5
9215,11:00:00,19/01/2025 11:00:00 SA,3.2,347646.7,11.0,11.0
9216,12:00:00,19/01/2025 12:00:00 CH,3.3,347658.2,11.5,12.1
9217,13:00:00,19/01/2025 1:00:00 CH,3.2,347668.4,10.2,10.3
9218,14:00:00,19/01/2025 2:00:00 CH,3.3,347676.6,8.2,8.5
9219,15:00:00,19/01/2025 3:00:00 CH,3.3,347685.8,9.2,9.1
9220,16:00:00,19/01/2025 4:00:00 CH,3.4,347697.6,11.8,11.5
9221,17:00:00,19/01/2025 5:00:00 CH,3.2,347710.3,12.7,13.3
9222,18:00:00,19/01/2025 6:00:00 CH,3.2,347726.2,15.9,15.8
9223,19:00:00,19/01/2025 7:00:00 CH,3.3,347744.7,18.5,18.4
9224,20:00:00,19/01/2025 8:00:00 CH,3.4,347759.3,14.6,14.7
9225,21:00:00,19/01/2025 9:00:00 CH,3.4,347772.4,13.1,12.9
9226,22:00:00,19/01/2025 10:00:00 CH,3.3,347785.0,12.6,13.0
9227,23:00:00,19/01/2025 11:00:00 CH,3.2,347796.3,11.3,11.1
9228,00:00:00,20/01/2025 12:00:00 SA,3.2,347801.8,5.5,5.2
9229,01:00:00,20/01/2025 1:00:00 SA,2.9,347807.8,6.0,5.7
9230,02:00:00,20/01/2025 2:00:00 SA,2.9,347810.9,3.1,3.0
9231,03:00:00,20/01/2025 3:00:00 SA,2.9,347813.9,3.0,2.9
9232,04:00:00,20/01/2025 4:00:00 SA,2.9,347816.8,2.9,2.8
9233,05:00:00,20/01/2025 5:00:00 SA,3.2,347820.7,3.9,3.7
9234,06:00:00,20/01/2025 6:00:00 SA,3.5,347827.0,6.3,6.4
9235,07:00:00,20/01/2025 7:00:00 SA,3.3,347839.3,12.3,12.3
9236,08:00:00,20/01/2025 8:00:00 SA,3.3,347852.2,12.9,12.8
9237,09:00:00,20/01/2025 9:00:00 SA,3.3,347862.9,10.7,9.5
9238,10:00:00,20/01/2025 10:00:00 SA,3.4,347873.7,10.8,11.5
9239,11:00:00,20/01/2025 11:00:00 SA,3.3,347883.5,9.8,9.4
9240,12:00:00,20/01/2025 12:00:00 CH,3.3,347894.5,11.0,11.3
9241,13:00:00,20/01/2025 1:00:00 CH,3.3,347903.5,9.0,9.3
9242,14:00:00,20/01/2025 2:00:00 CH,3.3,347912.6,9.1,8.8
9243,15:00:00,20/01/2025 3:00:00 CH,3.2,347922.2,9.6,10.1
9244,16:00:00,20/01/2025 4:00:00 CH,3.3,347930.6,8.4,8.5
9245,17:00:00,20/01/2025 5:00:00 CH,3.5,347940.6,10.0,9.4
9246,18:00:00,20/01/2025 6:00:00 CH,3.2,347956.0,15.4,14.9
9247,19:00:00,20/01/2025 7:00:00 CH,3.2,347971.5,15.5,16.4
9248,20:00:00,20/01/2025 8:00:00 CH,3.3,347984.8,13.3,13.2
9249,21:00:00,20/01/2025 9:00:00 CH,3.4,347998.1,13.3,13.4
9250,22:00:00,20/01/2025 10:00:00 CH,3.2,348009.1,11.0,10.4
9251,23:00:00,20/01/2025 11:00:00 CH,3.2,348020.1,11.0,11.6
9252,00:00:00,21/01/2025 12:00:00 SA,2.9,348029.9,9.8,10.2
9253,01:00:00,21/01/2025 1:00:00 SA,2.9,348034.3,4.4,4.3
9254,02:00:00,21/01/2025 2:00:00 SA,3.0,348040.4,6.1,6.1
9255,03:00:00,21/01/2025 3:00:00 SA,2.9,348043.7,3.3,3.2
9256,04:00:00,21/01/2025 4:00:00 SA,3.0,348047.1,3.4,3.2
9257,05:00:00,21/01/2025 5:00:00 SA,3.2,348051.0,3.9,3.6
9258,06:00:00,21/01/2025 6:00:00 SA,3.5,348057.9,6.9,6.4
9259,07:00:00,21/01/2025 7:00:00 SA,3.3,348070.6,12.7,12.4
9260,08:00:00,21/01/2025 8:00:00 SA,3.3,348082.8,12.2,12.1
9261,09:00:00,21/01/2025 9:00:00 SA,3.4,348095.7,12.9,12.4
9262,10:00:00,21/01/2025 10:00:00 SA,3.3,348106.9,11.2,11.6
9263,11:00:00,21/01/2025 11:00:00 SA,3.3,348115.5,8.6,8.1
9264,12:00:00,21/01/2025 12:00:00 CH,3.3,348125.8,10.3,10.4
9265,13:00:00,21/01/2025 1:00:00 CH,3.2,348134.9,9.1,8.6
9266,14:00:00,21/01/2025 2:00:00 CH,3.3,348143.6,8.7,8.3
9267,15:00:00,21/01/2025 3:00:00 CH,3.2,348151.6,8.0,7.9
9268,16:00:00,21/01/2025 4:00:00 CH,3.2,348158.8,7.2,7.2
9269,17:00:00,21/01/2025 5:00:00 CH,3.4,348168.1,9.3,8.4
9270,18:00:00,21/01/2025 6:00:00 CH,3.0,348180.0,11.9,12.1
9271,19:00:00,21/01/2025 7:00:00 CH,3.4,348195.5,15.5,15.6
9272,20:00:00,21/01/2025 8:00:00 CH,3.3,348209.3,13.8,13.8
9273,21:00:00,21/01/2025 9:00:00 CH,3.4,348221.4,12.1,12.9
9274,22:00:00,21/01/2025 10:00:00 CH,3.2,348232.2,10.8,11.5
9275,23:00:00,21/01/2025 11:00:00 CH,3.3,348242.4,10.2,10.4
9276,00:00:00,22/01/2025 12:00:00 SA,2.9,348247.9,5.5,5.9
9277,01:00:00,22/01/2025 1:00:00 SA,2.9,348252.2,4.3,4.3
9278,02:00:00,22/01/2025 2:00:00 SA,2.9,348254.8,2.6,2.8
9279,03:00:00,22/01/2025 3:00:00 SA,2.9,348256.5,1.7,1.8
9280,04:00:00,22/01/2025 4:00:00 SA,2.9,348257.9,1.4,1.3
9281,05:00:00,22/01/2025 5:00:00 SA,3.0,348260.7,2.8,2.3
9282,06:00:00,22/01/2025 6:00:00 SA,3.5,348265.7,5.0,4.6
9283,07:00:00,22/01/2025 7:00:00 SA,3.3,348276.4,10.7,10.4
9284,08:00:00,22/01/2025 8:00:00 SA,3.3,348286.9,10.5,10.9
9285,09:00:00,22/01/2025 9:00:00 SA,3.3,348298.8,11.9,11.1
9286,10:00:00,22/01/2025 10:00:00 SA,3.3,348307.6,8.8,9.5
9287,11:00:00,22/01/2025 11:00:00 SA,3.3,348318.1,10.5,10.9
9288,12:00:00,22/01/2025 12:00:00 CH,3.4,348328.3,10.2,10.1
9289,13:00:00,22/01/2025 1:00:00 CH,3.3,348336.2,7.9,8.3
9290,14:00:00,22/01/2025 2:00:00 CH,3.3,348344.3,8.1,7.4
9291,15:00:00,22/01/2025 3:00:00 CH,3.3,348350.6,6.3,5.7
9292,16:00:00,22/01/2025 4:00:00 CH,3.3,348357.8,7.2,7.6
9293,17:00:00,22/01/2025 5:00:00 CH,3.3,348365.8,8.0,8.0
9294,18:00:00,22/01/2025 6:00:00 CH,3.0,348379.4,13.6,13.3
9295,19:00:00,22/01/2025 7:00:00 CH,3.4,348394.0,14.6,14.1
9296,20:00:00,22/01/2025 8:00:00 CH,3.4,348405.7,11.7,11.2
9297,21:00:00,22/01/2025 9:00:00 CH,3.4,348416.3,10.6,10.4
9298,22:00:00,22/01/2025 10:00:00 CH,3.3,348426.9,10.6,10.9
9299,23:00:00,22/01/2025 11:00:00 CH,3.1,348437.3,10.4,9.7
9300,00:00:00,23/01/2025 12:00:00 SA,3.0,348444.0,6.7,6.6
9301,01:00:00,23/01/2025 1:00:00 SA,3.0,348446.9,2.9,3.1
9302,02:00:00,23/01/2025 2:00:00 SA,2.9,348450.1,3.2,3.0
9303,03:00:00,23/01/2025 3:00:00 SA,2.9,348453.0,2.9,2.9
9304,04:00:00,23/01/2025 4:00:00 SA,2.9,348454.4,1.4,1.4
9305,05:00:00,23/01/2025 5:00:00 SA,3.1,348456.5,2.1,2.0
9306,06:00:00,23/01/2025 6:00:00 SA,3.4,348460.7,4.2,3.7
9307,07:00:00,23/01/2025 7:00:00 SA,3.3,348471.6,10.9,10.3
9308,08:00:00,23/01/2025 8:00:00 SA,3.4,348483.5,11.9,11.7
9309,09:00:00,23/01/2025 9:00:00 SA,3.4,348492.4,8.9,8.7
9310,10:00:00,23/01/2025 10:00:00 SA,3.5,348502.3,9.9,9.1
9311,11:00:00,23/01/2025 11:00:00 SA,3.3,348511.4,9.1,8.8
9312,12:00:00,23/01/2025 12:00:00 CH,3.4,348519.7,8.3,8.1
9313,13:00:00,23/01/2025 1:00:00 CH,3.4,348527.2,7.5,7.5
9314,14:00:00,23/01/2025 2:00:00 CH,3.3,348536.3,9.1,9.2
9315,15:00:00,23/01/2025 3:00:00 CH,3.3,348544.3,8.0,8.6
9316,16:00:00,23/01/2025 4:00:00 CH,3.2,348550.0,5.7,5.5
9317,17:00:00,23/01/2025 5:00:00 CH,3.5,348557.5,7.5,7.5
9318,18:00:00,23/01/2025 6:00:00 CH,3.3,348569.9,12.4,12.5
9319,19:00:00,23/01/2025 7:00:00 CH,3.2,348585.5,15.6,15.7
9320,20:00:00,23/01/2025 8:00:00 CH,3.4,348598.6,13.1,12.7
9321,21:00:00,23/01/2025 9:00:00 CH,3.3,348610.7,12.1,12.7
9322,22:00:00,23/01/2025 10:00:00 CH,3.3,348621.0,10.3,10.1
9323,23:00:00,23/01/2025 11:00:00 CH,3.1,348632.3,11.3,11.7
9324,00:00:00,24/01/2025 12:00:00 SA,2.9,348639.3,7.0,7.2
9325,01:00:00,24/01/2025 1:00:00 SA,2.9,348641.8,2.5,2.6
9326,02:00:00,24/01/2025 2:00:00 SA,2.9,348644.8,3.0,3.0
9327,03:00:00,24/01/2025 3:00:00 SA,2.9,348645.9,1.1,1.1
9328,04:00:00,24/01/2025 4:00:00 SA,2.9,348647.0,1.1,1.2
9329,05:00:00,24/01/2025 5:00:00 SA,3.1,348648.9,1.9,1.8
9330,06:00:00,24/01/2025 6:00:00 SA,3.4,348653.7,4.8,4.7
9331,07:00:00,24/01/2025 7:00:00 SA,3.4,348664.5,10.8,11.0
9332,08:00:00,24/01/2025 8:00:00 SA,3.5,348675.2,10.7,10.7
9333,09:00:00,24/01/2025 9:00:00 SA,3.4,348683.4,8.2,8.5
9334,10:00:00,24/01/2025 10:00:00 SA,3.4,348691.6,8.2,8.0
9335,11:00:00,24/01/2025 11:00:00 SA,3.4,348700.3,8.7,9.1
9336,12:00:00,24/01/2025 12:00:00 CH,3.5,348711.2,10.9,11.2
9337,13:00:00,24/01/2025 1:00:00 CH,3.4,348719.1,7.9,7.9
9338,14:00:00,24/01/2025 2:00:00 CH,3.3,348731.4,12.3,12.3
9339,15:00:00,24/01/2025 3:00:00 CH,3.2,348745.3,13.9,14.8
9340,16:00:00,24/01/2025 4:00:00 CH,3.3,348755.3,10.0,10.4
9341,17:00:00,24/01/2025 5:00:00 CH,3.4,348766.2,10.9,10.6
9342,18:00:00,24/01/2025 6:00:00 CH,3.3,348781.8,15.6,15.0
9343,19:00:00,24/01/2025 7:00:00 CH,3.2,348798.6,16.8,16.3
9344,20:00:00,24/01/2025 8:00:00 CH,3.4,348812.5,13.9,13.9
9345,21:00:00,24/01/2025 9:00:00 CH,3.4,348825.3,12.8,12.6
9346,22:00:00,24/01/2025 10:00:00 CH,3.3,348835.1,9.8,9.9
9347,23:00:00,24/01/2025 11:00:00 CH,3.3,348846.5,11.4,11.0
9348,00:00:00,25/01/2025 12:00:00 SA,2.9,348855.9,9.4,9.4
9349,01:00:00,25/01/2025 1:00:00 SA,2.9,348860.0,4.1,4.0
9350,02:00:00,25/01/2025 2:00:00 SA,2.9,348864.4,4.4,4.2
9351,03:00:00,25/01/2025 3:00:00 SA,2.9,348866.9,2.5,2.4
9352,04:00:00,25/01/2025 4:00:00 SA,2.9,348869.5,2.6,2.5
9353,05:00:00,25/01/2025 5:00:00 SA,3.1,348872.6,3.1,3.0
9354,06:00:00,25/01/2025 6:00:00 SA,3.4,348878.3,5.7,5.5
9355,07:00:00,25/01/2025 7:00:00 SA,3.4,348888.5,10.2,9.9
9356,08:00:00,25/01/2025 8:00:00 SA,3.3,348903.1,14.6,14.6
9357,09:00:00,25/01/2025 9:00:00 SA,3.3,348917.4,14.3,14.8
9358,10:00:00,25/01/2025 10:00:00 SA,3.3,348931.5,14.1,13.8
9359,11:00:00,25/01/2025 11:00:00 SA,3.3,348942.4,10.9,10.8
9360,12:00:00,25/01/2025 12:00:00 CH,3.3,348954.3,11.9,11.4
9361,13:00:00,25/01/2025 1:00:00 CH,3.3,348964.1,9.8,9.9
9362,14:00:00,25/01/2025 2:00:00 CH,3.5,348973.9,9.8,9.3
9363,15:00:00,25/01/2025 3:00:00 CH,3.3,348983.3,9.4,9.3
9364,16:00:00,25/01/2025 4:00:00 CH,3.5,348993.7,10.4,10.3
9365,17:00:00,25/01/2025 5:00:00 CH,3.4,349005.0,11.3,11.0
9366,18:00:00,25/01/2025 6:00:00 CH,3.4,349019.6,14.6,14.3
9367,19:00:00,25/01/2025 7:00:00 CH,3.3,349036.4,16.8,17.2
9368,20:00:00,25/01/2025 8:00:00 CH,3.4,349049.9,13.5,13.5
9369,21:00:00,25/01/2025 9:00:00 CH,3.3,349061.3,11.4,10.8
9370,22:00:00,25/01/2025 10:00:00 CH,3.3,349072.2,10.9,10.3
9371,23:00:00,25/01/2025 11:00:00 CH,3.1,349083.9,11.7,11.2
9372,00:00:00,26/01/2025 12:00:00 SA,2.8,349092.4,8.5,8.1
9373,01:00:00,26/01/2025 1:00:00 SA,2.9,349097.5,5.1,4.9
9374,02:00:00,26/01/2025 2:00:00 SA,2.9,349101.3,3.8,3.8
9375,03:00:00,26/01/2025 3:00:00 SA,2.9,349104.8,3.5,3.5
9376,04:00:00,26/01/2025 4:00:00 SA,3.0,349108.1,3.3,3.1
9377,05:00:00,26/01/2025 5:00:00 SA,3.0,349111.6,3.5,3.5
9378,06:00:00,26/01/2025 6:00:00 SA,3.1,349116.0,4.4,4.3
9379,07:00:00,26/01/2025 7:00:00 SA,3.3,349124.9,8.9,8.9
9380,08:00:00,26/01/2025 8:00:00 SA,3.4,349136.6,11.7,11.5
9381,09:00:00,26/01/2025 9:00:00 SA,3.4,349148.0,11.4,10.8
9382,10:00:00,26/01/2025 10:00:00 SA,3.4,349160.0,12.0,11.5
9383,11:00:00,26/01/2025 11:00:00 SA,3.3,349170.3,10.3,10.0
9384,12:00:00,26/01/2025 12:00:00 CH,3.3,349179.5,9.2,9.1
9385,13:00:00,26/01/2025 1:00:00 CH,3.3,349188.9,9.4,9.3
9386,14:00:00,26/01/2025 2:00:00 CH,3.3,349197.8,8.9,8.4
9387,15:00:00,26/01/2025 3:00:00 CH,3.3,349207.6,9.8,9.4
9388,16:00:00,26/01/2025 4:00:00 CH,3.4,349218.5,10.9,11.2
9389,17:00:00,26/01/2025 5:00:00 CH,3.5,349229.2,10.7,10.8
9390,18:00:00,26/01/2025 6:00:00 CH,3.3,349241.0,11.8,11.3
9391,19:00:00,26/01/2025 7:00:00 CH,3.4,349254.3,13.3,13.0
9392,20:00:00,26/01/2025 8:00:00 CH,3.4,349266.1,11.8,11.3
9393,21:00:00,26/01/2025 9:00:00 CH,3.4,349276.8,10.7,10.8
9394,22:00:00,26/01/2025 10:00:00 CH,3.3,349286.7,9.9,10.5
9395,23:00:00,26/01/2025 11:00:00 CH,3.2,349298.3,11.6,11.5
9396,00:00:00,27/01/2025 12:00:00 SA,2.6,349304.8,6.5,6.5
9397,01:00:00,27/01/2025 1:00:00 SA,2.8,349308.6,3.8,3.7
9398,02:00:00,27/01/2025 2:00:00 SA,2.8,349312.0,3.4,3.5
9399,03:00:00,27/01/2025 3:00:00 SA,2.8,349315.0,3.0,3.2
9400,04:00:00,27/01/2025 4:00:00 SA,2.8,349317.5,2.5,2.4
9401,05:00:00,27/01/2025 5:00:00 SA,2.8,349320.2,2.7,2.6
9402,06:00:00,27/01/2025 6:00:00 SA,3.2,349324.4,4.2,4.0
9403,07:00:00,27/01/2025 7:00:00 SA,3.3,349331.9,7.5,6.8
9404,08:00:00,27/01/2025 8:00:00 SA,3.3,349342.4,10.5,9.8
9405,09:00:00,27/01/2025 9:00:00 SA,3.2,349354.7,12.3,12.3
9406,10:00:00,27/01/2025 10:00:00 SA,3.2,349366.3,11.6,12.0
9407,11:00:00,27/01/2025 11:00:00 SA,3.2,349379.0,12.7,12.4
9408,12:00:00,27/01/2025 12:00:00 CH,3.2,349392.2,13.2,12.5
9409,13:00:00,27/01/2025 1:00:00 CH,3.0,349403.9,11.7,12.6
9410,14:00:00,27/01/2025 2:00:00 CH,3.1,349417.7,13.8,13.4
9411,15:00:00,27/01/2025 3:00:00 CH,3.1,349428.7,11.0,10.7
9412,16:00:00,27/01/2025 4:00:00 CH,3.3,349441.8,13.1,13.9
9413,17:00:00,27/01/2025 5:00:00 CH,3.4,349454.3,12.5,12.8
9414,18:00:00,27/01/2025 6:00:00 CH,3.4,349469.5,15.2,14.6
9415,19:00:00,27/01/2025 7:00:00 CH,3.4,349484.1,14.6,14.8
9416,20:00:00,27/01/2025 8:00:00 CH,3.2,349496.3,12.2,11.9
9417,21:00:00,27/01/2025 9:00:00 CH,3.2,349508.4,12.1,12.1
9418,22:00:00,27/01/2025 10:00:00 CH,3.2,349520.7,12.3,13.5
9419,23:00:00,27/01/2025 11:00:00 CH,3.2,349532.9,12.2,11.8
9420,00:00:00,28/01/2025 12:00:00 SA,2.9,349540.5,7.6,7.8
9421,01:00:00,28/01/2025 1:00:00 SA,2.9,349545.8,5.3,5.3
9422,02:00:00,28/01/2025 2:00:00 SA,2.9,349549.6,3.8,4.0
9423,03:00:00,28/01/2025 3:00:00 SA,2.9,349553.0,3.4,3.2
9424,04:00:00,28/01/2025 4:00:00 SA,3.0,349555.5,2.5,2.5
9425,05:00:00,28/01/2025 5:00:00 SA,3.1,349558.3,2.8,2.7
9426,06:00:00,28/01/2025 6:00:00 SA,3.4,349563.1,4.8,4.5
9427,07:00:00,28/01/2025 7:00:00 SA,3.3,349571.2,8.1,7.5
9428,08:00:00,28/01/2025 8:00:00 SA,3.2,349582.0,10.8,10.4
9429,09:00:00,28/01/2025 9:00:00 SA,3.3,349595.6,13.6,13.3
9430,10:00:00,28/01/2025 10:00:00 SA,3.4,349609.5,13.9,12.8
9431,11:00:00,28/01/2025 11:00:00 SA,3.4,349624.7,15.2,15.1
9432,12:00:00,28/01/2025 12:00:00 CH,3.4,349636.5,11.8,12.2
9433,13:00:00,28/01/2025 1:00:00 CH,3.1,349646.5,10.0,9.6
9434,14:00:00,28/01/2025 2:00:00 CH,3.2,349656.5,10.0,9.9
9435,15:00:00,28/01/2025 3:00:00 CH,3.1,349668.0,11.5,11.4
9436,16:00:00,28/01/2025 4:00:00 CH,3.3,349682.3,14.3,14.5
9437,17:00:00,28/01/2025 5:00:00 CH,3.3,349699.2,16.9,16.9
9438,18:00:00,28/01/2025 6:00:00 CH,3.2,349719.1,19.9,19.5
9439,19:00:00,28/01/2025 7:00:00 CH,3.4,349738.9,19.8,20.0
9440,20:00:00,28/01/2025 8:00:00 CH,3.2,349754.3,15.4,15.3
9441,21:00:00,28/01/2025 9:00:00 CH,3.1,349770.1,15.8,15.7
9442,22:00:00,28/01/2025 10:00:00 CH,3.3,349782.9,12.8,12.7
9443,23:00:00,28/01/2025 11:00:00 CH,3.1,349795.2,12.3,12.1
9444,00:00:00,29/01/2025 12:00:00 SA,2.6,349803.8,8.6,8.9
9445,01:00:00,29/01/2025 1:00:00 SA,2.6,349808.9,5.1,5.0
9446,02:00:00,29/01/2025 2:00:00 SA,2.4,349814.0,5.1,5.0
9447,03:00:00,29/01/2025 3:00:00 SA,2.5,349817.6,3.6,3.4
9448,04:00:00,29/01/2025 4:00:00 SA,2.5,349820.0,2.4,2.4
9449,05:00:00,29/01/2025 5:00:00 SA,2.5,349822.1,2.1,2.0
9450,06:00:00,29/01/2025 6:00:00 SA,2.6,349824.5,2.4,2.3
9451,07:00:00,29/01/2025 7:00:00 SA,2.7,349829.1,4.6,4.1
9452,08:00:00,29/01/2025 8:00:00 SA,2.7,349834.9,5.8,5.6
9453,09:00:00,29/01/2025 9:00:00 SA,2.9,349843.5,8.6,8.7
9454,10:00:00,29/01/2025 10:00:00 SA,2.9,349852.7,9.2,9.7
9455,11:00:00,29/01/2025 11:00:00 SA,3.0,349859.9,7.2,6.8
9456,12:00:00,29/01/2025 12:00:00 CH,2.8,349865.8,5.9,5.5
9457,13:00:00,29/01/2025 1:00:00 CH,2.8,349871.2,5.4,5.1
9458,14:00:00,29/01/2025 2:00:00 CH,2.8,349876.7,5.5,5.0
9459,15:00:00,29/01/2025 3:00:00 CH,2.8,349881.9,5.2,4.9
9460,16:00:00,29/01/2025 4:00:00 CH,2.8,349886.2,4.3,4.0
9461,17:00:00,29/01/2025 5:00:00 CH,2.9,349891.1,4.9,4.5
9462,18:00:00,29/01/2025 6:00:00 CH,2.8,349898.5,7.4,6.7
9463,19:00:00,29/01/2025 7:00:00 CH,3.2,349907.2,8.7,8.8
9464,20:00:00,29/01/2025 8:00:00 CH,3.2,349917.3,10.1,10.1
9465,21:00:00,29/01/2025 9:00:00 CH,3.2,349926.3,9.0,9.3
9466,22:00:00,29/01/2025 10:00:00 CH,2.9,349935.1,8.8,8.6
9467,23:00:00,29/01/2025 11:00:00 CH,2.5,349943.1,8.0,7.9
9468,00:00:00,30/01/2025 12:00:00 SA,2.6,349947.7,4.6,4.4
9469,01:00:00,30/01/2025 1:00:00 SA,2.6,349950.9,3.2,3.2
9470,02:00:00,30/01/2025 2:00:00 SA,2.6,349953.4,2.5,2.3
9471,03:00:00,30/01/2025 3:00:00 SA,2.6,349955.7,2.3,2.2
9472,04:00:00,30/01/2025 4:00:00 SA,2.6,349957.9,2.2,2.0
9473,05:00:00,30/01/2025 5:00:00 SA,2.6,349960.4,2.5,2.4
9474,06:00:00,30/01/2025 6:00:00 SA,2.6,349963.5,3.1,3.3
9475,07:00:00,30/01/2025 7:00:00 SA,3.0,349969.6,6.1,5.7
9476,08:00:00,30/01/2025 8:00:00 SA,3.0,349978.4,8.8,9.4
9477,09:00:00,30/01/2025 9:00:00 SA,3.2,349988.2,9.8,9.0
9478,10:00:00,30/01/2025 10:00:00 SA,3.0,349996.9,8.7,8.5
9479,11:00:00,30/01/2025 11:00:00 SA,3.2,350004.9,8.0,7.3
9480,12:00:00,30/01/2025 12:00:00 CH,2.9,350012.8,7.9,8.6
9481,13:00:00,30/01/2025 1:00:00 CH,2.7,350018.8,6.0,5.8
9482,14:00:00,30/01/2025 2:00:00 CH,2.8,350024.4,5.6,5.1
9483,15:00:00,30/01/2025 3:00:00 CH,2.8,350029.3,4.9,4.8
9484,16:00:00,30/01/2025 4:00:00 CH,2.8,350035.6,6.3,6.2
9485,17:00:00,30/01/2025 5:00:00 CH,3.0,350043.0,7.4,7.5
9486,18:00:00,30/01/2025 6:00:00 CH,3.1,350052.3,9.3,9.6
9487,19:00:00,30/01/2025 7:00:00 CH,3.1,350062.3,10.0,9.3
9488,20:00:00,30/01/2025 8:00:00 CH,3.0,350071.1,8.8,8.5
9489,21:00:00,30/01/2025 9:00:00 CH,3.0,350078.9,7.8,8.4
9490,22:00:00,30/01/2025 10:00:00 CH,3.0,350086.4,7.5,7.2
9491,23:00:00,30/01/2025 11:00:00 CH,2.9,350094.3,7.9,7.8
9492,00:00:00,31/01/2025 12:00:00 SA,2.8,350100.0,5.7,5.6
9493,01:00:00,31/01/2025 1:00:00 SA,2.7,350103.6,3.6,3.6
9494,02:00:00,31/01/2025 2:00:00 SA,2.7,350106.4,2.8,3.0
9495,03:00:00,31/01/2025 3:00:00 SA,2.7,350109.1,2.7,2.7
9496,04:00:00,31/01/2025 4:00:00 SA,2.7,350111.6,2.5,2.3
9497,05:00:00,31/01/2025 5:00:00 SA,2.7,350114.2,2.6,2.6
9498,06:00:00,31/01/2025 6:00:00 SA,2.8,350117.5,3.3,2.9
9499,07:00:00,31/01/2025 7:00:00 SA,2.8,350122.8,5.3,5.0
9500,08:00:00,31/01/2025 8:00:00 SA,3.0,350130.7,7.9,8.1
9501,09:00:00,31/01/2025 9:00:00 SA,3.3,350141.0,10.3,9.3
9502,10:00:00,31/01/2025 10:00:00 SA,3.1,350149.5,8.5,8.7
9503,11:00:00,31/01/2025 11:00:00 SA,2.9,350157.7,8.2,9.0
9504,12:00:00,31/01/2025 12:00:00 CH,2.7,350164.1,6.4,6.3
9505,13:00:00,31/01/2025 1:00:00 CH,2.9,350170.5,6.4,6.2
9506,14:00:00,31/01/2025 2:00:00 CH,3.0,350176.6,6.1,5.8
9507,15:00:00,31/01/2025 3:00:00 CH,2.9,350183.6,7.0,6.5
9508,16:00:00,31/01/2025 4:00:00 CH,3.0,350191.1,7.5,7.5
9509,17:00:00,31/01/2025 5:00:00 CH,3.0,350200.2,9.1,9.1
9510,18:00:00,31/01/2025 6:00:00 CH,3.2,350211.5,11.3,11.1
9511,19:00:00,31/01/2025 7:00:00 CH,3.1,350221.1,9.6,9.3
9512,20:00:00,31/01/2025 8:00:00 CH,3.1,350231.1,10.0,9.3
9513,21:00:00,31/01/2025 9:00:00 CH,3.0,350239.8,8.7,8.9
9514,22:00:00,31/01/2025 10:00:00 CH,2.8,350248.1,8.3,8.4
9515,23:00:00,31/01/2025 11:00:00 CH,2.9,350256.4,8.3,8.4
9516,00:00:00,01/02/2025 12:00:00 SA,2.8,350262.6,6.2,6.1
9517,01:00:00,01/02/2025 1:00:00 SA,2.7,350266.0,3.4,3.4
9518,02:00:00,01/02/2025 2:00:00 SA,2.7,350269.1,3.1,3.0
9519,03:00:00,01/02/2025 3:00:00 SA,2.7,350272.0,2.9,2.9
9520,04:00:00,01/02/2025 4:00:00 SA,2.7,350274.9,2.9,2.8
9521,05:00:00,01/02/2025 5:00:00 SA,2.7,350278.0,3.1,2.8
9522,06:00:00,01/02/2025 6:00:00 SA,2.8,350281.6,3.6,3.2
9523,07:00:00,01/02/2025 7:00:00 SA,2.8,350288.2,6.6,6.3
9524,09:00:00,01/02/2025 9:00:00 SA,3.1,350306.0,17.8,0.0
9525,10:00:00,01/02/2025 10:00:00 SA,3.1,350316.1,10.1,10.2
9526,11:00:00,01/02/2025 11:00:00 SA,3.2,350325.3,9.2,9.0
9527,12:00:00,01/02/2025 12:00:00 CH,3.1,350333.8,8.5,8.6
9528,13:00:00,01/02/2025 1:00:00 CH,2.9,350341.6,7.8,7.3
9529,14:00:00,01/02/2025 2:00:00 CH,3.0,350348.9,7.3,7.1
9530,15:00:00,01/02/2025 3:00:00 CH,2.9,350355.3,6.4,6.3
9531,16:00:00,01/02/2025 4:00:00 CH,2.9,350362.5,7.2,6.9
9532,17:00:00,01/02/2025 5:00:00 CH,3.2,350371.7,9.2,8.4
9533,18:00:00,01/02/2025 6:00:00 CH,3.2,350383.2,11.5,11.5
9534,19:00:00,01/02/2025 7:00:00 CH,3.3,350395.0,11.8,11.3
9535,20:00:00,01/02/2025 8:00:00 CH,3.3,350406.7,11.7,11.8
9536,21:00:00,01/02/2025 9:00:00 CH,3.1,350417.3,10.6,10.3
9537,22:00:00,01/02/2025 10:00:00 CH,2.8,350427.7,10.4,10.4
9538,23:00:00,01/02/2025 11:00:00 CH,2.8,350436.7,9.0,9.3
9539,00:00:00,02/02/2025 12:00:00 SA,2.6,350444.2,7.5,7.5
9540,01:00:00,02/02/2025 1:00:00 SA,2.7,350449.2,5.0,5.0
9541,02:00:00,02/02/2025 2:00:00 SA,2.7,350452.1,2.9,2.8
9542,03:00:00,02/02/2025 3:00:00 SA,2.7,350454.9,2.8,2.8
9543,04:00:00,02/02/2025 4:00:00 SA,2.7,350457.8,2.9,2.8
9544,05:00:00,02/02/2025 5:00:00 SA,2.7,350460.7,2.9,2.7
9545,06:00:00,02/02/2025 6:00:00 SA,2.8,350463.9,3.2,3.1
9546,07:00:00,02/02/2025 7:00:00 SA,3.0,350470.0,6.1,5.7
9547,08:00:00,02/02/2025 8:00:00 SA,2.8,350480.9,10.9,10.8
9548,09:00:00,02/02/2025 9:00:00 SA,2.8,350493.5,12.6,12.0
9549,10:00:00,02/02/2025 10:00:00 SA,3.1,350505.0,11.5,11.6
9550,11:00:00,02/02/2025 11:00:00 SA,3.1,350516.8,11.8,11.7
9551,12:00:00,02/02/2025 12:00:00 CH,3.1,350526.5,9.7,9.7
9552,13:00:00,02/02/2025 1:00:00 CH,3.1,350534.8,8.3,8.4
9553,14:00:00,02/02/2025 2:00:00 CH,3.0,350543.1,8.3,8.4
9554,15:00:00,02/02/2025 3:00:00 CH,3.0,350554.1,11.0,10.1
9555,16:00:00,02/02/2025 4:00:00 CH,3.1,350563.4,9.3,8.5
9556,17:00:00,02/02/2025 5:00:00 CH,3.2,350575.8,12.4,12.2
9557,18:00:00,02/02/2025 6:00:00 CH,3.2,350590.8,15.0,14.7
9558,19:00:00,02/02/2025 7:00:00 CH,3.3,350605.3,14.5,15.1
9559,20:00:00,02/02/2025 8:00:00 CH,3.5,350618.5,13.2,13.6
9560,21:00:00,02/02/2025 9:00:00 CH,3.4,350630.3,11.8,11.7
9561,22:00:00,02/02/2025 10:00:00 CH,3.1,350641.2,10.9,10.6
9562,23:00:00,02/02/2025 11:00:00 CH,2.8,350651.4,10.2,10.1
9563,00:00:00,03/02/2025 12:00:00 SA,2.7,350658.3,6.9,6.4
9564,01:00:00,03/02/2025 1:00:00 SA,2.7,350664.5,6.2,6.4
9565,02:00:00,03/02/2025 2:00:00 SA,2.7,350669.0,4.5,4.3
9566,03:00:00,03/02/2025 3:00:00 SA,2.7,350672.1,3.1,3.2
9567,04:00:00,03/02/2025 4:00:00 SA,2.8,350674.7,2.6,2.5
9568,05:00:00,03/02/2025 5:00:00 SA,2.8,350677.6,2.9,2.7
9569,06:00:00,03/02/2025 6:00:00 SA,2.8,350682.9,5.3,4.7
9570,07:00:00,03/02/2025 7:00:00 SA,3.1,350693.2,10.3,9.4
9571,08:00:00,03/02/2025 8:00:00 SA,3.2,350701.4,8.2,8.1
9572,09:00:00,03/02/2025 9:00:00 SA,3.2,350711.2,9.8,9.0
9573,10:00:00,03/02/2025 10:00:00 SA,3.2,350721.0,9.8,9.4
9574,11:00:00,03/02/2025 11:00:00 SA,3.3,350729.6,8.6,8.4
9575,12:00:00,03/02/2025 12:00:00 CH,3.3,350738.4,8.8,8.3
9576,13:00:00,03/02/2025 1:00:00 CH,3.1,350747.2,8.8,8.5
9577,14:00:00,03/02/2025 2:00:00 CH,3.2,350754.2,7.0,7.4
9578,15:00:00,03/02/2025 3:00:00 CH,3.1,350761.1,6.9,7.3
9579,16:00:00,03/02/2025 4:00:00 CH,3.2,350768.0,6.9,6.6
9580,17:00:00,03/02/2025 5:00:00 CH,3.5,350776.8,8.8,8.9
9581,18:00:00,03/02/2025 6:00:00 CH,3.4,350790.4,13.6,13.4
9582,19:00:00,03/02/2025 7:00:00 CH,3.3,350806.2,15.8,15.9
9583,20:00:00,03/02/2025 8:00:00 CH,3.2,350819.6,13.4,13.1
9584,21:00:00,03/02/2025 9:00:00 CH,3.2,350831.7,12.1,12.6
9585,22:00:00,03/02/2025 10:00:00 CH,3.2,350843.7,12.0,11.5
9586,23:00:00,03/02/2025 11:00:00 CH,3.1,350853.8,10.1,10.5
9587,00:00:00,04/02/2025 12:00:00 SA,2.9,350859.5,5.7,5.9
9588,01:00:00,04/02/2025 1:00:00 SA,3.0,350865.6,6.1,6.3
9589,02:00:00,04/02/2025 2:00:00 SA,2.9,350868.9,3.3,3.2
9590,03:00:00,04/02/2025 3:00:00 SA,2.9,350873.3,4.4,4.4
9591,04:00:00,04/02/2025 4:00:00 SA,2.9,350876.5,3.2,3.2
9592,05:00:00,04/02/2025 5:00:00 SA,2.9,350879.9,3.4,3.1
9593,06:00:00,04/02/2025 6:00:00 SA,3.2,350885.4,5.5,5.1
9594,07:00:00,04/02/2025 7:00:00 SA,3.2,350896.6,11.2,11.3
9595,08:00:00,04/02/2025 8:00:00 SA,3.2,350907.0,10.4,10.4
9596,09:00:00,04/02/2025 9:00:00 SA,3.2,350918.9,11.9,12.3
9597,10:00:00,04/02/2025 10:00:00 SA,3.2,350928.4,9.5,9.1
9598,11:00:00,04/02/2025 11:00:00 SA,3.2,350936.6,8.2,8.0
9599,12:00:00,04/02/2025 12:00:00 CH,3.2,350945.2,8.6,8.2
9600,13:00:00,04/02/2025 1:00:00 CH,3.1,350952.1,6.9,7.3
9601,14:00:00,04/02/2025 2:00:00 CH,3.1,350957.1,5.0,5.1
9602,15:00:00,04/02/2025 3:00:00 CH,3.2,350961.9,4.8,4.6
9603,16:00:00,04/02/2025 4:00:00 CH,3.3,350968.5,6.6,6.4
9604,17:00:00,04/02/2025 5:00:00 CH,3.5,350977.9,9.4,9.3
9605,18:00:00,04/02/2025 6:00:00 CH,3.3,350990.2,12.3,11.8
9606,19:00:00,04/02/2025 7:00:00 CH,3.3,351004.8,14.6,14.5
9607,20:00:00,04/02/2025 8:00:00 CH,3.3,351017.1,12.3,12.6
9608,21:00:00,04/02/2025 9:00:00 CH,3.4,351029.4,12.3,12.3
9609,22:00:00,04/02/2025 10:00:00 CH,3.2,351038.4,9.0,9.3
9610,23:00:00,04/02/2025 11:00:00 CH,3.0,351046.4,8.0,8.4
9611,00:00:00,05/02/2025 12:00:00 SA,3.0,351051.1,4.7,4.4
9612,01:00:00,05/02/2025 1:00:00 SA,2.9,351053.1,2.0,2.1
9613,02:00:00,05/02/2025 2:00:00 SA,2.8,351056.3,3.2,3.2
9614,03:00:00,05/02/2025 3:00:00 SA,2.9,351057.3,1.0,1.2
9615,04:00:00,05/02/2025 4:00:00 SA,2.9,351058.5,1.2,1.1
9616,05:00:00,05/02/2025 5:00:00 SA,2.8,351060.1,1.6,1.4
9617,06:00:00,05/02/2025 6:00:00 SA,2.9,351063.5,3.4,3.0
9618,07:00:00,05/02/2025 7:00:00 SA,3.3,351072.8,9.3,9.4
9619,08:00:00,05/02/2025 8:00:00 SA,3.3,351081.7,8.9,9.1
9620,09:00:00,05/02/2025 9:00:00 SA,3.2,351088.0,6.3,6.6
9621,10:00:00,05/02/2025 10:00:00 SA,3.2,351096.0,8.0,7.7
9622,11:00:00,05/02/2025 11:00:00 SA,3.2,351103.3,7.3,7.6
9623,12:00:00,05/02/2025 12:00:00 CH,3.2,351110.5,7.2,7.4
9624,13:00:00,05/02/2025 1:00:00 CH,3.2,351117.0,6.5,6.6
9625,14:00:00,05/02/2025 2:00:00 CH,2.9,351125.6,8.6,8.7
9626,15:00:00,05/02/2025 3:00:00 CH,3.1,351132.2,6.6,6.5
9627,16:00:00,05/02/2025 4:00:00 CH,3.2,351136.8,4.6,5.0
9628,17:00:00,05/02/2025 5:00:00 CH,3.3,351143.2,6.4,5.4
9629,18:00:00,05/02/2025 6:00:00 CH,3.1,351153.8,10.6,10.5
9630,19:00:00,05/02/2025 7:00:00 CH,3.2,351168.4,14.6,15.4
9631,20:00:00,05/02/2025 8:00:00 CH,3.3,351179.5,11.1,11.4
9632,21:00:00,05/02/2025 9:00:00 CH,3.4,351191.4,11.9,12.7
9633,22:00:00,05/02/2025 10:00:00 CH,3.4,351201.2,9.8,9.9
9634,23:00:00,05/02/2025 11:00:00 CH,3.2,351209.3,8.1,7.7
9635,00:00:00,06/02/2025 12:00:00 SA,3.0,351214.6,5.3,5.1
9636,01:00:00,06/02/2025 1:00:00 SA,2.9,351218.3,3.7,4.2
9637,02:00:00,06/02/2025 2:00:00 SA,2.9,351220.5,2.2,2.1
9638,03:00:00,06/02/2025 3:00:00 SA,1.7,351223.5,3.0,2.8
9639,04:00:00,06/02/2025 4:00:00 SA,3.0,351225.4,1.9,1.7
9640,05:00:00,06/02/2025 5:00:00 SA,3.0,351227.6,2.2,2.0
9641,06:00:00,06/02/2025 6:00:00 SA,3.0,351231.7,4.1,3.8
9642,07:00:00,06/02/2025 7:00:00 SA,3.5,351241.7,10.0,9.6
9643,08:00:00,06/02/2025 8:00:00 SA,3.2,351250.3,8.6,8.6
9644,09:00:00,06/02/2025 9:00:00 SA,3.2,351257.3,7.0,7.3
9645,10:00:00,06/02/2025 10:00:00 SA,3.2,351263.5,6.2,6.9
9646,11:00:00,06/02/2025 11:00:00 SA,3.4,351270.5,7.0,6.1
9647,12:00:00,06/02/2025 12:00:00 CH,3.3,351278.6,8.1,7.0
9648,13:00:00,06/02/2025 1:00:00 CH,3.1,351285.5,6.9,7.5
9649,14:00:00,06/02/2025 2:00:00 CH,3.1,351291.3,5.8,5.9
9650,15:00:00,06/02/2025 3:00:00 CH,3.1,351299.1,7.8,7.8
9651,16:00:00,06/02/2025 4:00:00 CH,3.1,351306.6,7.5,7.6
9652,17:00:00,06/02/2025 5:00:00 CH,3.4,351314.2,7.6,7.3
9653,18:00:00,06/02/2025 6:00:00 CH,3.1,351324.0,9.8,9.5
9654,19:00:00,06/02/2025 7:00:00 CH,3.2,351337.8,13.8,13.6
9655,20:00:00,06/02/2025 8:00:00 CH,3.3,351349.3,11.5,11.3
9656,21:00:00,06/02/2025 9:00:00 CH,3.3,351360.4,11.1,11.2
9657,22:00:00,06/02/2025 10:00:00 CH,3.4,351370.7,10.3,10.4
9658,23:00:00,06/02/2025 11:00:00 CH,3.1,351378.8,8.1,8.9
9659,00:00:00,07/02/2025 12:00:00 SA,2.9,351384.6,5.8,5.5
9660,01:00:00,07/02/2025 1:00:00 SA,2.9,351386.7,2.1,2.3
9661,02:00:00,07/02/2025 2:00:00 SA,2.9,351389.5,2.8,2.7
9662,03:00:00,07/02/2025 3:00:00 SA,2.9,351390.6,1.1,1.0
9663,04:00:00,07/02/2025 4:00:00 SA,2.9,351391.6,1.0,1.1
9664,05:00:00,07/02/2025 5:00:00 SA,2.9,351393.0,1.4,1.2
9665,06:00:00,07/02/2025 6:00:00 SA,3.0,351396.3,3.3,3.0
9666,07:00:00,07/02/2025 7:00:00 SA,3.4,351405.4,9.1,8.6
9667,08:00:00,07/02/2025 8:00:00 SA,3.3,351414.6,9.2,8.8
9668,09:00:00,07/02/2025 9:00:00 SA,3.3,351422.9,8.3,8.3
9669,10:00:00,07/02/2025 10:00:00 SA,3.3,351428.8,5.9,5.7
9670,11:00:00,07/02/2025 11:00:00 SA,3.3,351435.1,6.3,6.9
9671,12:00:00,07/02/2025 12:00:00 CH,3.1,351442.5,7.4,8.0
9672,13:00:00,07/02/2025 1:00:00 CH,3.1,351448.6,6.1,6.0
9673,14:00:00,07/02/2025 2:00:00 CH,3.0,351454.8,6.2,6.4
9674,15:00:00,07/02/2025 3:00:00 CH,3.1,351460.9,6.1,5.5
9675,16:00:00,07/02/2025 4:00:00 CH,3.2,351466.3,5.4,5.2
9676,17:00:00,07/02/2025 5:00:00 CH,3.3,351472.9,6.6,5.8
9677,18:00:00,07/02/2025 6:00:00 CH,3.2,351482.1,9.2,8.8
9678,19:00:00,07/02/2025 7:00:00 CH,3.3,351494.9,12.8,13.2
9679,20:00:00,07/02/2025 8:00:00 CH,3.2,351506.1,11.2,11.3
9680,21:00:00,07/02/2025 9:00:00 CH,3.2,351516.7,10.6,10.5
9681,22:00:00,07/02/2025 10:00:00 CH,3.2,351525.8,9.1,9.3
9682,23:00:00,07/02/2025 11:00:00 CH,3.0,351532.9,7.1,7.7
9683,00:00:00,08/02/2025 12:00:00 SA,2.9,351536.2,3.3,3.1
9684,01:00:00,08/02/2025 1:00:00 SA,2.9,351538.0,1.8,2.1
9685,02:00:00,08/02/2025 2:00:00 SA,2.9,351539.3,1.3,1.2
9686,03:00:00,08/02/2025 3:00:00 SA,2.9,351540.5,1.2,1.3
9687,04:00:00,08/02/2025 4:00:00 SA,2.9,351541.7,1.2,1.1
9688,05:00:00,08/02/2025 5:00:00 SA,3.1,351543.2,1.5,1.2
9689,06:00:00,08/02/2025 6:00:00 SA,3.2,351546.0,2.8,3.0
9690,07:00:00,08/02/2025 7:00:00 SA,3.4,351553.2,7.2,7.7
9691,08:00:00,08/02/2025 8:00:00 SA,3.5,351561.3,8.1,8.8
9692,09:00:00,08/02/2025 9:00:00 SA,3.3,351569.2,7.9,8.3
9693,10:00:00,08/02/2025 10:00:00 SA,3.3,351576.4,7.2,7.0
9694,11:00:00,08/02/2025 11:00:00 SA,3.2,351585.0,8.6,8.3
9695,12:00:00,08/02/2025 12:00:00 CH,3.3,351594.8,9.8,9.1
9696,13:00:00,08/02/2025 1:00:00 CH,3.2,351602.4,7.6,7.3
9697,14:00:00,08/02/2025 2:00:00 CH,3.1,351608.1,5.7,5.8
9698,15:00:00,08/02/2025 3:00:00 CH,3.1,351612.8,4.7,4.7
9699,16:00:00,08/02/2025 4:00:00 CH,3.2,351619.0,6.2,5.5
9700,17:00:00,08/02/2025 5:00:00 CH,3.3,351627.2,8.2,8.8
9701,18:00:00,08/02/2025 6:00:00 CH,3.1,351640.0,12.8,11.7
9702,19:00:00,08/02/2025 7:00:00 CH,3.3,351653.2,13.2,13.2
9703,20:00:00,08/02/2025 8:00:00 CH,3.3,351663.9,10.7,11.2
9704,21:00:00,08/02/2025 9:00:00 CH,3.4,351673.6,9.7,9.3
9705,22:00:00,08/02/2025 10:00:00 CH,3.2,351682.2,8.6,8.2
9706,23:00:00,08/02/2025 11:00:00 CH,3.0,351692.4,10.2,10.6
9707,00:00:00,09/02/2025 12:00:00 SA,3.0,351697.1,4.7,5.1
9708,01:00:00,09/02/2025 1:00:00 SA,2.9,351699.3,2.2,2.1
9709,02:00:00,09/02/2025 2:00:00 SA,2.9,351701.0,1.7,1.6
9710,03:00:00,09/02/2025 3:00:00 SA,2.9,351702.2,1.2,1.2
9711,04:00:00,09/02/2025 4:00:00 SA,2.9,351703.6,1.4,1.3
9712,05:00:00,09/02/2025 5:00:00 SA,3.0,351705.2,1.6,1.3
9713,06:00:00,09/02/2025 6:00:00 SA,3.0,351708.0,2.8,2.7
9714,07:00:00,09/02/2025 7:00:00 SA,3.4,351714.0,6.0,6.0
9715,08:00:00,09/02/2025 8:00:00 SA,3.3,351723.4,9.4,9.1
9716,09:00:00,09/02/2025 9:00:00 SA,3.4,351734.6,11.2,11.5
9717,10:00:00,09/02/2025 10:00:00 SA,3.4,351742.1,7.5,7.5
9718,11:00:00,09/02/2025 11:00:00 SA,3.4,351750.5,8.4,8.5
9719,12:00:00,09/02/2025 12:00:00 CH,3.4,351759.5,9.0,8.7
9720,13:00:00,09/02/2025 1:00:00 CH,3.3,351767.8,8.3,7.3
9721,14:00:00,09/02/2025 2:00:00 CH,3.1,351775.0,7.2,7.2
9722,15:00:00,09/02/2025 3:00:00 CH,3.1,351782.4,7.4,7.2
9723,16:00:00,09/02/2025 4:00:00 CH,3.1,351791.5,9.1,8.9
9724,17:00:00,09/02/2025 5:00:00 CH,3.3,351801.1,9.6,9.2
9725,18:00:00,09/02/2025 6:00:00 CH,3.0,351812.4,11.3,11.5
9726,19:00:00,09/02/2025 7:00:00 CH,3.2,351824.5,12.1,12.6
9727,20:00:00,09/02/2025 8:00:00 CH,3.3,351836.3,11.8,11.9
9728,21:00:00,09/02/2025 9:00:00 CH,3.4,351847.0,10.7,10.7
9729,22:00:00,09/02/2025 10:00:00 CH,3.3,351856.2,9.2,9.6
9730,23:00:00,09/02/2025 11:00:00 CH,3.2,351865.7,9.5,9.5
9731,00:00:00,10/02/2025 12:00:00 SA,3.0,351870.0,4.3,4.8
9732,01:00:00,10/02/2025 1:00:00 SA,2.9,351871.6,1.6,1.5
9733,02:00:00,10/02/2025 2:00:00 SA,2.9,351873.0,1.4,1.4
9734,03:00:00,10/02/2025 3:00:00 SA,2.9,351874.4,1.4,1.1
9735,04:00:00,10/02/2025 4:00:00 SA,3.0,351875.6,1.2,1.0
9736,05:00:00,10/02/2025 5:00:00 SA,3.1,351877.3,1.7,1.8
9737,06:00:00,10/02/2025 6:00:00 SA,3.2,351880.9,3.6,3.2
9738,07:00:00,10/02/2025 7:00:00 SA,3.4,351891.2,10.3,9.1
9739,08:00:00,10/02/2025 8:00:00 SA,3.4,351901.7,10.5,10.0
9740,09:00:00,10/02/2025 9:00:00 SA,3.3,351911.6,9.9,9.5
9741,10:00:00,10/02/2025 10:00:00 SA,3.3,351919.8,8.2,8.1
9742,11:00:00,10/02/2025 11:00:00 SA,3.1,351927.0,7.2,7.4
9743,12:00:00,10/02/2025 12:00:00 CH,3.1,351934.0,7.0,7.2
9744,13:00:00,10/02/2025 1:00:00 CH,3.2,351940.6,6.6,6.9
9745,14:00:00,10/02/2025 2:00:00 CH,3.2,351945.8,5.2,5.4
9746,15:00:00,10/02/2025 3:00:00 CH,3.1,351951.2,5.4,5.7
9747,16:00:00,10/02/2025 4:00:00 CH,3.4,351956.9,5.7,5.4
9748,17:00:00,10/02/2025 5:00:00 CH,3.5,351964.8,7.9,7.8
9749,18:00:00,10/02/2025 6:00:00 CH,3.1,351977.7,12.9,13.0
9750,19:00:00,10/02/2025 7:00:00 CH,3.2,351992.1,14.4,14.0
9751,20:00:00,10/02/2025 8:00:00 CH,3.2,352005.3,13.2,12.4
9752,21:00:00,10/02/2025 9:00:00 CH,3.3,352016.9,11.6,11.5
9753,22:00:00,10/02/2025 10:00:00 CH,3.2,352025.8,8.9,8.5
9754,23:00:00,10/02/2025 11:00:00 CH,3.2,352034.1,8.3,8.3
9755,00:00:00,11/02/2025 12:00:00 SA,3.0,352037.3,3.2,3.4
9756,01:00:00,11/02/2025 1:00:00 SA,2.8,352039.1,1.8,1.8
9757,02:00:00,11/02/2025 2:00:00 SA,2.8,352040.5,1.4,1.4
9758,03:00:00,11/02/2025 3:00:00 SA,2.8,352041.9,1.4,1.3
9759,04:00:00,11/02/2025 4:00:00 SA,2.8,352043.0,1.1,1.1
9760,05:00:00,11/02/2025 5:00:00 SA,2.9,352044.4,1.4,1.4
9761,06:00:00,11/02/2025 6:00:00 SA,2.9,352048.0,3.6,3.0
9762,07:00:00,11/02/2025 7:00:00 SA,3.4,352057.4,9.4,10.0
9763,08:00:00,11/02/2025 8:00:00 SA,3.3,352067.7,10.3,10.2
9764,09:00:00,11/02/2025 9:00:00 SA,3.3,352077.7,10.0,10.7
9765,10:00:00,11/02/2025 10:00:00 SA,3.2,352083.2,5.5,5.2
9766,11:00:00,11/02/2025 11:00:00 SA,2.9,352090.2,7.0,6.0
9767,12:00:00,11/02/2025 12:00:00 CH,2.9,352098.2,8.0,8.3
9768,13:00:00,11/02/2025 1:00:00 CH,3.3,352105.2,7.0,6.9
9769,14:00:00,11/02/2025 2:00:00 CH,3.1,352107.4,2.2,5.7
9770,15:00:00,11/02/2025 3:00:00 CH,3.2,352115.0,7.6,7.6
9771,16:00:00,11/02/2025 4:00:00 CH,3.1,352126.4,11.4,11.4
9772,17:00:00,11/02/2025 5:00:00 CH,3.1,352134.6,8.2,8.3
9773,18:00:00,11/02/2025 6:00:00 CH,3.3,352145.5,10.9,11.0
9774,19:00:00,11/02/2025 7:00:00 CH,3.2,352162.8,17.3,16.7
9775,20:00:00,11/02/2025 8:00:00 CH,3.4,352176.3,13.5,13.6
9776,21:00:00,11/02/2025 9:00:00 CH,3.3,352185.8,9.5,12.3
9777,22:00:00,11/02/2025 10:00:00 CH,3.3,352185.8,0.0,8.4
9778,23:00:00,11/02/2025 11:00:00 CH,3.3,352185.8,0.0,8.4
9779,00:00:00,12/02/2025 12:00:00 SA,3.3,352185.8,0.0,8.4
9780,01:00:00,12/02/2025 1:00:00 SA,3.3,352185.8,0.0,8.4
9781,02:00:00,12/02/2025 2:00:00 SA,2.9,352295.3,109.5,5.0
9782,03:00:00,12/02/2025 3:00:00 SA,2.9,352297.0,1.7,1.7
9783,04:00:00,12/02/2025 4:00:00 SA,2.9,352298.7,1.7,1.7
9784,05:00:00,12/02/2025 5:00:00 SA,3.0,352300.6,1.9,1.6
9785,06:00:00,12/02/2025 6:00:00 SA,3.3,352304.4,3.8,3.6
9786,07:00:00,12/02/2025 7:00:00 SA,3.3,352314.6,10.2,10.5
9787,08:00:00,12/02/2025 8:00:00 SA,3.2,352323.1,8.5,8.8
9788,09:00:00,12/02/2025 9:00:00 SA,3.3,352332.9,9.8,9.6
9789,10:00:00,12/02/2025 10:00:00 SA,3.3,352339.8,6.9,7.2
9790,11:00:00,12/02/2025 11:00:00 SA,3.3,352347.3,7.5,8.0
9791,12:00:00,12/02/2025 12:00:00 CH,3.3,352355.1,7.8,6.8
9792,13:00:00,12/02/2025 1:00:00 CH,3.1,352360.8,5.7,6.1
9793,14:00:00,12/02/2025 2:00:00 CH,3.1,352366.5,5.7,5.5
9794,15:00:00,12/02/2025 3:00:00 CH,3.2,352370.5,4.0,3.7
9795,16:00:00,12/02/2025 4:00:00 CH,3.1,352375.2,4.7,4.5
9796,17:00:00,12/02/2025 5:00:00 CH,3.4,352382.0,6.8,5.9
9797,18:00:00,12/02/2025 6:00:00 CH,3.0,352392.7,10.7,10.5
9798,19:00:00,12/02/2025 7:00:00 CH,2.9,352408.1,15.4,14.8
9799,20:00:00,12/02/2025 8:00:00 CH,3.2,352422.3,14.2,14.7
9800,21:00:00,12/02/2025 9:00:00 CH,3.2,352435.0,12.7,13.0
9801,22:00:00,12/02/2025 10:00:00 CH,3.3,352445.7,10.7,10.7
9802,23:00:00,12/02/2025 11:00:00 CH,3.1,352455.0,9.3,9.3
9803,00:00:00,13/02/2025 12:00:00 SA,2.9,352458.8,3.8,4.1
9804,01:00:00,13/02/2025 1:00:00 SA,2.9,352461.0,2.2,2.1
9805,02:00:00,13/02/2025 2:00:00 SA,2.9,352462.8,1.8,1.8
9806,03:00:00,13/02/2025 3:00:00 SA,2.9,352464.3,1.5,1.3
9807,04:00:00,13/02/2025 4:00:00 SA,2.9,352465.7,1.4,1.5
9808,05:00:00,13/02/2025 5:00:00 SA,2.9,352467.4,1.7,1.7
9809,06:00:00,13/02/2025 6:00:00 SA,3.1,352471.3,3.9,3.7
9810,07:00:00,13/02/2025 7:00:00 SA,3.2,352481.3,10.0,9.6
9811,08:00:00,13/02/2025 8:00:00 SA,3.2,352490.9,9.6,9.0
9812,09:00:00,13/02/2025 9:00:00 SA,3.3,352500.9,10.0,9.4
9813,10:00:00,13/02/2025 10:00:00 SA,3.2,352509.3,8.4,8.5
9814,11:00:00,13/02/2025 11:00:00 SA,3.2,352517.0,7.7,7.5
9815,12:00:00,13/02/2025 12:00:00 CH,3.2,352525.3,8.3,9.0
9816,13:00:00,13/02/2025 1:00:00 CH,3.1,352531.9,6.6,6.8
9817,14:00:00,13/02/2025 2:00:00 CH,3.1,352540.3,8.4,7.8
9818,15:00:00,13/02/2025 3:00:00 CH,3.1,352545.3,5.0,5.6
9819,16:00:00,13/02/2025 4:00:00 CH,3.1,352551.1,5.8,5.6
9820,17:00:00,13/02/2025 5:00:00 CH,3.3,352557.1,6.0,5.9
9821,18:00:00,13/02/2025 6:00:00 CH,3.0,352567.0,9.9,9.8
9822,19:00:00,13/02/2025 7:00:00 CH,3.0,352581.3,14.3,14.4
9823,20:00:00,13/02/2025 8:00:00 CH,3.3,352594.7,13.4,13.5
9824,21:00:00,13/02/2025 9:00:00 CH,3.4,352607.0,12.3,12.4
9825,22:00:00,13/02/2025 10:00:00 CH,3.4,352619.2,12.2,12.5
9826,23:00:00,13/02/2025 11:00:00 CH,3.4,352628.0,8.8,8.5
9827,00:00:00,14/02/2025 12:00:00 SA,3.0,352635.4,7.4,7.4
9828,01:00:00,14/02/2025 1:00:00 SA,2.9,352638.0,2.6,2.3
9829,02:00:00,14/02/2025 2:00:00 SA,2.9,352643.0,5.0,4.9
9830,03:00:00,14/02/2025 3:00:00 SA,2.9,352646.1,3.1,3.4
9831,04:00:00,14/02/2025 4:00:00 SA,2.9,352648.2,2.1,1.9
9832,05:00:00,14/02/2025 5:00:00 SA,3.0,352650.5,2.3,2.0
9833,06:00:00,14/02/2025 6:00:00 SA,3.1,352655.0,4.5,4.1
9834,07:00:00,14/02/2025 7:00:00 SA,3.4,352667.6,12.6,12.2
9835,08:00:00,14/02/2025 8:00:00 SA,3.4,352678.7,11.1,12.0
9836,09:00:00,14/02/2025 9:00:00 SA,3.3,352685.1,6.4,5.7
9837,10:00:00,14/02/2025 10:00:00 SA,3.3,352693.3,8.2,8.4
9838,11:00:00,14/02/2025 11:00:00 SA,3.4,352699.2,5.9,5.7
9839,12:00:00,14/02/2025 12:00:00 CH,3.4,352706.8,7.6,7.5
9840,13:00:00,14/02/2025 1:00:00 CH,3.1,352713.4,6.6,6.6
9841,14:00:00,14/02/2025 2:00:00 CH,3.1,352717.7,4.3,4.1
9842,15:00:00,14/02/2025 3:00:00 CH,3.1,352722.2,4.5,4.6
9843,16:00:00,14/02/2025 4:00:00 CH,3.0,352729.2,7.0,7.0
9844,17:00:00,14/02/2025 5:00:00 CH,3.1,352735.9,6.7,7.0
9845,18:00:00,14/02/2025 6:00:00 CH,2.9,352748.4,12.5,12.3
9846,19:00:00,14/02/2025 7:00:00 CH,3.1,352762.3,13.9,14.5
9847,20:00:00,14/02/2025 8:00:00 CH,3.3,352774.3,12.0,11.7
9848,21:00:00,14/02/2025 9:00:00 CH,3.2,352785.6,11.3,11.4
9849,22:00:00,14/02/2025 10:00:00 CH,3.1,352794.2,8.6,9.3
9850,23:00:00,14/02/2025 11:00:00 CH,3.1,352801.4,7.2,7.5
9851,00:00:00,15/02/2025 12:00:00 SA,2.9,352808.4,7.0,7.1
9852,01:00:00,15/02/2025 1:00:00 SA,2.9,352810.8,2.4,2.5
9853,02:00:00,15/02/2025 2:00:00 SA,2.9,352813.7,2.9,2.7
9854,03:00:00,15/02/2025 3:00:00 SA,2.9,352816.0,2.3,2.4
9855,04:00:00,15/02/2025 4:00:00 SA,3.0,352817.4,1.4,1.4
9856,05:00:00,15/02/2025 5:00:00 SA,3.1,352819.5,2.1,1.9
9857,06:00:00,15/02/2025 6:00:00 SA,3.1,352822.7,3.2,3.0
9858,07:00:00,15/02/2025 7:00:00 SA,3.2,352831.4,8.7,8.6
9859,08:00:00,15/02/2025 8:00:00 SA,3.4,352841.3,9.9,10.1
9860,09:00:00,15/02/2025 9:00:00 SA,3.3,352850.9,9.6,9.3
9861,10:00:00,15/02/2025 10:00:00 SA,3.3,352861.9,11.0,11.2
9862,11:00:00,15/02/2025 11:00:00 SA,3.4,352869.9,8.0,8.5
9863,12:00:00,15/02/2025 12:00:00 CH,3.3,352877.2,7.3,7.7
9864,13:00:00,15/02/2025 1:00:00 CH,3.2,352883.9,6.7,6.4
9865,14:00:00,15/02/2025 2:00:00 CH,3.2,352889.1,5.2,5.4
9866,15:00:00,15/02/2025 3:00:00 CH,3.1,352897.0,7.9,7.6
9867,16:00:00,15/02/2025 4:00:00 CH,3.1,352902.6,5.6,5.6
9868,17:00:00,15/02/2025 5:00:00 CH,3.2,352912.6,10.0,9.9
9869,18:00:00,15/02/2025 6:00:00 CH,3.1,352924.1,11.5,10.6
9870,19:00:00,15/02/2025 7:00:00 CH,3.2,352937.0,12.9,13.0
9871,20:00:00,15/02/2025 8:00:00 CH,3.3,352946.7,9.7,9.4
9872,21:00:00,15/02/2025 9:00:00 CH,3.3,352955.4,8.7,8.4
9873,22:00:00,15/02/2025 10:00:00 CH,3.3,352963.0,7.6,7.4
9874,23:00:00,15/02/2025 11:00:00 CH,3.1,352970.9,7.9,7.9
9875,00:00:00,16/02/2025 12:00:00 SA,3.2,352974.8,3.9,4.3
9876,01:00:00,16/02/2025 1:00:00 SA,2.9,352979.0,4.2,3.7
9877,02:00:00,16/02/2025 2:00:00 SA,2.9,352980.8,1.8,1.8
9878,03:00:00,16/02/2025 3:00:00 SA,2.9,352982.4,1.6,1.5
9879,04:00:00,16/02/2025 4:00:00 SA,2.9,352983.9,1.5,1.4
9880,05:00:00,16/02/2025 5:00:00 SA,3.0,352985.6,1.7,1.6
9881,06:00:00,16/02/2025 6:00:00 SA,3.1,352988.3,2.7,2.6
9882,07:00:00,16/02/2025 7:00:00 SA,3.4,352993.5,5.2,4.8
9883,08:00:00,16/02/2025 8:00:00 SA,3.4,353002.5,9.0,8.8
9884,09:00:00,16/02/2025 9:00:00 SA,3.4,353013.7,11.2,10.4
9885,10:00:00,16/02/2025 10:00:00 SA,3.4,353022.3,8.6,8.5
9886,11:00:00,16/02/2025 11:00:00 SA,3.4,353030.9,8.6,9.0
9887,12:00:00,16/02/2025 12:00:00 CH,3.4,353038.4,7.5,7.4
9888,13:00:00,16/02/2025 1:00:00 CH,3.2,353045.6,7.2,7.3
9889,14:00:00,16/02/2025 2:00:00 CH,3.1,353051.2,5.6,5.9
9890,15:00:00,16/02/2025 3:00:00 CH,3.0,353056.0,4.8,4.5
9891,16:00:00,16/02/2025 4:00:00 CH,3.0,353061.6,5.6,5.3
9892,17:00:00,16/02/2025 5:00:00 CH,3.2,353071.1,9.5,8.9
9893,18:00:00,16/02/2025 6:00:00 CH,3.1,353085.5,14.4,13.5
9894,19:00:00,16/02/2025 7:00:00 CH,3.2,353100.3,14.8,15.1
9895,20:00:00,16/02/2025 8:00:00 CH,3.4,353111.2,10.9,11.2
9896,21:00:00,16/02/2025 9:00:00 CH,3.3,353122.7,11.5,11.7
9897,22:00:00,16/02/2025 10:00:00 CH,3.3,353131.5,8.8,8.7
9898,23:00:00,16/02/2025 11:00:00 CH,3.1,353138.0,6.5,6.5
9899,00:00:00,17/02/2025 12:00:00 SA,2.9,353141.8,3.8,3.8
9900,01:00:00,17/02/2025 1:00:00 SA,2.9,353145.2,3.4,3.6
9901,02:00:00,17/02/2025 2:00:00 SA,2.9,353147.7,2.5,2.3
9902,03:00:00,17/02/2025 3:00:00 SA,2.9,353150.4,2.7,2.5
9903,04:00:00,17/02/2025 4:00:00 SA,3.0,353151.8,1.4,1.4
9904,05:00:00,17/02/2025 5:00:00 SA,2.9,353153.6,1.8,1.8
9905,06:00:00,17/02/2025 6:00:00 SA,3.1,353158.4,4.8,4.1
9906,07:00:00,17/02/2025 7:00:00 SA,3.5,353168.7,10.3,10.1
9907,08:00:00,17/02/2025 8:00:00 SA,3.5,353177.0,8.3,7.9
9908,09:00:00,17/02/2025 9:00:00 SA,3.5,353185.8,8.8,9.2
9909,10:00:00,17/02/2025 10:00:00 SA,3.4,353193.3,7.5,7.1
9910,11:00:00,17/02/2025 11:00:00 SA,3.3,353200.4,7.1,6.9
9911,12:00:00,17/02/2025 12:00:00 CH,3.3,353207.5,7.1,7.4
9912,13:00:00,17/02/2025 1:00:00 CH,3.2,353214.0,6.5,7.2
9913,14:00:00,17/02/2025 2:00:00 CH,3.1,353219.4,5.4,5.0
9914,15:00:00,17/02/2025 3:00:00 CH,3.1,353224.0,4.6,4.3
9915,16:00:00,17/02/2025 4:00:00 CH,3.2,353229.5,5.5,5.2
9916,17:00:00,17/02/2025 5:00:00 CH,3.3,353237.7,8.2,8.1
9917,18:00:00,17/02/2025 6:00:00 CH,3.0,353251.5,13.8,13.9
9918,19:00:00,17/02/2025 7:00:00 CH,3.1,353267.6,16.1,15.9
9919,20:00:00,17/02/2025 8:00:00 CH,3.3,353280.8,13.2,12.5
9920,21:00:00,17/02/2025 9:00:00 CH,3.3,353292.7,11.9,11.8
9921,22:00:00,17/02/2025 10:00:00 CH,3.2,353302.9,10.2,10.5
9922,23:00:00,17/02/2025 11:00:00 CH,3.1,353309.6,6.7,7.0
9923,00:00:00,18/02/2025 12:00:00 SA,2.9,353313.6,4.0,4.0
9924,01:00:00,18/02/2025 1:00:00 SA,2.9,353318.9,5.3,5.3
9925,02:00:00,18/02/2025 2:00:00 SA,2.9,353320.8,1.9,1.9
9926,03:00:00,18/02/2025 3:00:00 SA,2.9,353322.3,1.5,1.4
9927,04:00:00,18/02/2025 4:00:00 SA,3.0,353323.9,1.6,1.7
9928,05:00:00,18/02/2025 5:00:00 SA,3.1,353325.8,1.9,1.5
9929,06:00:00,18/02/2025 6:00:00 SA,3.1,353329.9,4.1,3.9
9930,07:00:00,18/02/2025 7:00:00 SA,3.4,353339.8,9.9,9.7
9931,08:00:00,18/02/2025 8:00:00 SA,3.4,353348.9,9.1,8.8
9932,09:00:00,18/02/2025 9:00:00 SA,3.4,353357.9,9.0,9.3
9933,10:00:00,18/02/2025 10:00:00 SA,3.5,353365.6,7.7,7.0
9934,11:00:00,18/02/2025 11:00:00 SA,3.5,353374.9,9.3,9.6
9935,12:00:00,18/02/2025 12:00:00 CH,3.3,353382.5,7.6,8.3
9936,13:00:00,18/02/2025 1:00:00 CH,3.1,353388.8,6.3,6.0
9937,14:00:00,18/02/2025 2:00:00 CH,3.2,353394.4,5.6,5.4
9938,15:00:00,18/02/2025 3:00:00 CH,3.1,353401.0,6.6,6.7
9939,16:00:00,18/02/2025 4:00:00 CH,3.2,353407.1,6.1,5.7
9940,17:00:00,18/02/2025 5:00:00 CH,3.5,353414.5,7.4,7.4
9941,18:00:00,18/02/2025 6:00:00 CH,3.0,353425.5,11.0,11.4
9942,19:00:00,18/02/2025 7:00:00 CH,3.1,353438.6,13.1,13.0
9943,20:00:00,18/02/2025 8:00:00 CH,3.3,353451.5,12.9,12.5
9944,21:00:00,18/02/2025 9:00:00 CH,3.4,353460.9,9.4,9.1
9945,22:00:00,18/02/2025 10:00:00 CH,3.2,353469.9,9.0,9.1
9946,23:00:00,18/02/2025 11:00:00 CH,3.2,353477.3,7.4,7.9
9947,00:00:00,19/02/2025 12:00:00 SA,3.0,353482.3,5.0,4.4
9948,01:00:00,19/02/2025 1:00:00 SA,2.8,353484.7,2.4,2.3
9949,02:00:00,19/02/2025 2:00:00 SA,2.9,353488.4,3.7,3.6
9950,03:00:00,19/02/2025 3:00:00 SA,2.9,353490.1,1.7,1.5
9951,04:00:00,19/02/2025 4:00:00 SA,2.9,353491.7,1.6,1.5
9952,05:00:00,19/02/2025 5:00:00 SA,3.0,353493.6,1.9,1.8
9953,06:00:00,19/02/2025 6:00:00 SA,3.3,353497.9,4.3,3.9
9954,07:00:00,19/02/2025 7:00:00 SA,3.4,353508.2,10.3,10.1
9955,08:00:00,19/02/2025 8:00:00 SA,3.2,353516.3,8.1,8.5
9956,09:00:00,19/02/2025 9:00:00 SA,3.3,353524.0,7.7,7.8
9957,10:00:00,19/02/2025 10:00:00 SA,3.3,353534.9,10.9,11.2
9958,11:00:00,19/02/2025 11:00:00 SA,3.3,353543.5,8.6,8.0
9959,12:00:00,19/02/2025 12:00:00 CH,3.3,353550.6,7.1,7.3
9960,13:00:00,19/02/2025 1:00:00 CH,3.1,353556.6,6.0,5.5
9961,14:00:00,19/02/2025 2:00:00 CH,3.1,353561.7,5.1,4.3
9962,15:00:00,19/02/2025 3:00:00 CH,3.1,353567.3,5.6,5.5
9963,16:00:00,19/02/2025 4:00:00 CH,3.2,353572.8,5.5,5.5
9964,17:00:00,19/02/2025 5:00:00 CH,3.5,353579.2,6.4,5.6
9965,18:00:00,19/02/2025 6:00:00 CH,3.0,353590.6,11.4,11.1
9966,19:00:00,19/02/2025 7:00:00 CH,3.1,353605.5,14.9,15.1
9967,20:00:00,19/02/2025 8:00:00 CH,3.3,353618.3,12.8,12.7
9968,21:00:00,19/02/2025 9:00:00 CH,3.4,353628.7,10.4,9.9
9969,22:00:00,19/02/2025 10:00:00 CH,3.4,353637.5,8.8,8.6
9970,23:00:00,19/02/2025 11:00:00 CH,3.2,353645.6,8.1,7.7
9971,00:00:00,20/02/2025 12:00:00 SA,2.8,353649.7,4.1,4.4
9972,01:00:00,20/02/2025 1:00:00 SA,1.9,353678.8,29.1,27.2
9973,02:00:00,20/02/2025 2:00:00 SA,2.9,353720.1,41.3,52.2
9974,03:00:00,20/02/2025 3:00:00 SA,2.9,353722.1,2.0,2.0
9975,04:00:00,20/02/2025 4:00:00 SA,2.9,353723.9,1.8,1.7
9976,05:00:00,20/02/2025 5:00:00 SA,3.0,353726.2,2.3,2.3
9977,06:00:00,20/02/2025 6:00:00 SA,3.2,353730.7,4.5,3.8
9978,07:00:00,20/02/2025 7:00:00 SA,3.3,353742.3,11.6,11.7
9979,08:00:00,20/02/2025 8:00:00 SA,3.3,353754.1,11.8,11.6
9980,09:00:00,20/02/2025 9:00:00 SA,3.3,353764.1,10.0,10.1
9981,10:00:00,20/02/2025 10:00:00 SA,3.3,353770.5,6.4,6.3
9982,11:00:00,20/02/2025 11:00:00 SA,3.2,353779.6,9.1,8.6
9983,12:00:00,20/02/2025 12:00:00 CH,3.3,353790.1,10.5,10.2
9984,13:00:00,20/02/2025 1:00:00 CH,3.1,353797.6,7.5,7.5
9985,14:00:00,20/02/2025 2:00:00 CH,3.1,353803.6,6.0,5.5
9986,15:00:00,20/02/2025 3:00:00 CH,3.0,353812.8,9.2,10.0
9987,16:00:00,20/02/2025 4:00:00 CH,3.2,353817.9,5.1,5.5
9988,17:00:00,20/02/2025 5:00:00 CH,3.2,353824.7,6.8,6.8
9989,18:00:00,20/02/2025 6:00:00 CH,3.0,353835.9,11.2,11.1
9990,19:00:00,20/02/2025 7:00:00 CH,3.0,353850.5,14.6,14.2
9991,20:00:00,20/02/2025 8:00:00 CH,3.1,353862.7,12.2,12.1
9992,21:00:00,20/02/2025 9:00:00 CH,3.3,353874.7,12.0,11.3
9993,22:00:00,20/02/2025 10:00:00 CH,3.3,353885.1,10.4,10.1
9994,23:00:00,20/02/2025 11:00:00 CH,3.1,353892.9,7.8,7.8
9995,00:00:00,21/02/2025 12:00:00 SA,3.0,353898.8,5.9,5.8
9996,01:00:00,21/02/2025 1:00:00 SA,2.9,353901.6,2.8,3.0
9997,02:00:00,21/02/2025 2:00:00 SA,2.9,353905.2,3.6,3.4
9998,03:00:00,21/02/2025 3:00:00 SA,2.9,353907.1,1.9,2.0
9999,04:00:00,21/02/2025 4:00:00 SA,2.9,353909.0,1.9,1.8
10000,05:00:00,21/02/2025 5:00:00 SA,2.9,353911.2,2.2,1.9
10001,06:00:00,21/02/2025 6:00:00 SA,3.1,353915.3,4.1,3.8
10002,07:00:00,21/02/2025 7:00:00 SA,3.4,353925.4,10.1,10.5
10003,08:00:00,21/02/2025 8:00:00 SA,3.3,353934.9,9.5,9.4
10004,09:00:00,21/02/2025 9:00:00 SA,3.3,353945.3,10.4,11.0
10005,10:00:00,21/02/2025 10:00:00 SA,3.3,353952.3,7.0,7.0
10006,11:00:00,21/02/2025 11:00:00 SA,3.2,353959.4,7.1,6.5
10007,12:00:00,21/02/2025 12:00:00 CH,3.3,353967.6,8.2,7.8
10008,13:00:00,21/02/2025 1:00:00 CH,3.1,353974.2,6.6,6.6
10009,14:00:00,21/02/2025 2:00:00 CH,3.1,353980.7,6.5,6.5
10010,15:00:00,21/02/2025 3:00:00 CH,3.1,353988.4,7.7,7.3
10011,16:00:00,21/02/2025 4:00:00 CH,3.2,353994.5,6.1,5.7
10012,17:00:00,21/02/2025 5:00:00 CH,3.4,354001.8,7.3,6.9
10013,18:00:00,21/02/2025 6:00:00 CH,3.0,354013.2,11.4,11.2
10014,19:00:00,21/02/2025 7:00:00 CH,3.1,354027.4,14.2,15.0
10015,20:00:00,21/02/2025 8:00:00 CH,3.2,354040.5,13.1,13.3
10016,21:00:00,21/02/2025 9:00:00 CH,3.3,354051.4,10.9,10.6
10017,22:00:00,21/02/2025 10:00:00 CH,3.3,354061.2,9.8,10.2
10018,23:00:00,21/02/2025 11:00:00 CH,3.0,354069.6,8.4,7.9
10019,00:00:00,22/02/2025 12:00:00 SA,2.9,354075.3,5.7,6.0
10020,01:00:00,22/02/2025 1:00:00 SA,2.9,354079.8,4.5,4.4
10021,02:00:00,22/02/2025 2:00:00 SA,2.9,354081.8,2.0,2.0
10022,03:00:00,22/02/2025 3:00:00 SA,2.9,354083.7,1.9,1.7
10023,04:00:00,22/02/2025 4:00:00 SA,3.0,354085.6,1.9,1.7
10024,05:00:00,22/02/2025 5:00:00 SA,3.1,354088.0,2.4,2.2
10025,06:00:00,22/02/2025 6:00:00 SA,3.3,354091.5,3.5,3.1
10026,07:00:00,22/02/2025 7:00:00 SA,3.4,354100.0,8.5,8.9
10027,08:00:00,22/02/2025 8:00:00 SA,3.4,354110.8,10.8,10.4
10028,09:00:00,22/02/2025 9:00:00 SA,3.3,354122.2,11.4,11.9
10029,10:00:00,22/02/2025 10:00:00 SA,3.4,354134.3,12.1,11.9
10030,11:00:00,22/02/2025 11:00:00 SA,3.5,354143.8,9.5,10.0
10031,12:00:00,22/02/2025 12:00:00 CH,3.4,354153.3,9.5,9.8
10032,13:00:00,22/02/2025 1:00:00 CH,3.1,354161.4,8.1,8.4
10033,14:00:00,22/02/2025 2:00:00 CH,3.1,354168.1,6.7,6.9
10034,15:00:00,22/02/2025 3:00:00 CH,3.0,354175.7,7.6,7.6
10035,16:00:00,22/02/2025 4:00:00 CH,3.1,354183.8,8.1,8.1
10036,17:00:00,22/02/2025 5:00:00 CH,3.2,354193.7,9.9,9.0
10037,18:00:00,22/02/2025 6:00:00 CH,3.1,354206.3,12.6,12.2
10038,19:00:00,22/02/2025 7:00:00 CH,3.2,354218.7,12.4,11.5
10039,20:00:00,22/02/2025 8:00:00 CH,3.3,354230.8,12.1,11.7
10040,21:00:00,22/02/2025 9:00:00 CH,3.2,354241.3,10.5,10.7
10041,22:00:00,22/02/2025 10:00:00 CH,3.2,354250.5,9.2,9.0
10042,23:00:00,22/02/2025 11:00:00 CH,3.1,354261.7,11.2,10.7
10043,00:00:00,23/02/2025 12:00:00 SA,2.9,354267.4,5.7,5.9
10044,01:00:00,23/02/2025 1:00:00 SA,2.9,354270.2,2.8,3.0
10045,02:00:00,23/02/2025 2:00:00 SA,2.9,354273.7,3.5,3.4
10046,03:00:00,23/02/2025 3:00:00 SA,2.9,354276.6,2.9,2.9
10047,04:00:00,23/02/2025 4:00:00 SA,2.9,354278.5,1.9,1.9
10048,05:00:00,23/02/2025 5:00:00 SA,3.1,354281.0,2.5,2.3
10049,06:00:00,23/02/2025 6:00:00 SA,3.1,354285.1,4.1,3.9
10050,07:00:00,23/02/2025 7:00:00 SA,3.4,354291.8,6.7,6.8
10051,08:00:00,23/02/2025 8:00:00 SA,3.4,354301.2,9.4,9.7
10052,09:00:00,23/02/2025 9:00:00 SA,3.4,354313.0,11.8,11.9
10053,10:00:00,23/02/2025 10:00:00 SA,3.4,354324.8,11.8,11.2
10054,11:00:00,23/02/2025 11:00:00 SA,3.3,354336.2,11.4,11.4
10055,12:00:00,23/02/2025 12:00:00 CH,3.2,354345.0,8.8,8.4
10056,13:00:00,23/02/2025 1:00:00 CH,3.1,354352.7,7.7,7.6
10057,14:00:00,23/02/2025 2:00:00 CH,3.0,354358.6,5.9,5.4
10058,15:00:00,23/02/2025 3:00:00 CH,3.0,354366.6,8.0,7.8
10059,16:00:00,23/02/2025 4:00:00 CH,3.3,354376.0,9.4,9.5
10060,17:00:00,23/02/2025 5:00:00 CH,3.3,354386.9,10.9,10.7
10061,18:00:00,23/02/2025 6:00:00 CH,3.0,354400.3,13.4,13.5
10062,19:00:00,23/02/2025 7:00:00 CH,3.2,354415.6,15.3,15.2
10063,20:00:00,23/02/2025 8:00:00 CH,3.3,354428.6,13.0,13.2
10064,21:00:00,23/02/2025 9:00:00 CH,3.3,354440.1,11.5,11.8
10065,22:00:00,23/02/2025 10:00:00 CH,3.3,354449.9,9.8,9.8
10066,23:00:00,23/02/2025 11:00:00 CH,3.3,354458.9,9.0,8.6
10067,00:00:00,24/02/2025 12:00:00 SA,3.2,354463.9,5.0,4.7
10068,01:00:00,24/02/2025 1:00:00 SA,3.0,354466.3,2.4,2.7
10069,02:00:00,24/02/2025 2:00:00 SA,2.9,354469.9,3.6,3.4
10070,03:00:00,24/02/2025 3:00:00 SA,2.9,354471.6,1.7,1.6
10071,04:00:00,24/02/2025 4:00:00 SA,3.0,354473.5,1.9,1.9
10072,05:00:00,24/02/2025 5:00:00 SA,3.1,354475.7,2.2,2.2
10073,06:00:00,24/02/2025 6:00:00 SA,3.1,354480.0,4.3,3.9
10074,07:00:00,24/02/2025 7:00:00 SA,3.5,354489.6,9.6,9.3
10075,08:00:00,24/02/2025 8:00:00 SA,3.5,354497.4,7.8,8.2
10076,09:00:00,24/02/2025 9:00:00 SA,3.3,354504.9,7.5,7.5
10077,10:00:00,24/02/2025 10:00:00 SA,3.3,354512.4,7.5,6.8
10078,11:00:00,24/02/2025 11:00:00 SA,3.3,354520.1,7.7,7.8
10079,12:00:00,24/02/2025 12:00:00 CH,0.0,0.0,-354520.1,8.9
10080,13:00:00,24/02/2025 1:00:00 CH,3.3,354535.7,354535.7,6.1
10081,14:00:00,24/02/2025 2:00:00 CH,3.1,354543.6,7.9,7.7
10082,15:00:00,24/02/2025 3:00:00 CH,3.0,354550.5,6.9,6.8
10083,16:00:00,24/02/2025 4:00:00 CH,3.2,354555.8,5.3,5.0
10084,17:00:00,24/02/2025 5:00:00 CH,3.3,354563.2,7.4,7.4
10085,18:00:00,24/02/2025 6:00:00 CH,3.2,354574.2,11.0,10.8
10086,19:00:00,24/02/2025 7:00:00 CH,3.2,354587.3,13.1,13.0
10087,20:00:00,24/02/2025 8:00:00 CH,3.3,354600.5,13.2,13.3
10088,21:00:00,24/02/2025 9:00:00 CH,3.2,354611.8,11.3,11.2
10089,22:00:00,24/02/2025 10:00:00 CH,3.2,354620.8,9.0,8.6
10090,23:00:00,24/02/2025 11:00:00 CH,3.1,354627.6,6.8,6.7
10091,00:00:00,25/02/2025 12:00:00 SA,3.0,354632.5,4.9,5.3
10092,01:00:00,25/02/2025 1:00:00 SA,2.9,354636.3,3.8,3.7
10093,02:00:00,25/02/2025 2:00:00 SA,2.9,354638.2,1.9,2.0
10094,03:00:00,25/02/2025 3:00:00 SA,2.9,354640.1,1.9,1.8
10095,04:00:00,25/02/2025 4:00:00 SA,3.0,354642.0,1.9,1.9
10096,05:00:00,25/02/2025 5:00:00 SA,3.0,354644.3,2.3,2.1
10097,06:00:00,25/02/2025 6:00:00 SA,3.2,354648.7,4.4,4.3
10098,07:00:00,25/02/2025 7:00:00 SA,3.5,354658.7,10.0,9.9
10099,08:00:00,25/02/2025 8:00:00 SA,3.5,354667.0,8.3,8.0
10100,09:00:00,25/02/2025 9:00:00 SA,3.3,354673.6,6.6,6.3
10101,10:00:00,25/02/2025 10:00:00 SA,3.4,354680.7,7.1,7.1
10102,11:00:00,25/02/2025 11:00:00 SA,3.3,354689.3,8.6,8.5
10103,12:00:00,25/02/2025 12:00:00 CH,3.4,354697.7,8.4,7.7
10104,13:00:00,25/02/2025 1:00:00 CH,3.3,354704.0,6.3,6.7
10105,14:00:00,25/02/2025 2:00:00 CH,3.1,354708.5,4.5,4.6
10106,15:00:00,25/02/2025 3:00:00 CH,3.0,354715.1,6.6,6.6
10107,16:00:00,25/02/2025 4:00:00 CH,3.1,354722.2,7.1,6.7
10108,17:00:00,25/02/2025 5:00:00 CH,3.3,354729.0,6.8,7.0
10109,18:00:00,25/02/2025 6:00:00 CH,3.1,354740.2,11.2,10.8
10110,19:00:00,25/02/2025 7:00:00 CH,3.1,354754.2,14.0,13.5
10111,20:00:00,25/02/2025 8:00:00 CH,3.3,354766.3,12.1,12.1
10112,21:00:00,25/02/2025 9:00:00 CH,3.3,354777.6,11.3,11.2
10113,22:00:00,25/02/2025 10:00:00 CH,3.2,354788.0,10.4,10.7
10114,23:00:00,25/02/2025 11:00:00 CH,3.1,354795.0,7.0,7.4
10115,00:00:00,26/02/2025 12:00:00 SA,2.9,354799.8,4.8,4.7
10116,01:00:00,26/02/2025 1:00:00 SA,2.9,354803.2,3.4,3.3
10117,02:00:00,26/02/2025 2:00:00 SA,2.9,354806.3,3.1,3.0
10118,03:00:00,26/02/2025 3:00:00 SA,2.9,354809.6,3.3,2.9
10119,04:00:00,26/02/2025 4:00:00 SA,3.0,354812.3,2.7,2.8
10120,05:00:00,26/02/2025 5:00:00 SA,3.1,354814.7,2.4,2.5
10121,06:00:00,26/02/2025 6:00:00 SA,3.1,354819.1,4.4,3.9
10122,07:00:00,26/02/2025 7:00:00 SA,3.4,354828.5,9.4,9.4
10123,08:00:00,26/02/2025 8:00:00 SA,3.3,354836.8,8.3,8.3
10124,09:00:00,26/02/2025 9:00:00 SA,3.3,354844.0,7.2,6.8
10125,10:00:00,26/02/2025 10:00:00 SA,3.3,354850.3,6.3,6.5
10126,11:00:00,26/02/2025 11:00:00 SA,3.3,354856.8,6.5,6.7
10127,12:00:00,26/02/2025 12:00:00 CH,3.3,354864.9,8.1,7.4
10128,13:00:00,26/02/2025 1:00:00 CH,3.1,354871.2,6.3,5.9
10129,14:00:00,26/02/2025 2:00:00 CH,3.1,354876.2,5.0,5.1
10130,15:00:00,26/02/2025 3:00:00 CH,3.2,354881.4,5.2,4.9
10131,16:00:00,26/02/2025 4:00:00 CH,3.3,354888.0,6.6,6.6
10132,17:00:00,26/02/2025 5:00:00 CH,3.3,354895.8,7.8,8.5
10133,18:00:00,26/02/2025 6:00:00 CH,3.3,354909.0,13.2,11.9
10134,19:00:00,26/02/2025 7:00:00 CH,3.0,354923.5,14.5,14.8
10135,20:00:00,26/02/2025 8:00:00 CH,3.2,354937.5,14.0,14.3
10136,21:00:00,26/02/2025 9:00:00 CH,3.2,354950.0,12.5,12.4
10137,22:00:00,26/02/2025 10:00:00 CH,3.3,354960.3,10.3,10.3
10138,23:00:00,26/02/2025 11:00:00 CH,3.2,354969.6,9.3,10.1
10139,00:00:00,27/02/2025 12:00:00 SA,2.9,354974.6,5.0,5.0
10140,01:00:00,27/02/2025 1:00:00 SA,3.0,354977.3,2.7,2.9
10141,02:00:00,27/02/2025 2:00:00 SA,2.9,354980.8,3.5,3.2
10142,03:00:00,27/02/2025 3:00:00 SA,2.9,354983.0,2.2,2.0
10143,04:00:00,27/02/2025 4:00:00 SA,2.9,354985.0,2.0,1.9
10144,05:00:00,27/02/2025 5:00:00 SA,3.0,354987.2,2.2,2.3
10145,06:00:00,27/02/2025 6:00:00 SA,3.2,354991.8,4.6,3.8
10146,07:00:00,27/02/2025 7:00:00 SA,3.3,355001.6,9.8,9.7
10147,08:00:00,27/02/2025 8:00:00 SA,3.3,355009.7,8.1,8.2
10148,09:00:00,27/02/2025 9:00:00 SA,3.4,355017.0,7.3,7.0
10149,10:00:00,27/02/2025 10:00:00 SA,3.4,355023.4,6.4,5.8
10150,11:00:00,27/02/2025 11:00:00 SA,3.3,355030.1,6.7,6.7
10151,12:00:00,27/02/2025 12:00:00 CH,3.1,355039.7,9.6,9.0
10152,13:00:00,27/02/2025 1:00:00 CH,3.1,355049.2,9.5,9.3
10153,14:00:00,27/02/2025 2:00:00 CH,3.1,355056.3,7.1,7.0
10154,15:00:00,27/02/2025 3:00:00 CH,3.1,355061.2,4.9,5.0
10155,16:00:00,27/02/2025 4:00:00 CH,3.2,355068.0,6.8,6.7
10156,17:00:00,27/02/2025 5:00:00 CH,3.4,355076.0,8.0,7.9
10157,18:00:00,27/02/2025 6:00:00 CH,3.1,355089.8,13.8,13.3
10158,19:00:00,27/02/2025 7:00:00 CH,3.0,355104.9,15.1,15.2
10159,20:00:00,27/02/2025 8:00:00 CH,3.2,355119.2,14.3,14.6
10160,21:00:00,27/02/2025 9:00:00 CH,3.3,355132.2,13.0,12.9
10161,22:00:00,27/02/2025 10:00:00 CH,3.2,355143.1,10.9,11.0
10162,23:00:00,27/02/2025 11:00:00 CH,3.2,355153.1,10.0,9.7
10163,00:00:00,28/02/2025 12:00:00 SA,2.9,355158.7,5.6,5.7
10164,01:00:00,28/02/2025 1:00:00 SA,2.9,355163.1,4.4,4.4
10165,02:00:00,28/02/2025 2:00:00 SA,2.9,355165.4,2.3,2.3
10166,03:00:00,28/02/2025 3:00:00 SA,2.9,355167.4,2.0,1.9
10167,04:00:00,28/02/2025 4:00:00 SA,2.9,355169.4,2.0,1.8
10168,05:00:00,28/02/2025 5:00:00 SA,3.0,355171.7,2.3,2.3
10169,06:00:00,28/02/2025 6:00:00 SA,3.2,355176.2,4.5,4.5
10170,07:00:00,28/02/2025 7:00:00 SA,3.4,355187.5,11.3,11.0
10171,08:00:00,28/02/2025 8:00:00 SA,3.3,355195.4,7.9,7.8
10172,09:00:00,28/02/2025 9:00:00 SA,3.3,355202.4,7.0,7.1
10173,10:00:00,28/02/2025 10:00:00 SA,3.2,355211.0,8.6,8.6
10174,11:00:00,28/02/2025 11:00:00 SA,3.2,355221.1,10.1,9.9
10175,12:00:00,28/02/2025 12:00:00 CH,3.2,355230.3,9.2,9.7
10176,13:00:00,28/02/2025 1:00:00 CH,3.0,355239.0,8.7,8.5
10177,14:00:00,28/02/2025 2:00:00 CH,3.0,355246.3,7.3,7.3
10178,15:00:00,28/02/2025 3:00:00 CH,3.0,355254.3,8.0,7.5
10179,16:00:00,28/02/2025 4:00:00 CH,3.1,355262.2,7.9,8.1
10180,17:00:00,28/02/2025 5:00:00 CH,3.4,355270.0,7.8,8.1
10181,18:00:00,28/02/2025 6:00:00 CH,3.1,355281.2,11.2,10.7
10182,19:00:00,28/02/2025 7:00:00 CH,3.1,355295.4,14.2,13.6
10183,20:00:00,28/02/2025 8:00:00 CH,3.3,355309.5,14.1,14.6
10184,21:00:00,28/02/2025 9:00:00 CH,3.3,355321.1,11.6,12.3
10185,22:00:00,28/02/2025 10:00:00 CH,3.4,355331.3,10.2,9.7
10186,23:00:00,28/02/2025 11:00:00 CH,3.0,355339.6,8.3,8.2
10187,00:00:00,01/03/2025 12:00:00 SA,3.0,355346.4,6.8,6.5
10188,01:00:00,01/03/2025 1:00:00 SA,2.9,355349.4,3.0,2.8
10189,02:00:00,01/03/2025 2:00:00 SA,2.9,355351.6,2.2,2.1
10190,03:00:00,01/03/2025 3:00:00 SA,2.9,355353.6,2.0,1.9
10191,04:00:00,01/03/2025 4:00:00 SA,2.9,355355.6,2.0,2.0
10192,05:00:00,01/03/2025 5:00:00 SA,2.9,355358.1,2.5,2.4
10193,06:00:00,01/03/2025 6:00:00 SA,3.4,355362.1,4.0,3.9
10194,07:00:00,01/03/2025 7:00:00 SA,3.4,355371.1,9.0,9.5
10195,09:00:00,01/03/2025 9:00:00 SA,3.2,355390.4,19.3,0.0
10196,10:00:00,01/03/2025 10:00:00 SA,3.2,355399.9,9.5,9.5
10197,11:00:00,01/03/2025 11:00:00 SA,3.2,355410.9,11.0,11.2
10198,12:00:00,01/03/2025 12:00:00 CH,3.2,355421.0,10.1,10.8
10199,13:00:00,01/03/2025 1:00:00 CH,3.0,355429.5,8.5,8.2
10200,14:00:00,01/03/2025 2:00:00 CH,3.0,355436.8,7.3,7.3
10201,15:00:00,01/03/2025 3:00:00 CH,3.0,355444.5,7.7,7.3
10202,16:00:00,01/03/2025 4:00:00 CH,3.1,355454.1,9.6,9.3
10203,17:00:00,01/03/2025 5:00:00 CH,3.3,355463.7,9.6,10.2
10204,18:00:00,01/03/2025 6:00:00 CH,3.1,355475.3,11.6,11.0
10205,19:00:00,01/03/2025 7:00:00 CH,3.1,355490.3,15.0,15.0
10206,20:00:00,01/03/2025 8:00:00 CH,3.3,355501.9,11.6,12.0
10207,21:00:00,01/03/2025 9:00:00 CH,3.4,355511.6,9.7,10.2
10208,22:00:00,01/03/2025 10:00:00 CH,3.4,355520.8,9.2,9.6
10209,23:00:00,01/03/2025 11:00:00 CH,3.2,355531.6,10.8,11.3
10210,00:00:00,02/03/2025 12:00:00 SA,3.0,355536.3,4.7,4.5
10211,01:00:00,02/03/2025 1:00:00 SA,3.0,355540.6,4.3,4.1
10212,02:00:00,02/03/2025 2:00:00 SA,3.0,355544.0,3.4,3.4
10213,03:00:00,02/03/2025 3:00:00 SA,2.9,355546.6,2.6,2.7
10214,04:00:00,02/03/2025 4:00:00 SA,2.9,355548.8,2.2,2.1
10215,05:00:00,02/03/2025 5:00:00 SA,3.1,355551.5,2.7,2.7
10216,06:00:00,02/03/2025 6:00:00 SA,3.3,355555.4,3.9,3.9
10217,07:00:00,02/03/2025 7:00:00 SA,3.4,355562.0,6.6,7.2
10218,08:00:00,02/03/2025 8:00:00 SA,3.3,355571.4,9.4,8.6
10219,09:00:00,02/03/2025 9:00:00 SA,3.3,355581.8,10.4,10.7
10220,10:00:00,02/03/2025 10:00:00 SA,3.3,355590.3,8.5,8.8
10221,11:00:00,02/03/2025 11:00:00 SA,3.4,355600.1,9.8,10.8
10222,12:00:00,02/03/2025 12:00:00 CH,3.3,355609.5,9.4,9.7
10223,13:00:00,02/03/2025 1:00:00 CH,3.2,355617.8,8.3,7.8
10224,14:00:00,02/03/2025 2:00:00 CH,3.1,355625.2,7.4,7.3
10225,15:00:00,02/03/2025 3:00:00 CH,3.0,355633.5,8.3,8.1
10226,16:00:00,02/03/2025 4:00:00 CH,3.1,355642.4,8.9,8.6
10227,17:00:00,02/03/2025 5:00:00 CH,3.2,355652.1,9.7,9.3
10228,18:00:00,02/03/2025 6:00:00 CH,2.9,355664.7,12.6,12.0
10229,19:00:00,02/03/2025 7:00:00 CH,3.1,355679.5,14.8,14.6
10230,20:00:00,02/03/2025 8:00:00 CH,3.3,355692.6,13.1,14.2
10231,21:00:00,02/03/2025 9:00:00 CH,3.4,355705.0,12.4,12.4
10232,22:00:00,02/03/2025 10:00:00 CH,3.2,355714.9,9.9,10.2
10233,23:00:00,02/03/2025 11:00:00 CH,3.0,355723.8,8.9,8.8
10234,00:00:00,03/03/2025 12:00:00 SA,2.9,355728.3,4.5,4.3
10235,01:00:00,03/03/2025 1:00:00 SA,2.9,355733.1,4.8,5.0
10236,02:00:00,03/03/2025 2:00:00 SA,2.9,355735.8,2.7,2.4
10237,03:00:00,03/03/2025 3:00:00 SA,2.9,355738.4,2.6,2.6
10238,04:00:00,03/03/2025 4:00:00 SA,2.9,355740.4,2.0,1.9
10239,05:00:00,03/03/2025 5:00:00 SA,3.0,355742.6,2.2,2.3
10240,06:00:00,03/03/2025 6:00:00 SA,3.3,355747.5,4.9,4.8
10241,07:00:00,03/03/2025 7:00:00 SA,3.5,355757.8,10.3,10.0
10242,08:00:00,03/03/2025 8:00:00 SA,3.1,355767.2,9.4,9.9
10243,09:00:00,03/03/2025 9:00:00 SA,3.1,355776.1,8.9,9.1
10244,10:00:00,03/03/2025 10:00:00 SA,3.3,355783.6,7.5,7.7
10245,11:00:00,03/03/2025 11:00:00 SA,3.3,355790.5,6.9,6.0
10246,12:00:00,03/03/2025 12:00:00 CH,3.3,355799.0,8.5,8.1
10247,13:00:00,03/03/2025 1:00:00 CH,3.1,355806.8,7.8,7.9
10248,14:00:00,03/03/2025 2:00:00 CH,3.1,355813.5,6.7,6.5
10249,15:00:00,03/03/2025 3:00:00 CH,3.1,355819.0,5.5,5.7
10250,16:00:00,03/03/2025 4:00:00 CH,3.0,355825.3,6.3,6.2
10251,17:00:00,03/03/2025 5:00:00 CH,3.3,355833.8,8.5,8.1
10252,18:00:00,03/03/2025 6:00:00 CH,3.0,355846.3,12.5,13.2
10253,19:00:00,03/03/2025 7:00:00 CH,3.1,355861.6,15.3,15.9
10254,20:00:00,03/03/2025 8:00:00 CH,3.3,355874.3,12.7,11.7
10255,21:00:00,03/03/2025 9:00:00 CH,3.3,355886.0,11.7,11.4
10256,22:00:00,03/03/2025 10:00:00 CH,3.2,355898.2,12.2,12.0
10257,23:00:00,03/03/2025 11:00:00 CH,3.1,355907.8,9.6,9.7
10258,00:00:00,04/03/2025 12:00:00 SA,2.9,355912.1,4.3,4.3
10259,01:00:00,04/03/2025 1:00:00 SA,2.9,355917.0,4.9,4.9
10260,02:00:00,04/03/2025 2:00:00 SA,2.9,355919.6,2.6,2.2
10261,03:00:00,04/03/2025 3:00:00 SA,2.9,355924.3,4.7,4.9
10262,04:00:00,04/03/2025 4:00:00 SA,2.9,355926.9,2.6,2.4
10263,05:00:00,04/03/2025 5:00:00 SA,2.9,355929.5,2.6,2.4
10264,06:00:00,04/03/2025 6:00:00 SA,3.2,355934.4,4.9,4.4
10265,07:00:00,04/03/2025 7:00:00 SA,3.3,355944.3,9.9,9.4
10266,08:00:00,04/03/2025 8:00:00 SA,3.4,355952.6,8.3,7.8
10267,09:00:00,04/03/2025 9:00:00 SA,3.3,355961.5,8.9,8.7
10268,10:00:00,04/03/2025 10:00:00 SA,3.4,355970.7,9.2,9.3
10269,11:00:00,04/03/2025 11:00:00 SA,3.3,355979.4,8.7,8.8
10270,12:00:00,04/03/2025 12:00:00 CH,3.5,355988.4,9.0,9.0
10271,13:00:00,04/03/2025 1:00:00 CH,3.1,355995.6,7.2,6.9
10272,14:00:00,04/03/2025 2:00:00 CH,3.0,356002.9,7.3,7.5
10273,15:00:00,04/03/2025 3:00:00 CH,3.0,356011.4,8.5,8.1
10274,16:00:00,04/03/2025 4:00:00 CH,3.1,356021.3,9.9,10.2
10275,17:00:00,04/03/2025 5:00:00 CH,3.3,356028.9,7.6,7.9
10276,18:00:00,04/03/2025 6:00:00 CH,2.9,356041.7,12.8,12.4
10277,19:00:00,04/03/2025 7:00:00 CH,2.9,356056.4,14.7,14.8
10278,20:00:00,04/03/2025 8:00:00 CH,3.1,356069.4,13.0,12.6
10279,21:00:00,04/03/2025 9:00:00 CH,3.3,356080.7,11.3,11.5
10280,22:00:00,04/03/2025 10:00:00 CH,3.2,356091.5,10.8,11.2
10281,23:00:00,04/03/2025 11:00:00 CH,3.1,356100.4,8.9,9.4
10282,00:00:00,05/03/2025 12:00:00 SA,3.0,356106.6,6.2,6.3
10283,01:00:00,05/03/2025 1:00:00 SA,2.9,356110.2,3.6,3.7
10284,02:00:00,05/03/2025 2:00:00 SA,2.9,356113.9,3.7,3.7
10285,03:00:00,05/03/2025 3:00:00 SA,2.9,356116.1,2.2,2.0
10286,04:00:00,05/03/2025 4:00:00 SA,2.9,356118.2,2.1,2.0
10287,05:00:00,05/03/2025 5:00:00 SA,3.0,356120.7,2.5,2.4
10288,06:00:00,05/03/2025 6:00:00 SA,3.2,356125.5,4.8,4.7
10289,07:00:00,05/03/2025 7:00:00 SA,3.3,356136.1,10.6,10.8
10290,08:00:00,05/03/2025 8:00:00 SA,3.4,356146.6,10.5,10.2
10291,09:00:00,05/03/2025 9:00:00 SA,3.4,356154.6,8.0,7.4
10292,10:00:00,05/03/2025 10:00:00 SA,3.3,356165.5,10.9,10.9
10293,11:00:00,05/03/2025 11:00:00 SA,3.4,356176.0,10.5,10.8
10294,12:00:00,05/03/2025 12:00:00 CH,3.4,356185.5,9.5,10.0
10295,13:00:00,05/03/2025 1:00:00 CH,3.2,356193.7,8.2,8.2
10296,14:00:00,05/03/2025 2:00:00 CH,3.1,356199.5,5.8,5.2
10297,15:00:00,05/03/2025 3:00:00 CH,3.0,356206.8,7.3,7.4
10298,16:00:00,05/03/2025 4:00:00 CH,3.1,356211.7,4.9,4.6
10299,17:00:00,05/03/2025 5:00:00 CH,3.3,356218.6,6.9,6.6
10300,18:00:00,05/03/2025 6:00:00 CH,3.0,356230.6,12.0,11.0
10301,19:00:00,05/03/2025 7:00:00 CH,3.0,356247.4,16.8,16.8
10302,20:00:00,05/03/2025 8:00:00 CH,3.2,356261.2,13.8,14.1
10303,21:00:00,05/03/2025 9:00:00 CH,3.3,356273.2,12.0,11.7
10304,22:00:00,05/03/2025 10:00:00 CH,3.3,356283.5,10.3,9.6
10305,23:00:00,05/03/2025 11:00:00 CH,3.2,356293.1,9.6,9.9
10306,00:00:00,06/03/2025 12:00:00 SA,3.0,356298.8,5.7,5.5
10307,01:00:00,06/03/2025 1:00:00 SA,3.0,356301.8,3.0,3.2
10308,02:00:00,06/03/2025 2:00:00 SA,3.0,356305.5,3.7,3.4
10309,03:00:00,06/03/2025 3:00:00 SA,3.0,356307.7,2.2,2.0
10310,04:00:00,06/03/2025 4:00:00 SA,3.0,356309.8,2.1,2.0
10311,05:00:00,06/03/2025 5:00:00 SA,3.0,356312.5,2.7,2.6
10312,06:00:00,06/03/2025 6:00:00 SA,3.1,356317.2,4.7,4.9
10313,07:00:00,06/03/2025 7:00:00 SA,3.3,356327.6,10.4,10.3
10314,08:00:00,06/03/2025 8:00:00 SA,3.4,356336.5,8.9,9.2
10315,09:00:00,06/03/2025 9:00:00 SA,3.3,356344.1,7.6,7.8
10316,10:00:00,06/03/2025 10:00:00 SA,3.3,356350.9,6.8,7.0
10317,11:00:00,06/03/2025 11:00:00 SA,3.4,356358.9,8.0,7.9
10318,12:00:00,06/03/2025 12:00:00 CH,3.3,356367.6,8.7,8.6
10319,13:00:00,06/03/2025 1:00:00 CH,3.2,356374.9,7.3,6.9
10320,14:00:00,06/03/2025 2:00:00 CH,3.2,356382.6,7.7,6.5
10321,15:00:00,06/03/2025 3:00:00 CH,3.2,356392.0,9.4,9.5
10322,16:00:00,06/03/2025 4:00:00 CH,3.2,356399.7,7.7,7.2
10323,17:00:00,06/03/2025 5:00:00 CH,3.4,356410.0,10.3,10.1
10324,18:00:00,06/03/2025 6:00:00 CH,3.2,356423.8,13.8,13.8
10325,19:00:00,06/03/2025 7:00:00 CH,3.3,356437.6,13.8,14.2
10326,20:00:00,06/03/2025 8:00:00 CH,3.4,356450.6,13.0,13.0
10327,21:00:00,06/03/2025 9:00:00 CH,3.4,356460.9,10.3,10.8
10328,22:00:00,06/03/2025 10:00:00 CH,3.2,356470.4,9.5,9.2
10329,23:00:00,06/03/2025 11:00:00 CH,3.1,356478.9,8.5,8.5
10330,00:00:00,07/03/2025 12:00:00 SA,3.0,356483.1,4.2,4.5
10331,01:00:00,07/03/2025 1:00:00 SA,2.9,356487.0,3.9,3.7
10332,02:00:00,07/03/2025 2:00:00 SA,2.9,356489.3,2.3,2.3
10333,03:00:00,07/03/2025 3:00:00 SA,2.9,356493.2,3.9,3.9
10334,04:00:00,07/03/2025 4:00:00 SA,2.9,356495.3,2.1,2.0
10335,05:00:00,07/03/2025 5:00:00 SA,2.9,356497.9,2.6,2.3
10336,06:00:00,07/03/2025 6:00:00 SA,3.3,356503.0,5.1,4.8
10337,07:00:00,07/03/2025 7:00:00 SA,3.3,356513.8,10.8,11.0
10338,08:00:00,07/03/2025 8:00:00 SA,3.3,356522.2,8.4,8.6
10339,09:00:00,07/03/2025 9:00:00 SA,3.3,356529.4,7.2,6.9
10340,10:00:00,07/03/2025 10:00:00 SA,3.3,356536.5,7.1,6.5
10341,11:00:00,07/03/2025 11:00:00 SA,3.4,356544.9,8.4,8.1
10342,12:00:00,07/03/2025 12:00:00 CH,3.4,356554.7,9.8,9.6
10343,13:00:00,07/03/2025 1:00:00 CH,3.1,356561.8,7.1,7.1
10344,14:00:00,07/03/2025 2:00:00 CH,3.2,356569.0,7.2,6.6
10345,15:00:00,07/03/2025 3:00:00 CH,3.2,356574.1,5.1,4.7
10346,16:00:00,07/03/2025 4:00:00 CH,3.2,356579.7,5.6,5.9
10347,17:00:00,07/03/2025 5:00:00 CH,3.4,356588.0,8.3,7.7
10348,18:00:00,07/03/2025 6:00:00 CH,3.1,356599.7,11.7,12.0
10349,19:00:00,07/03/2025 7:00:00 CH,3.2,356614.3,14.6,14.2
10350,20:00:00,07/03/2025 8:00:00 CH,3.4,356627.0,12.7,12.9
10351,21:00:00,07/03/2025 9:00:00 CH,3.3,356637.1,10.1,10.9
10352,22:00:00,07/03/2025 10:00:00 CH,3.2,356646.4,9.3,9.3
10353,23:00:00,07/03/2025 11:00:00 CH,3.2,356653.9,7.5,7.8
10354,00:00:00,08/03/2025 12:00:00 SA,2.9,356659.6,5.7,5.7
10355,01:00:00,08/03/2025 1:00:00 SA,2.9,356663.3,3.7,4.0
10356,02:00:00,08/03/2025 2:00:00 SA,2.9,356666.8,3.5,3.5
10357,03:00:00,08/03/2025 3:00:00 SA,2.9,356669.3,2.5,2.3
10358,04:00:00,08/03/2025 4:00:00 SA,2.9,356671.4,2.1,2.1
10359,05:00:00,08/03/2025 5:00:00 SA,3.0,356673.9,2.5,2.4
10360,06:00:00,08/03/2025 6:00:00 SA,3.3,356678.0,4.1,4.1
10361,07:00:00,08/03/2025 7:00:00 SA,3.3,356687.1,9.1,9.0
10362,08:00:00,08/03/2025 8:00:00 SA,3.4,356697.9,10.8,11.1
10363,09:00:00,08/03/2025 9:00:00 SA,3.3,356710.4,12.5,11.7
10364,10:00:00,08/03/2025 10:00:00 SA,3.2,356719.4,9.0,9.1
10365,11:00:00,08/03/2025 11:00:00 SA,3.2,356728.7,9.3,8.8
10366,12:00:00,08/03/2025 12:00:00 CH,3.3,356739.8,11.1,11.4
10367,13:00:00,08/03/2025 1:00:00 CH,3.1,356749.2,9.4,9.2
10368,14:00:00,08/03/2025 2:00:00 CH,3.1,356757.2,8.0,8.1
10369,15:00:00,08/03/2025 3:00:00 CH,3.0,356764.9,7.7,8.3
10370,16:00:00,08/03/2025 4:00:00 CH,3.3,356770.6,5.7,5.0
10371,17:00:00,08/03/2025 5:00:00 CH,3.3,356779.1,8.5,7.4
10372,18:00:00,08/03/2025 6:00:00 CH,3.1,356790.8,11.7,11.3
10373,19:00:00,08/03/2025 7:00:00 CH,3.2,356803.3,12.5,11.9
10374,20:00:00,08/03/2025 8:00:00 CH,3.4,356813.0,9.7,9.6
10375,21:00:00,08/03/2025 9:00:00 CH,3.4,356822.2,9.2,9.0
10376,22:00:00,08/03/2025 10:00:00 CH,3.2,356832.3,10.1,10.6
10377,23:00:00,08/03/2025 11:00:00 CH,3.2,356840.6,8.3,8.3
10378,00:00:00,09/03/2025 12:00:00 SA,3.0,356846.5,5.9,5.5
10379,01:00:00,09/03/2025 1:00:00 SA,2.9,356849.0,2.5,2.6
10380,02:00:00,09/03/2025 2:00:00 SA,2.9,356850.9,1.9,1.9
10381,03:00:00,09/03/2025 3:00:00 SA,2.9,356854.0,3.1,3.0
10382,04:00:00,09/03/2025 4:00:00 SA,2.9,356856.0,2.0,1.8
10383,05:00:00,09/03/2025 5:00:00 SA,3.0,356858.3,2.3,2.1
10384,06:00:00,09/03/2025 6:00:00 SA,3.1,356861.6,3.3,3.0
10385,07:00:00,09/03/2025 7:00:00 SA,3.2,356868.5,6.9,6.3
10386,08:00:00,09/03/2025 8:00:00 SA,3.1,356877.9,9.4,9.0
10387,09:00:00,09/03/2025 9:00:00 SA,3.2,356887.1,9.2,9.8
10388,10:00:00,09/03/2025 10:00:00 SA,3.2,356899.8,12.7,12.8
10389,11:00:00,09/03/2025 11:00:00 SA,3.3,356909.6,9.8,10.5
10390,12:00:00,09/03/2025 12:00:00 CH,3.2,356917.6,8.0,7.8
10391,13:00:00,09/03/2025 1:00:00 CH,3.2,356925.0,7.4,7.2
10392,14:00:00,09/03/2025 2:00:00 CH,3.1,356930.8,5.8,6.0
10393,15:00:00,09/03/2025 3:00:00 CH,3.0,356937.5,6.7,7.1
10394,16:00:00,09/03/2025 4:00:00 CH,3.3,356944.8,7.3,7.6
10395,17:00:00,09/03/2025 5:00:00 CH,3.3,356955.2,10.4,10.2
10396,18:00:00,09/03/2025 6:00:00 CH,3.1,356967.5,12.3,11.7
10397,19:00:00,09/03/2025 7:00:00 CH,3.2,356981.3,13.8,12.8
10398,20:00:00,09/03/2025 8:00:00 CH,3.3,356993.5,12.2,12.5
10399,21:00:00,09/03/2025 9:00:00 CH,3.4,357004.4,10.9,10.7
10400,22:00:00,09/03/2025 10:00:00 CH,3.3,357013.4,9.0,9.0
10401,23:00:00,09/03/2025 11:00:00 CH,3.2,357020.3,6.9,6.9
10402,00:00:00,10/03/2025 12:00:00 SA,2.8,357025.3,5.0,4.8
10403,01:00:00,10/03/2025 1:00:00 SA,2.9,357028.2,2.9,2.7
10404,02:00:00,10/03/2025 2:00:00 SA,2.9,357030.8,2.6,2.4
10405,03:00:00,10/03/2025 3:00:00 SA,2.9,357032.7,1.9,1.9
10406,04:00:00,10/03/2025 4:00:00 SA,2.9,357034.1,1.4,1.6
10407,05:00:00,10/03/2025 5:00:00 SA,3.2,357035.9,1.8,1.8
10408,06:00:00,10/03/2025 6:00:00 SA,3.6,357040.2,4.3,4.4
10409,07:00:00,10/03/2025 7:00:00 SA,3.4,357050.0,9.8,9.7
10410,08:00:00,10/03/2025 8:00:00 SA,3.4,357059.3,9.3,8.5
10411,09:00:00,10/03/2025 9:00:00 SA,3.2,357068.7,9.4,9.5
10412,10:00:00,10/03/2025 10:00:00 SA,3.3,357074.8,6.1,7.3
10413,11:00:00,10/03/2025 11:00:00 SA,3.3,357082.8,8.0,9.5
10414,12:00:00,10/03/2025 12:00:00 CH,3.3,357090.8,8.0,8.9
10415,13:00:00,10/03/2025 1:00:00 CH,3.0,357096.9,6.1,6.4
10416,14:00:00,10/03/2025 2:00:00 CH,2.9,357105.1,8.2,8.1
10417,15:00:00,10/03/2025 3:00:00 CH,3.0,357110.6,5.5,5.7
10418,16:00:00,10/03/2025 4:00:00 CH,3.2,357115.7,5.1,5.7
10419,17:00:00,10/03/2025 5:00:00 CH,3.3,357122.1,6.4,6.8
10420,18:00:00,10/03/2025 6:00:00 CH,3.1,357134.6,12.5,12.1
10421,19:00:00,10/03/2025 7:00:00 CH,3.0,357148.6,14.0,13.2
10422,20:00:00,10/03/2025 8:00:00 CH,3.2,357162.9,14.3,14.7
10423,21:00:00,10/03/2025 9:00:00 CH,3.3,357174.7,11.8,11.8
10424,22:00:00,10/03/2025 10:00:00 CH,3.1,357185.5,10.8,10.9
10425,23:00:00,10/03/2025 11:00:00 CH,3.1,357195.3,9.8,9.7
10426,00:00:00,11/03/2025 12:00:00 SA,3.0,357199.4,4.1,4.4
10427,01:00:00,11/03/2025 1:00:00 SA,2.9,357203.6,4.2,4.2
10428,02:00:00,11/03/2025 2:00:00 SA,2.9,357205.0,1.4,1.5
10429,03:00:00,11/03/2025 3:00:00 SA,2.9,357208.0,3.0,3.0
10430,04:00:00,11/03/2025 4:00:00 SA,2.9,357209.4,1.4,1.5
10431,05:00:00,11/03/2025 5:00:00 SA,3.1,357211.3,1.9,1.9
10432,06:00:00,11/03/2025 6:00:00 SA,3.4,357215.6,4.3,4.0
10433,07:00:00,11/03/2025 7:00:00 SA,3.3,357226.2,10.6,10.1
10434,08:00:00,11/03/2025 8:00:00 SA,3.3,357234.8,8.6,8.6
10435,09:00:00,11/03/2025 9:00:00 SA,3.2,357244.4,9.6,9.1
10436,10:00:00,11/03/2025 10:00:00 SA,3.2,357251.0,6.6,7.4
10437,11:00:00,11/03/2025 11:00:00 SA,3.2,357258.1,7.1,7.5
10438,12:00:00,11/03/2025 12:00:00 CH,3.2,357266.1,8.0,7.6
10439,13:00:00,11/03/2025 1:00:00 CH,3.1,357272.6,6.5,6.5
10440,14:00:00,11/03/2025 2:00:00 CH,3.1,357277.5,4.9,5.2
10441,15:00:00,11/03/2025 3:00:00 CH,3.1,357282.7,5.2,4.6
10442,16:00:00,11/03/2025 4:00:00 CH,3.1,357289.3,6.6,7.0
10443,17:00:00,11/03/2025 5:00:00 CH,3.1,357298.0,8.7,8.7
10444,18:00:00,11/03/2025 6:00:00 CH,3.0,357310.7,12.7,12.7
10445,19:00:00,11/03/2025 7:00:00 CH,3.0,357327.2,16.5,16.4
10446,20:00:00,11/03/2025 8:00:00 CH,3.2,357341.2,14.0,14.0
10447,21:00:00,11/03/2025 9:00:00 CH,3.3,357354.0,12.8,12.7
10448,22:00:00,11/03/2025 10:00:00 CH,3.3,357364.4,10.4,10.8
10449,23:00:00,11/03/2025 11:00:00 CH,3.0,357372.8,8.4,9.1
10450,00:00:00,12/03/2025 12:00:00 SA,3.0,357377.6,4.8,4.6
10451,01:00:00,12/03/2025 1:00:00 SA,2.9,357379.5,1.9,2.0
10452,02:00:00,12/03/2025 2:00:00 SA,2.9,357381.9,2.4,2.3
10453,03:00:00,12/03/2025 3:00:00 SA,2.9,357383.2,1.3,1.2
10454,04:00:00,12/03/2025 4:00:00 SA,2.9,357384.4,1.2,1.2
10455,05:00:00,12/03/2025 5:00:00 SA,3.0,357385.9,1.5,1.7
10456,06:00:00,12/03/2025 6:00:00 SA,3.4,357389.7,3.8,3.2
10457,07:00:00,12/03/2025 7:00:00 SA,3.3,357399.4,9.7,9.9
10458,08:00:00,12/03/2025 8:00:00 SA,3.4,357407.7,8.3,8.7
10459,09:00:00,12/03/2025 9:00:00 SA,3.3,357418.6,10.9,10.6
10460,10:00:00,12/03/2025 10:00:00 SA,3.3,357426.9,8.3,8.4
10461,11:00:00,12/03/2025 11:00:00 SA,3.4,357433.3,6.4,6.2
10462,12:00:00,12/03/2025 12:00:00 CH,3.4,357442.4,9.1,8.0
10463,13:00:00,12/03/2025 1:00:00 CH,3.1,357449.0,6.6,7.4
10464,14:00:00,12/03/2025 2:00:00 CH,3.1,357453.6,4.6,4.1
10465,15:00:00,12/03/2025 3:00:00 CH,3.0,357460.8,7.2,6.9
10466,16:00:00,12/03/2025 4:00:00 CH,3.1,357466.5,5.7,5.6
10467,17:00:00,12/03/2025 5:00:00 CH,3.3,357473.4,6.9,7.1
10468,18:00:00,12/03/2025 6:00:00 CH,3.0,357483.7,10.3,9.1
10469,19:00:00,12/03/2025 7:00:00 CH,3.0,357499.2,15.5,15.7
10470,20:00:00,12/03/2025 8:00:00 CH,3.2,357512.5,13.3,13.6
10471,21:00:00,12/03/2025 9:00:00 CH,3.3,357524.5,12.0,11.6
10472,22:00:00,12/03/2025 10:00:00 CH,3.2,357535.0,10.5,9.8
10473,23:00:00,12/03/2025 11:00:00 CH,3.2,357545.7,10.7,10.6
10474,00:00:00,13/03/2025 12:00:00 SA,3.4,357550.3,4.6,5.3
10475,01:00:00,13/03/2025 1:00:00 SA,3.2,357553.1,2.8,2.7
10476,02:00:00,13/03/2025 2:00:00 SA,3.2,357555.9,2.8,3.0
10477,03:00:00,13/03/2025 3:00:00 SA,3.2,357558.7,2.8,2.8
10478,04:00:00,13/03/2025 4:00:00 SA,3.0,357561.0,2.3,2.4
10479,05:00:00,13/03/2025 5:00:00 SA,3.0,357563.4,2.4,2.2
10480,06:00:00,13/03/2025 6:00:00 SA,3.3,357568.2,4.8,4.2
10481,07:00:00,13/03/2025 7:00:00 SA,3.4,357578.2,10.0,9.5
10482,08:00:00,13/03/2025 8:00:00 SA,3.4,357587.0,8.8,8.4
10483,09:00:00,13/03/2025 9:00:00 SA,3.4,357593.3,6.3,6.0
10484,10:00:00,13/03/2025 10:00:00 SA,3.4,357599.5,6.2,6.2
10485,11:00:00,13/03/2025 11:00:00 SA,3.3,357606.9,7.4,7.0
10486,12:00:00,13/03/2025 12:00:00 CH,3.4,357614.4,7.5,7.8
10487,13:00:00,13/03/2025 1:00:00 CH,3.1,357621.5,7.1,7.2
10488,14:00:00,13/03/2025 2:00:00 CH,3.1,357627.1,5.6,5.1
10489,15:00:00,13/03/2025 3:00:00 CH,3.0,357633.6,6.5,7.3
10490,16:00:00,13/03/2025 4:00:00 CH,3.1,357639.9,6.3,5.8
10491,17:00:00,13/03/2025 5:00:00 CH,3.2,357647.1,7.2,6.9
10492,18:00:00,13/03/2025 6:00:00 CH,2.9,357659.7,12.6,12.1
10493,19:00:00,13/03/2025 7:00:00 CH,3.1,357674.8,15.1,15.4
10494,20:00:00,13/03/2025 8:00:00 CH,3.2,357688.4,13.6,13.6
10495,21:00:00,13/03/2025 9:00:00 CH,3.3,357700.4,12.0,12.5
10496,22:00:00,13/03/2025 10:00:00 CH,3.3,357710.3,9.9,10.1
10497,23:00:00,13/03/2025 11:00:00 CH,3.3,357718.1,7.8,8.3
10498,00:00:00,14/03/2025 12:00:00 SA,3.0,357721.8,3.7,3.5
10499,01:00:00,14/03/2025 1:00:00 SA,2.9,357725.0,3.2,3.3
10500,02:00:00,14/03/2025 2:00:00 SA,2.9,357728.0,3.0,2.7
10501,03:00:00,14/03/2025 3:00:00 SA,2.9,357729.2,1.2,1.4
10502,04:00:00,14/03/2025 4:00:00 SA,2.9,357730.4,1.2,1.3
10503,05:00:00,14/03/2025 5:00:00 SA,3.0,357732.2,1.8,1.7
10504,06:00:00,14/03/2025 6:00:00 SA,3.1,357736.3,4.1,4.5
10505,07:00:00,14/03/2025 7:00:00 SA,3.4,357745.9,9.6,10.1
10506,08:00:00,14/03/2025 8:00:00 SA,3.3,357753.7,7.8,8.8
10507,09:00:00,14/03/2025 9:00:00 SA,3.3,357761.9,8.2,8.8
10508,10:00:00,14/03/2025 10:00:00 SA,3.3,357768.9,7.0,6.8
10509,11:00:00,14/03/2025 11:00:00 SA,3.4,357775.7,6.8,6.9
10510,12:00:00,14/03/2025 12:00:00 CH,3.4,357783.9,8.2,7.9
10511,13:00:00,14/03/2025 1:00:00 CH,3.2,357790.4,6.5,6.7
10512,14:00:00,14/03/2025 2:00:00 CH,3.1,357796.2,5.8,5.8
10513,15:00:00,14/03/2025 3:00:00 CH,3.0,357798.6,2.4,5.7
10514,16:00:00,14/03/2025 4:00:00 CH,3.2,357805.8,7.2,6.9
10515,17:00:00,14/03/2025 5:00:00 CH,3.5,357815.6,9.8,9.6
10516,18:00:00,14/03/2025 6:00:00 CH,3.0,357830.1,14.5,14.2
10517,19:00:00,14/03/2025 7:00:00 CH,3.3,357846.3,16.2,15.8
10518,20:00:00,14/03/2025 8:00:00 CH,3.3,357858.6,12.3,12.4
10519,21:00:00,14/03/2025 9:00:00 CH,3.3,357870.1,11.5,12.8
10520,22:00:00,14/03/2025 10:00:00 CH,3.3,357880.1,10.0,10.6
10521,23:00:00,14/03/2025 11:00:00 CH,3.1,357888.1,8.0,8.2
10522,00:00:00,15/03/2025 12:00:00 SA,3.0,357894.0,5.9,5.9
10523,01:00:00,15/03/2025 1:00:00 SA,2.9,357896.1,2.1,2.0
10524,02:00:00,15/03/2025 2:00:00 SA,2.9,357899.4,3.3,3.3
10525,03:00:00,15/03/2025 3:00:00 SA,2.9,357901.4,2.0,1.9
10526,04:00:00,15/03/2025 4:00:00 SA,2.9,357902.8,1.4,1.4
10527,05:00:00,15/03/2025 5:00:00 SA,3.0,357904.5,1.7,1.7
10528,06:00:00,15/03/2025 6:00:00 SA,3.3,357907.6,3.1,2.9
10529,07:00:00,15/03/2025 7:00:00 SA,3.4,357915.7,8.1,8.0
10530,08:00:00,15/03/2025 8:00:00 SA,3.3,357925.2,9.5,9.8
10531,09:00:00,15/03/2025 9:00:00 SA,3.4,357933.4,8.2,8.1
10532,10:00:00,15/03/2025 10:00:00 SA,3.3,357944.3,10.9,10.9
10533,11:00:00,15/03/2025 11:00:00 SA,3.4,357954.7,10.4,10.5
10534,12:00:00,15/03/2025 12:00:00 CH,3.4,357963.2,8.5,8.5
10535,13:00:00,15/03/2025 1:00:00 CH,3.1,357970.7,7.5,7.8
10536,14:00:00,15/03/2025 2:00:00 CH,3.2,357976.0,5.3,5.5
10537,15:00:00,15/03/2025 3:00:00 CH,3.2,357983.5,7.5,7.5
10538,16:00:00,15/03/2025 4:00:00 CH,3.4,357992.9,9.4,9.0
10539,17:00:00,15/03/2025 5:00:00 CH,3.4,358003.3,10.4,10.9
10540,18:00:00,15/03/2025 6:00:00 CH,3.1,358015.6,12.3,12.0
10541,19:00:00,15/03/2025 7:00:00 CH,3.1,358029.6,14.0,13.1
10542,20:00:00,15/03/2025 8:00:00 CH,3.3,358041.2,11.6,11.2
10543,21:00:00,15/03/2025 9:00:00 CH,3.3,358050.8,9.6,9.9
10544,22:00:00,15/03/2025 10:00:00 CH,3.3,358058.8,8.0,8.2
10545,23:00:00,15/03/2025 11:00:00 CH,3.0,358066.2,7.4,7.0
10546,00:00:00,16/03/2025 12:00:00 SA,2.9,358073.6,7.4,7.3
10547,01:00:00,16/03/2025 1:00:00 SA,3.0,358077.6,4.0,4.0
10548,02:00:00,16/03/2025 2:00:00 SA,2.9,358081.4,3.8,3.4
10549,03:00:00,16/03/2025 3:00:00 SA,2.9,358083.7,2.3,2.0
10550,04:00:00,16/03/2025 4:00:00 SA,2.9,358086.6,2.9,3.2
10551,05:00:00,16/03/2025 5:00:00 SA,3.0,358088.7,2.1,2.0
10552,06:00:00,16/03/2025 6:00:00 SA,3.1,358091.8,3.1,2.9
10553,07:00:00,16/03/2025 7:00:00 SA,3.4,358098.0,6.2,5.7
10554,08:00:00,16/03/2025 8:00:00 SA,3.4,358108.6,10.6,10.4
10555,09:00:00,16/03/2025 9:00:00 SA,3.3,358120.3,11.7,11.2
10556,10:00:00,16/03/2025 10:00:00 SA,3.3,358131.3,11.0,11.0
10557,11:00:00,16/03/2025 11:00:00 SA,3.2,358141.3,10.0,10.3
10558,12:00:00,16/03/2025 12:00:00 CH,3.3,358152.3,11.0,11.6
10559,13:00:00,16/03/2025 1:00:00 CH,3.0,358160.2,7.9,8.5
10560,14:00:00,16/03/2025 2:00:00 CH,3.1,358166.8,6.6,6.5
10561,15:00:00,16/03/2025 3:00:00 CH,3.0,358172.9,6.1,6.0
10562,16:00:00,16/03/2025 4:00:00 CH,3.2,358182.0,9.1,8.6
10563,17:00:00,16/03/2025 5:00:00 CH,3.2,358192.1,10.1,10.3
10564,18:00:00,16/03/2025 6:00:00 CH,2.9,358203.7,11.6,11.5
10565,19:00:00,16/03/2025 7:00:00 CH,3.1,358221.0,17.3,17.4
10566,20:00:00,16/03/2025 8:00:00 CH,3.3,358234.9,13.9,13.7
10567,21:00:00,16/03/2025 9:00:00 CH,3.4,358245.7,10.8,10.7
10568,22:00:00,16/03/2025 10:00:00 CH,3.4,358256.0,10.3,9.8
10569,23:00:00,16/03/2025 11:00:00 CH,3.1,358263.0,7.0,7.6
10570,00:00:00,17/03/2025 12:00:00 SA,3.0,358268.6,5.6,5.3
10571,01:00:00,17/03/2025 1:00:00 SA,2.9,358270.9,2.3,2.4
10572,02:00:00,17/03/2025 2:00:00 SA,3.0,358274.6,3.7,3.6
10573,03:00:00,17/03/2025 3:00:00 SA,3.0,358276.2,1.6,1.5
10574,04:00:00,17/03/2025 4:00:00 SA,3.0,358277.9,1.7,1.7
10575,05:00:00,17/03/2025 5:00:00 SA,3.2,358280.4,2.5,2.4
10576,06:00:00,17/03/2025 6:00:00 SA,3.0,358284.5,4.1,3.4
10577,07:00:00,17/03/2025 7:00:00 SA,3.4,358294.2,9.7,10.0
10578,08:00:00,17/03/2025 8:00:00 SA,3.4,358302.6,8.4,8.4
10579,09:00:00,17/03/2025 9:00:00 SA,3.3,358311.9,9.3,9.2
10580,10:00:00,17/03/2025 10:00:00 SA,3.3,358318.3,6.4,6.4
10581,11:00:00,17/03/2025 11:00:00 SA,3.3,358325.1,6.8,7.2
10582,12:00:00,17/03/2025 12:00:00 CH,3.2,358334.2,9.1,8.9
10583,13:00:00,17/03/2025 1:00:00 CH,3.1,358342.5,8.3,8.7
10584,14:00:00,17/03/2025 2:00:00 CH,3.1,358347.8,5.3,5.4
10585,15:00:00,17/03/2025 3:00:00 CH,3.2,358352.6,4.8,4.4
10586,16:00:00,17/03/2025 4:00:00 CH,3.1,358360.9,8.3,7.6
10587,17:00:00,17/03/2025 5:00:00 CH,3.4,358368.9,8.0,7.3
10588,18:00:00,17/03/2025 6:00:00 CH,3.1,358382.1,13.2,12.2
10589,19:00:00,17/03/2025 7:00:00 CH,3.2,358396.8,14.7,15.1
10590,20:00:00,17/03/2025 8:00:00 CH,3.3,358409.7,12.9,12.7
10591,21:00:00,17/03/2025 9:00:00 CH,3.3,358421.2,11.5,11.0
10592,22:00:00,17/03/2025 10:00:00 CH,3.3,358430.4,9.2,8.7
10593,23:00:00,17/03/2025 11:00:00 CH,3.1,358437.8,7.4,7.8
10594,00:00:00,18/03/2025 12:00:00 SA,3.0,358442.2,4.4,4.5
10595,01:00:00,18/03/2025 1:00:00 SA,2.9,358445.3,3.1,3.0
10596,02:00:00,18/03/2025 2:00:00 SA,2.9,358447.2,1.9,2.2
10597,03:00:00,18/03/2025 3:00:00 SA,2.9,358448.4,1.2,1.1
10598,04:00:00,18/03/2025 4:00:00 SA,2.9,358449.5,1.1,1.0
10599,05:00:00,18/03/2025 5:00:00 SA,3.2,358451.1,1.6,1.4
10600,06:00:00,18/03/2025 6:00:00 SA,3.5,358455.2,4.1,3.3
10601,07:00:00,18/03/2025 7:00:00 SA,3.3,358465.9,10.7,10.2
10602,08:00:00,18/03/2025 8:00:00 SA,3.4,358475.9,10.0,9.4
10603,09:00:00,18/03/2025 9:00:00 SA,3.3,358482.9,7.0,6.5
10604,10:00:00,18/03/2025 10:00:00 SA,3.3,358490.0,7.1,7.0
10605,11:00:00,18/03/2025 11:00:00 SA,3.3,358498.5,8.5,8.5
10606,12:00:00,18/03/2025 12:00:00 CH,3.2,358508.3,9.8,9.6
10607,13:00:00,18/03/2025 1:00:00 CH,3.1,358515.2,6.9,7.7
10608,14:00:00,18/03/2025 2:00:00 CH,3.1,358520.8,5.6,5.3
10609,15:00:00,18/03/2025 3:00:00 CH,3.2,358525.4,4.6,4.5
10610,16:00:00,18/03/2025 4:00:00 CH,3.3,358531.9,6.5,6.3
10611,17:00:00,18/03/2025 5:00:00 CH,3.3,358541.7,9.8,9.4
10612,18:00:00,18/03/2025 6:00:00 CH,2.9,358555.6,13.9,13.8
10613,19:00:00,18/03/2025 7:00:00 CH,3.1,358572.2,16.6,16.4
10614,20:00:00,18/03/2025 8:00:00 CH,3.2,358584.9,12.7,13.1
10615,21:00:00,18/03/2025 9:00:00 CH,3.3,358595.3,10.4,10.3
10616,22:00:00,18/03/2025 10:00:00 CH,3.4,358605.7,10.4,10.7
10617,23:00:00,18/03/2025 11:00:00 CH,3.2,358614.2,8.5,8.8
10618,00:00:00,19/03/2025 12:00:00 SA,3.0,358618.1,3.9,4.3
10619,01:00:00,19/03/2025 1:00:00 SA,2.9,358621.6,3.5,3.4
10620,02:00:00,19/03/2025 2:00:00 SA,3.0,358622.7,1.1,1.3
10621,03:00:00,19/03/2025 3:00:00 SA,3.0,358626.9,4.2,3.9
10622,04:00:00,19/03/2025 4:00:00 SA,2.9,358629.3,2.4,2.5
10623,05:00:00,19/03/2025 5:00:00 SA,3.1,358630.7,1.4,1.4
10624,06:00:00,19/03/2025 6:00:00 SA,2.9,358634.7,4.0,3.5
10625,07:00:00,19/03/2025 7:00:00 SA,3.3,358645.4,10.7,10.8
10626,08:00:00,19/03/2025 8:00:00 SA,3.3,358655.3,9.9,10.3
10627,09:00:00,19/03/2025 9:00:00 SA,3.3,358663.8,8.5,8.5
10628,10:00:00,19/03/2025 10:00:00 SA,3.2,358670.7,6.9,6.7
10629,11:00:00,19/03/2025 11:00:00 SA,3.3,358680.2,9.5,9.1
10630,12:00:00,19/03/2025 12:00:00 CH,3.0,358688.6,8.4,7.9
10631,13:00:00,19/03/2025 1:00:00 CH,3.2,358696.1,7.5,7.6
10632,14:00:00,19/03/2025 2:00:00 CH,3.1,358705.1,9.0,8.9
10633,15:00:00,19/03/2025 3:00:00 CH,3.2,358712.5,7.4,7.2
10634,16:00:00,19/03/2025 4:00:00 CH,3.3,358720.4,7.9,7.1
10635,17:00:00,19/03/2025 5:00:00 CH,3.3,358732.8,12.4,12.1
10636,18:00:00,19/03/2025 6:00:00 CH,3.0,358747.8,15.0,15.0
10637,19:00:00,19/03/2025 7:00:00 CH,2.9,358762.4,14.6,14.7
10638,20:00:00,19/03/2025 8:00:00 CH,3.2,358775.6,13.2,13.9
10639,21:00:00,19/03/2025 9:00:00 CH,3.3,358787.2,11.6,11.9
10640,22:00:00,19/03/2025 10:00:00 CH,3.2,358797.7,10.5,10.2
10641,23:00:00,19/03/2025 11:00:00 CH,3.1,358805.0,7.3,7.6
10642,00:00:00,20/03/2025 12:00:00 SA,3.0,358810.2,5.2,5.0
10643,01:00:00,20/03/2025 1:00:00 SA,3.0,358812.4,2.2,2.3
10644,02:00:00,20/03/2025 2:00:00 SA,3.0,358815.5,3.1,3.0
10645,03:00:00,20/03/2025 3:00:00 SA,3.0,358816.6,1.1,1.2
10646,04:00:00,20/03/2025 4:00:00 SA,3.0,358817.8,1.2,1.0
10647,05:00:00,20/03/2025 5:00:00 SA,3.2,358819.4,1.6,1.6
10648,06:00:00,20/03/2025 6:00:00 SA,3.2,358823.5,4.1,4.0
10649,07:00:00,20/03/2025 7:00:00 SA,3.2,358834.4,10.9,10.2
10650,08:00:00,20/03/2025 8:00:00 SA,3.4,358846.0,11.6,12.5
10651,09:00:00,20/03/2025 9:00:00 SA,3.5,358856.5,10.5,10.5
10652,10:00:00,20/03/2025 10:00:00 SA,3.5,358866.5,10.0,9.5
10653,11:00:00,20/03/2025 11:00:00 SA,3.4,358878.4,11.9,11.9
10654,12:00:00,20/03/2025 12:00:00 CH,3.3,358888.6,10.2,9.1
10655,13:00:00,20/03/2025 1:00:00 CH,3.2,358897.0,8.4,8.4
10656,14:00:00,20/03/2025 2:00:00 CH,3.2,358904.1,7.1,6.7
10657,15:00:00,20/03/2025 3:00:00 CH,3.1,358911.1,7.0,6.6
10658,16:00:00,20/03/2025 4:00:00 CH,3.1,358920.1,9.0,9.4
10659,17:00:00,20/03/2025 5:00:00 CH,3.3,358930.7,10.6,10.4
10660,18:00:00,20/03/2025 6:00:00 CH,3.0,358944.0,13.3,12.6
10661,19:00:00,20/03/2025 7:00:00 CH,2.9,358960.3,16.3,16.6
10662,20:00:00,20/03/2025 8:00:00 CH,3.1,358976.8,16.5,16.6
10663,21:00:00,20/03/2025 9:00:00 CH,3.2,358989.5,12.7,12.4
10664,22:00:00,20/03/2025 10:00:00 CH,3.3,358999.1,9.6,10.0
10665,23:00:00,20/03/2025 11:00:00 CH,3.1,359006.7,7.6,8.0
10666,00:00:00,21/03/2025 12:00:00 SA,3.1,359013.3,6.6,6.7
10667,01:00:00,21/03/2025 1:00:00 SA,2.9,359016.1,2.8,2.8
10668,02:00:00,21/03/2025 2:00:00 SA,3.0,359019.0,2.9,2.9
10669,03:00:00,21/03/2025 3:00:00 SA,2.9,359020.5,1.5,1.5
10670,04:00:00,21/03/2025 4:00:00 SA,3.0,359022.1,1.6,1.5
10671,05:00:00,21/03/2025 5:00:00 SA,3.1,359024.3,2.2,2.3
10672,06:00:00,21/03/2025 6:00:00 SA,3.3,359028.6,4.3,4.0
10673,07:00:00,21/03/2025 7:00:00 SA,3.3,359040.5,11.9,12.0
10674,08:00:00,21/03/2025 8:00:00 SA,3.4,359051.4,10.9,9.6
10675,09:00:00,21/03/2025 9:00:00 SA,3.5,359059.9,8.5,8.7
10676,10:00:00,21/03/2025 10:00:00 SA,3.4,359069.3,9.4,9.8
10677,11:00:00,21/03/2025 11:00:00 SA,3.4,359077.5,8.2,8.7
10678,12:00:00,21/03/2025 12:00:00 CH,3.4,359088.6,11.1,10.7
10679,13:00:00,21/03/2025 1:00:00 CH,3.1,359097.3,8.7,9.0
10680,14:00:00,21/03/2025 2:00:00 CH,3.2,359106.2,8.9,8.5
10681,15:00:00,21/03/2025 3:00:00 CH,3.1,359115.2,9.0,8.6
10682,16:00:00,21/03/2025 4:00:00 CH,3.1,359122.9,7.7,7.7
10683,17:00:00,21/03/2025 5:00:00 CH,3.2,359131.8,8.9,8.9
10684,18:00:00,21/03/2025 6:00:00 CH,3.0,359144.9,13.1,13.3
10685,19:00:00,21/03/2025 7:00:00 CH,2.9,359160.2,15.3,15.2
10686,20:00:00,21/03/2025 8:00:00 CH,3.1,359172.9,12.7,12.7
10687,21:00:00,21/03/2025 9:00:00 CH,3.3,359184.6,11.7,12.0
10688,22:00:00,21/03/2025 10:00:00 CH,3.3,359194.9,10.3,11.0
10689,23:00:00,21/03/2025 11:00:00 CH,3.2,359203.0,8.1,8.1
10690,00:00:00,22/03/2025 12:00:00 SA,3.1,359207.1,4.1,4.0
10691,01:00:00,22/03/2025 1:00:00 SA,2.9,359209.1,2.0,2.1
10692,02:00:00,22/03/2025 2:00:00 SA,3.0,359212.3,3.2,2.9
10693,03:00:00,22/03/2025 3:00:00 SA,2.9,359214.0,1.7,1.7
10694,04:00:00,22/03/2025 4:00:00 SA,3.0,359216.8,2.8,2.9
10695,05:00:00,22/03/2025 5:00:00 SA,3.2,359218.7,1.9,1.7
10696,06:00:00,22/03/2025 6:00:00 SA,3.2,359223.3,4.6,5.3
10697,07:00:00,22/03/2025 7:00:00 SA,3.3,359232.4,9.1,9.2
10698,08:00:00,22/03/2025 8:00:00 SA,3.4,359244.8,12.4,11.8
10699,09:00:00,22/03/2025 9:00:00 SA,3.4,359254.6,9.8,10.1
10700,10:00:00,22/03/2025 10:00:00 SA,3.3,359264.2,9.6,9.3
10701,11:00:00,22/03/2025 11:00:00 SA,3.4,359276.2,12.0,11.5
10702,12:00:00,22/03/2025 12:00:00 CH,3.4,359285.6,9.4,9.2
10703,13:00:00,22/03/2025 1:00:00 CH,3.2,359293.9,8.3,8.8
10704,14:00:00,22/03/2025 2:00:00 CH,3.1,359302.0,8.1,8.2
10705,15:00:00,22/03/2025 3:00:00 CH,3.2,359311.9,9.9,9.8
10706,16:00:00,22/03/2025 4:00:00 CH,3.2,359322.4,10.5,10.7
10707,17:00:00,22/03/2025 5:00:00 CH,3.3,359333.7,11.3,10.9
10708,18:00:00,22/03/2025 6:00:00 CH,3.2,359345.6,11.9,11.4
10709,19:00:00,22/03/2025 7:00:00 CH,3.4,359359.0,13.4,13.3
10710,20:00:00,22/03/2025 8:00:00 CH,3.2,359371.3,12.3,11.6
10711,21:00:00,22/03/2025 9:00:00 CH,3.4,359382.1,10.8,11.1
10712,22:00:00,22/03/2025 10:00:00 CH,3.2,359391.3,9.2,8.7
10713,23:00:00,22/03/2025 11:00:00 CH,1.1,359397.2,5.9,5.8
10714,00:00:00,23/03/2025 12:00:00 SA,3.0,359401.2,4.0,3.3
10715,01:00:00,23/03/2025 1:00:00 SA,2.9,359404.5,3.3,3.3
10716,02:00:00,23/03/2025 2:00:00 SA,2.9,359406.3,1.8,1.5
10717,03:00:00,23/03/2025 3:00:00 SA,2.9,359408.1,1.8,2.0
10718,04:00:00,23/03/2025 4:00:00 SA,3.0,359409.0,0.9,0.8
10719,05:00:00,23/03/2025 5:00:00 SA,3.0,359410.6,1.6,1.6
10720,06:00:00,23/03/2025 6:00:00 SA,3.1,359414.2,3.6,3.1
10721,07:00:00,23/03/2025 7:00:00 SA,3.3,359421.2,7.0,6.9
10722,08:00:00,23/03/2025 8:00:00 SA,3.2,359432.2,11.0,11.0
10723,09:00:00,23/03/2025 9:00:00 SA,3.3,359444.4,12.2,11.6
10724,10:00:00,23/03/2025 10:00:00 SA,3.2,359454.8,10.4,10.6
10725,11:00:00,23/03/2025 11:00:00 SA,3.3,359463.8,9.0,8.8
10726,12:00:00,23/03/2025 12:00:00 CH,3.4,359472.8,9.0,9.7
10727,13:00:00,23/03/2025 1:00:00 CH,3.0,359479.5,6.7,6.3
10728,14:00:00,23/03/2025 2:00:00 CH,3.1,359485.6,6.1,5.7
10729,15:00:00,23/03/2025 3:00:00 CH,3.1,359492.9,7.3,7.3
10730,16:00:00,23/03/2025 4:00:00 CH,3.2,359500.5,7.6,8.2
10731,17:00:00,23/03/2025 5:00:00 CH,3.2,359511.2,10.7,10.5
10732,18:00:00,23/03/2025 6:00:00 CH,3.2,359525.6,14.4,13.4
10733,19:00:00,23/03/2025 7:00:00 CH,3.3,359542.3,16.7,16.0
10734,20:00:00,23/03/2025 8:00:00 CH,3.5,359555.2,12.9,13.8
10735,21:00:00,23/03/2025 9:00:00 CH,3.4,359566.5,11.3,12.1
10736,22:00:00,23/03/2025 10:00:00 CH,3.2,359576.1,9.6,10.1
10737,23:00:00,23/03/2025 11:00:00 CH,2.4,359583.5,7.4,7.1
10738,00:00:00,24/03/2025 12:00:00 SA,2.5,359588.2,4.7,4.4
10739,01:00:00,24/03/2025 1:00:00 SA,2.5,359590.5,2.3,2.3
10740,02:00:00,24/03/2025 2:00:00 SA,2.9,359593.4,2.9,2.8
10741,03:00:00,24/03/2025 3:00:00 SA,3.0,359594.7,1.3,1.1
10742,04:00:00,24/03/2025 4:00:00 SA,2.9,359597.0,2.3,2.3
10743,05:00:00,24/03/2025 5:00:00 SA,2.9,359598.6,1.6,1.5
10744,06:00:00,24/03/2025 6:00:00 SA,3.2,359603.0,4.4,4.2
10745,07:00:00,24/03/2025 7:00:00 SA,3.2,359614.3,11.3,10.8
10746,08:00:00,24/03/2025 8:00:00 SA,3.3,359622.3,8.0,8.3
10747,09:00:00,24/03/2025 9:00:00 SA,3.3,359629.2,6.9,6.5
10748,10:00:00,24/03/2025 10:00:00 SA,3.4,359636.8,7.6,6.7
10749,11:00:00,24/03/2025 11:00:00 SA,3.4,359645.4,8.6,8.8
10750,12:00:00,24/03/2025 12:00:00 CH,3.3,359654.3,8.9,9.5
10751,13:00:00,24/03/2025 1:00:00 CH,3.2,359661.4,7.1,7.3
10752,14:00:00,24/03/2025 2:00:00 CH,3.2,359667.4,6.0,5.2
10753,15:00:00,24/03/2025 3:00:00 CH,3.2,359672.7,5.3,5.4
10754,16:00:00,24/03/2025 4:00:00 CH,3.2,359678.3,5.6,5.3
10755,17:00:00,24/03/2025 5:00:00 CH,3.3,359687.0,8.7,9.3
10756,18:00:00,24/03/2025 6:00:00 CH,2.7,359699.3,12.3,11.7
10757,19:00:00,24/03/2025 7:00:00 CH,2.7,359714.4,15.1,16.0
10758,20:00:00,24/03/2025 8:00:00 CH,3.1,359726.9,12.5,12.0
10759,21:00:00,24/03/2025 9:00:00 CH,3.3,359738.3,11.4,11.8
10760,22:00:00,24/03/2025 10:00:00 CH,3.3,359747.1,8.8,9.0
10761,23:00:00,24/03/2025 11:00:00 CH,3.3,359754.3,7.2,7.2
10762,00:00:00,25/03/2025 12:00:00 SA,3.0,359759.0,4.7,4.8
10763,01:00:00,25/03/2025 1:00:00 SA,3.0,359762.0,3.0,3.2
10764,02:00:00,25/03/2025 2:00:00 SA,3.0,359766.1,4.1,4.0
10765,03:00:00,25/03/2025 3:00:00 SA,3.0,359770.4,4.3,4.3
10766,04:00:00,25/03/2025 4:00:00 SA,3.2,359772.2,1.8,1.8
10767,05:00:00,25/03/2025 5:00:00 SA,3.3,359773.9,1.7,1.7
10768,06:00:00,25/03/2025 6:00:00 SA,3.4,359778.0,4.1,4.3
10769,07:00:00,25/03/2025 7:00:00 SA,3.3,359789.9,11.9,11.7
10770,08:00:00,25/03/2025 8:00:00 SA,3.4,359800.3,10.4,10.0
10771,09:00:00,25/03/2025 9:00:00 SA,3.4,359807.5,7.2,7.2
10772,10:00:00,25/03/2025 10:00:00 SA,3.3,359815.5,8.0,8.0
10773,11:00:00,25/03/2025 11:00:00 SA,3.3,359824.4,8.9,7.5
10774,12:00:00,25/03/2025 12:00:00 CH,3.3,359834.0,9.6,9.7
10775,13:00:00,25/03/2025 1:00:00 CH,3.3,359840.7,6.7,7.4
10776,14:00:00,25/03/2025 2:00:00 CH,3.2,359847.7,7.0,7.0
10777,15:00:00,25/03/2025 3:00:00 CH,3.2,359853.0,5.3,5.2
10778,16:00:00,25/03/2025 4:00:00 CH,3.1,359859.6,6.6,6.2
10779,17:00:00,25/03/2025 5:00:00 CH,3.4,359868.3,8.7,8.7
10780,18:00:00,25/03/2025 6:00:00 CH,2.8,359882.1,13.8,13.1
10781,19:00:00,25/03/2025 7:00:00 CH,2.6,359898.5,16.4,15.8
10782,20:00:00,25/03/2025 8:00:00 CH,2.7,359912.4,13.9,14.4
10783,21:00:00,25/03/2025 9:00:00 CH,2.9,359922.9,10.5,9.8
10784,22:00:00,25/03/2025 10:00:00 CH,2.9,359933.6,10.7,11.4
10785,23:00:00,25/03/2025 11:00:00 CH,3.1,359942.0,8.4,8.6
10786,00:00:00,26/03/2025 12:00:00 SA,3.0,359945.7,3.7,3.5
10787,01:00:00,26/03/2025 1:00:00 SA,3.1,359949.2,3.5,3.6
10788,02:00:00,26/03/2025 2:00:00 SA,3.1,359951.6,2.4,2.1
10789,03:00:00,26/03/2025 3:00:00 SA,3.1,359953.5,1.9,2.0
10790,04:00:00,26/03/2025 4:00:00 SA,3.1,359954.7,1.2,1.2
10791,05:00:00,26/03/2025 5:00:00 SA,3.1,359956.4,1.7,1.7
10792,06:00:00,26/03/2025 6:00:00 SA,3.4,359961.1,4.7,4.3
10793,07:00:00,26/03/2025 7:00:00 SA,3.2,359972.3,11.2,10.4
10794,08:00:00,26/03/2025 8:00:00 SA,3.4,359982.6,10.3,10.1
10795,09:00:00,26/03/2025 9:00:00 SA,3.4,359990.2,7.6,7.9
10796,10:00:00,26/03/2025 10:00:00 SA,3.3,359997.1,6.9,7.6
10797,11:00:00,26/03/2025 11:00:00 SA,3.4,360004.9,7.8,7.5
10798,12:00:00,26/03/2025 12:00:00 CH,3.0,360016.1,11.2,10.4
10799,13:00:00,26/03/2025 1:00:00 CH,3.1,360022.7,6.6,6.9
10800,14:00:00,26/03/2025 2:00:00 CH,3.1,360030.3,7.6,7.7
10801,15:00:00,26/03/2025 3:00:00 CH,2.8,360036.3,6.0,5.9
10802,16:00:00,26/03/2025 4:00:00 CH,3.1,360042.8,6.5,6.1
10803,17:00:00,26/03/2025 5:00:00 CH,3.1,360050.6,7.8,7.5
10804,18:00:00,26/03/2025 6:00:00 CH,2.8,360063.3,12.7,12.0
10805,19:00:00,26/03/2025 7:00:00 CH,3.1,360079.4,16.1,15.7
10806,20:00:00,26/03/2025 8:00:00 CH,3.1,360092.9,13.5,13.4
10807,21:00:00,26/03/2025 9:00:00 CH,3.3,360103.5,10.6,10.9
10808,22:00:00,26/03/2025 10:00:00 CH,3.3,360113.9,10.4,10.5
10809,23:00:00,26/03/2025 11:00:00 CH,3.1,360125.1,11.2,11.1
10810,00:00:00,27/03/2025 12:00:00 SA,3.0,360128.6,3.5,3.6
10811,01:00:00,27/03/2025 1:00:00 SA,3.0,360130.5,1.9,1.8
10812,02:00:00,27/03/2025 2:00:00 SA,3.0,360133.5,3.0,2.9
10813,03:00:00,27/03/2025 3:00:00 SA,3.0,360134.8,1.3,1.4
10814,04:00:00,27/03/2025 4:00:00 SA,3.0,360137.6,2.8,2.7
10815,05:00:00,27/03/2025 5:00:00 SA,3.1,360139.4,1.8,1.8
10816,06:00:00,27/03/2025 6:00:00 SA,3.0,360143.9,4.5,4.0
10817,07:00:00,27/03/2025 7:00:00 SA,3.2,360154.1,10.2,10.9
10818,08:00:00,27/03/2025 8:00:00 SA,3.3,360163.7,9.6,10.3
10819,09:00:00,27/03/2025 9:00:00 SA,3.2,360170.4,6.7,7.1
10820,10:00:00,27/03/2025 10:00:00 SA,3.2,360177.4,7.0,7.3
10821,11:00:00,27/03/2025 11:00:00 SA,3.2,360186.4,9.0,9.4
10822,12:00:00,27/03/2025 12:00:00 CH,3.0,360194.0,7.6,7.1
10823,13:00:00,27/03/2025 1:00:00 CH,3.1,360200.5,6.5,6.4
10824,14:00:00,27/03/2025 2:00:00 CH,3.1,360208.5,8.0,8.3
10825,15:00:00,27/03/2025 3:00:00 CH,3.1,360213.5,5.0,5.4
10826,16:00:00,27/03/2025 4:00:00 CH,3.2,360219.8,6.3,5.7
10827,17:00:00,27/03/2025 5:00:00 CH,3.3,360227.7,7.9,7.2
10828,18:00:00,27/03/2025 6:00:00 CH,2.9,360240.3,12.6,12.9
10829,19:00:00,27/03/2025 7:00:00 CH,3.2,360254.4,14.1,14.3
10830,20:00:00,27/03/2025 8:00:00 CH,3.2,360267.3,12.9,13.1
10831,21:00:00,27/03/2025 9:00:00 CH,3.3,360279.1,11.8,11.3
10832,22:00:00,27/03/2025 10:00:00 CH,3.0,360288.5,9.4,9.6
10833,23:00:00,27/03/2025 11:00:00 CH,3.3,360296.2,7.7,7.6
10834,00:00:00,28/03/2025 12:00:00 SA,3.2,360301.4,5.2,5.3
10835,01:00:00,28/03/2025 1:00:00 SA,3.0,360303.4,2.0,2.1
10836,02:00:00,28/03/2025 2:00:00 SA,3.0,360306.9,3.5,3.4
10837,03:00:00,28/03/2025 3:00:00 SA,3.0,360309.4,2.5,2.6
10838,04:00:00,28/03/2025 4:00:00 SA,3.0,360311.0,1.6,1.7
10839,05:00:00,28/03/2025 5:00:00 SA,3.0,360313.1,2.1,1.7
10840,06:00:00,28/03/2025 6:00:00 SA,3.4,360318.0,4.9,4.4
10841,07:00:00,28/03/2025 7:00:00 SA,3.3,360331.0,13.0,13.0
10842,08:00:00,28/03/2025 8:00:00 SA,3.5,360341.9,10.9,11.8
10843,09:00:00,28/03/2025 9:00:00 SA,3.4,360349.1,7.2,6.7
10844,10:00:00,28/03/2025 10:00:00 SA,3.4,360356.1,7.0,7.9
10845,11:00:00,28/03/2025 11:00:00 SA,3.4,360363.6,7.5,7.0
10846,12:00:00,28/03/2025 12:00:00 CH,3.4,360371.5,7.9,7.9
10847,13:00:00,28/03/2025 1:00:00 CH,3.1,360377.9,6.4,6.2
10848,14:00:00,28/03/2025 2:00:00 CH,3.1,360384.2,6.3,5.8
10849,15:00:00,28/03/2025 3:00:00 CH,3.1,360392.9,8.7,9.0
10850,16:00:00,28/03/2025 4:00:00 CH,3.1,360398.8,5.9,6.0
10851,17:00:00,28/03/2025 5:00:00 CH,3.4,360408.1,9.3,9.6
10852,18:00:00,28/03/2025 6:00:00 CH,2.9,360421.0,12.9,12.5
10853,19:00:00,28/03/2025 7:00:00 CH,2.8,360435.9,14.9,15.0
10854,20:00:00,28/03/2025 8:00:00 CH,3.2,360449.5,13.6,13.7
10855,21:00:00,28/03/2025 9:00:00 CH,3.3,360460.2,10.7,10.2
10856,22:00:00,28/03/2025 10:00:00 CH,3.3,360471.6,11.4,10.6
10857,23:00:00,28/03/2025 11:00:00 CH,3.2,360480.4,8.8,8.7
10858,00:00:00,29/03/2025 12:00:00 SA,3.0,360485.8,5.4,5.2
10859,01:00:00,29/03/2025 1:00:00 SA,3.0,360487.8,2.0,2.0
10860,02:00:00,29/03/2025 2:00:00 SA,3.0,360490.7,2.9,2.8
10861,03:00:00,29/03/2025 3:00:00 SA,3.0,360493.2,2.5,2.5
10862,04:00:00,29/03/2025 4:00:00 SA,3.0,360494.4,1.2,1.1
10863,05:00:00,29/03/2025 5:00:00 SA,3.0,360496.0,1.6,1.6
10864,06:00:00,29/03/2025 6:00:00 SA,3.4,360499.4,3.4,2.9
10865,07:00:00,29/03/2025 7:00:00 SA,3.5,360508.4,9.0,8.9
10866,08:00:00,29/03/2025 8:00:00 SA,3.3,360517.9,9.5,10.1
10867,09:00:00,29/03/2025 9:00:00 SA,3.5,360527.6,9.7,9.2
10868,10:00:00,29/03/2025 10:00:00 SA,3.4,360535.7,8.1,8.0
10869,11:00:00,29/03/2025 11:00:00 SA,3.5,360543.6,7.9,7.7
10870,12:00:00,29/03/2025 12:00:00 CH,3.3,360555.2,11.6,10.9
10871,13:00:00,29/03/2025 1:00:00 CH,3.0,360564.8,9.6,9.6
10872,14:00:00,29/03/2025 2:00:00 CH,3.0,360571.8,7.0,7.4
10873,15:00:00,29/03/2025 3:00:00 CH,3.1,360579.7,7.9,7.7
10874,16:00:00,29/03/2025 4:00:00 CH,3.2,360586.0,6.3,5.9
10875,17:00:00,29/03/2025 5:00:00 CH,3.3,360593.8,7.8,8.2
10876,18:00:00,29/03/2025 6:00:00 CH,3.0,360604.7,10.9,10.1
10877,19:00:00,29/03/2025 7:00:00 CH,3.2,360617.1,12.4,12.1
10878,20:00:00,29/03/2025 8:00:00 CH,3.3,360628.8,11.7,11.1
10879,21:00:00,29/03/2025 9:00:00 CH,3.5,360637.8,9.0,8.8
10880,22:00:00,29/03/2025 10:00:00 CH,3.3,360646.7,8.9,8.9
10881,23:00:00,29/03/2025 11:00:00 CH,3.2,360655.0,8.3,8.0
10882,00:00:00,30/03/2025 12:00:00 SA,2.9,360659.6,4.6,4.7
10883,01:00:00,30/03/2025 1:00:00 SA,3.0,360663.2,3.6,3.6
10884,02:00:00,30/03/2025 2:00:00 SA,3.0,360665.1,1.9,1.5
10885,03:00:00,30/03/2025 3:00:00 SA,3.0,360667.7,2.6,2.6
10886,04:00:00,30/03/2025 4:00:00 SA,3.1,360669.1,1.4,1.3
10887,05:00:00,30/03/2025 5:00:00 SA,3.1,360670.7,1.6,1.5
10888,06:00:00,30/03/2025 6:00:00 SA,3.3,360673.4,2.7,2.3
10889,07:00:00,30/03/2025 7:00:00 SA,3.3,360679.6,6.2,6.0
10890,08:00:00,30/03/2025 8:00:00 SA,3.2,360688.4,8.8,9.1
10891,09:00:00,30/03/2025 9:00:00 SA,3.3,360696.3,7.9,8.3
10892,10:00:00,30/03/2025 10:00:00 SA,3.3,360704.5,8.2,9.1
10893,11:00:00,30/03/2025 11:00:00 SA,3.4,360713.1,8.6,8.8
10894,12:00:00,30/03/2025 12:00:00 CH,3.4,360720.4,7.3,7.5
10895,13:00:00,30/03/2025 1:00:00 CH,3.1,360727.1,6.7,6.7
10896,14:00:00,30/03/2025 2:00:00 CH,3.1,360732.6,5.5,5.5
10897,15:00:00,30/03/2025 3:00:00 CH,3.1,360739.1,6.5,5.8
10898,16:00:00,30/03/2025 4:00:00 CH,3.4,360746.1,7.0,7.4
10899,17:00:00,30/03/2025 5:00:00 CH,3.4,360757.1,11.0,10.2
10900,18:00:00,30/03/2025 6:00:00 CH,3.0,360771.1,14.0,14.0
10901,19:00:00,30/03/2025 7:00:00 CH,3.1,360786.4,15.3,14.6
10902,20:00:00,30/03/2025 8:00:00 CH,3.3,360798.9,12.5,12.7
10903,21:00:00,30/03/2025 9:00:00 CH,3.2,360809.3,10.4,11.0
10904,22:00:00,30/03/2025 10:00:00 CH,3.0,360819.2,9.9,10.1
10905,23:00:00,30/03/2025 11:00:00 CH,3.2,360826.2,7.0,7.4
10906,00:00:00,31/03/2025 12:00:00 SA,3.0,360830.1,3.9,3.9
10907,01:00:00,31/03/2025 1:00:00 SA,3.0,360834.6,4.5,4.3
10908,02:00:00,31/03/2025 2:00:00 SA,3.0,360836.6,2.0,2.2
10909,03:00:00,31/03/2025 3:00:00 SA,3.0,360837.8,1.2,1.1
10910,04:00:00,31/03/2025 4:00:00 SA,3.0,360838.9,1.1,1.1
10911,05:00:00,31/03/2025 5:00:00 SA,3.1,360840.5,1.6,1.4
10912,06:00:00,31/03/2025 6:00:00 SA,1.3,360844.3,3.8,3.7
10913,07:00:00,31/03/2025 7:00:00 SA,3.3,360853.9,9.6,8.9
10914,08:00:00,31/03/2025 8:00:00 SA,3.3,360861.9,8.0,8.3
10915,09:00:00,31/03/2025 9:00:00 SA,3.2,360868.6,6.7,6.3
10916,10:00:00,31/03/2025 10:00:00 SA,3.2,360875.5,6.9,6.6
10917,11:00:00,31/03/2025 11:00:00 SA,3.3,360882.5,7.0,6.7
10918,12:00:00,31/03/2025 12:00:00 CH,3.3,360890.7,8.2,8.0
10919,13:00:00,31/03/2025 1:00:00 CH,3.2,360897.5,6.8,6.7
10920,14:00:00,31/03/2025 2:00:00 CH,3.1,360902.9,5.4,5.4
10921,15:00:00,31/03/2025 3:00:00 CH,3.1,360911.3,8.4,8.2
10922,16:00:00,31/03/2025 4:00:00 CH,3.5,360920.8,9.5,9.2
10923,17:00:00,31/03/2025 5:00:00 CH,3.4,360930.9,10.1,9.9
10924,18:00:00,31/03/2025 6:00:00 CH,3.2,360943.2,12.3,11.9
10925,19:00:00,31/03/2025 7:00:00 CH,3.3,360957.5,14.3,13.9
10926,20:00:00,31/03/2025 8:00:00 CH,3.2,360969.9,12.4,11.9
10927,21:00:00,31/03/2025 9:00:00 CH,3.2,360981.2,11.3,11.5
10928,22:00:00,31/03/2025 10:00:00 CH,3.3,360990.5,9.3,8.6
10929,23:00:00,31/03/2025 11:00:00 CH,2.9,360998.7,8.2,7.7
10930,00:00:00,01/04/2025 12:00:00 SA,3.0,361001.5,2.8,2.7
10931,01:00:00,01/04/2025 1:00:00 SA,3.0,361005.1,3.6,3.7
10932,02:00:00,01/04/2025 2:00:00 SA,3.0,361006.4,1.3,1.4
10933,03:00:00,01/04/2025 3:00:00 SA,3.0,361007.6,1.2,1.2
10934,04:00:00,01/04/2025 4:00:00 SA,3.0,361008.8,1.2,1.3
10935,05:00:00,01/04/2025 5:00:00 SA,3.1,361010.5,1.7,1.7
10936,06:00:00,01/04/2025 6:00:00 SA,3.4,361015.2,4.7,4.1
10937,07:00:00,01/04/2025 7:00:00 SA,3.3,361025.2,10.0,11.0
10938,09:00:00,01/04/2025 9:00:00 SA,3.3,361042.3,17.1,0.0
10939,10:00:00,01/04/2025 10:00:00 SA,0.0,0.0,-361042.3,6.6
10940,11:00:00,01/04/2025 11:00:00 SA,3.4,361057.8,361057.8,7.7
10941,12:00:00,01/04/2025 12:00:00 CH,3.4,361068.3,10.5,11.1
10942,13:00:00,01/04/2025 1:00:00 CH,3.3,361075.2,6.9,6.8
10943,14:00:00,01/04/2025 2:00:00 CH,3.2,361080.4,5.2,5.1
10944,15:00:00,01/04/2025 3:00:00 CH,3.2,361084.9,4.5,4.3
10945,16:00:00,01/04/2025 4:00:00 CH,3.3,361090.0,5.1,4.3
10946,17:00:00,01/04/2025 5:00:00 CH,3.4,361098.1,8.1,7.9
10947,18:00:00,01/04/2025 6:00:00 CH,3.2,361110.4,12.3,11.9
10948,19:00:00,01/04/2025 7:00:00 CH,3.1,361125.4,15.0,14.9
10949,20:00:00,01/04/2025 8:00:00 CH,2.9,361137.7,12.3,11.7
10950,21:00:00,01/04/2025 9:00:00 CH,3.2,361149.5,11.8,11.7
10951,22:00:00,01/04/2025 10:00:00 CH,3.3,361159.9,10.4,10.3
10952,23:00:00,01/04/2025 11:00:00 CH,3.2,361169.0,9.1,8.8
10953,00:00:00,02/04/2025 12:00:00 SA,3.1,361172.8,3.8,3.8
10954,01:00:00,02/04/2025 1:00:00 SA,3.1,361176.1,3.3,3.3
10955,02:00:00,02/04/2025 2:00:00 SA,3.0,361178.1,2.0,1.6
10956,03:00:00,02/04/2025 3:00:00 SA,3.1,361179.3,1.2,1.3
10957,04:00:00,02/04/2025 4:00:00 SA,3.1,361180.4,1.1,1.0
10958,05:00:00,02/04/2025 5:00:00 SA,3.3,361182.4,2.0,2.1
10959,06:00:00,02/04/2025 6:00:00 SA,3.4,361187.1,4.7,4.8
10960,07:00:00,02/04/2025 7:00:00 SA,3.3,361198.1,11.0,11.3
10961,08:00:00,02/04/2025 8:00:00 SA,2.7,361208.9,10.8,10.4
10962,09:00:00,02/04/2025 9:00:00 SA,3.4,361218.3,9.4,9.2
10963,10:00:00,02/04/2025 10:00:00 SA,3.3,361226.9,8.6,8.9
10964,11:00:00,02/04/2025 11:00:00 SA,3.2,361234.9,8.0,8.9
10965,12:00:00,02/04/2025 12:00:00 CH,3.4,361242.5,7.6,7.2
10966,13:00:00,02/04/2025 1:00:00 CH,3.2,361250.6,8.1,8.3
10967,14:00:00,02/04/2025 2:00:00 CH,3.2,361256.5,5.9,6.0
10968,15:00:00,02/04/2025 3:00:00 CH,3.1,361264.3,7.8,7.5
10969,16:00:00,02/04/2025 4:00:00 CH,3.0,361272.2,7.9,7.5
10970,17:00:00,02/04/2025 5:00:00 CH,3.4,361282.1,9.9,9.9
10971,18:00:00,02/04/2025 6:00:00 CH,3.2,361294.2,12.1,11.4
10972,19:00:00,02/04/2025 7:00:00 CH,3.2,361309.6,15.4,15.9
10973,20:00:00,02/04/2025 8:00:00 CH,3.1,361322.3,12.7,12.0
10974,21:00:00,02/04/2025 9:00:00 CH,3.3,361334.0,11.7,11.6
10975,22:00:00,02/04/2025 10:00:00 CH,3.2,361343.8,9.8,10.8
10976,23:00:00,02/04/2025 11:00:00 CH,3.2,361352.2,8.4,8.4
10977,00:00:00,03/04/2025 12:00:00 SA,3.2,361356.2,4.0,4.1
10978,01:00:00,03/04/2025 1:00:00 SA,3.1,361359.4,3.2,3.2
10979,02:00:00,03/04/2025 2:00:00 SA,3.1,361360.6,1.2,1.2
10980,03:00:00,03/04/2025 3:00:00 SA,3.1,361363.3,2.7,2.8
10981,04:00:00,03/04/2025 4:00:00 SA,3.1,361364.8,1.5,1.5
10982,05:00:00,03/04/2025 5:00:00 SA,3.1,361366.4,1.6,1.4
10983,06:00:00,03/04/2025 6:00:00 SA,3.1,361371.2,4.8,4.8
10984,07:00:00,03/04/2025 7:00:00 SA,3.3,361381.3,10.1,10.0
10985,08:00:00,03/04/2025 8:00:00 SA,3.3,361390.0,8.7,8.3
10986,09:00:00,03/04/2025 9:00:00 SA,3.4,361397.4,7.4,7.2
10987,10:00:00,03/04/2025 10:00:00 SA,3.3,361405.2,7.8,8.2
10988,11:00:00,03/04/2025 11:00:00 SA,3.3,361412.2,7.0,7.5
10989,12:00:00,03/04/2025 12:00:00 CH,3.0,361422.1,9.9,9.7
10990,13:00:00,03/04/2025 1:00:00 CH,3.2,361429.3,7.2,7.2
10991,14:00:00,03/04/2025 2:00:00 CH,3.3,361438.4,9.1,8.7
10992,15:00:00,03/04/2025 3:00:00 CH,3.2,361449.8,11.4,11.1
10993,16:00:00,03/04/2025 4:00:00 CH,3.3,361457.1,7.3,7.2
10994,17:00:00,03/04/2025 5:00:00 CH,3.3,361464.4,7.3,6.8
10995,18:00:00,03/04/2025 6:00:00 CH,2.8,361477.4,13.0,12.6
10996,19:00:00,03/04/2025 7:00:00 CH,3.1,361494.1,16.7,16.7
10997,20:00:00,03/04/2025 8:00:00 CH,3.1,361507.4,13.3,12.7
10998,21:00:00,03/04/2025 9:00:00 CH,3.3,361518.9,11.5,11.2
10999,22:00:00,03/04/2025 10:00:00 CH,3.3,361529.0,10.1,9.9
11000,23:00:00,03/04/2025 11:00:00 CH,3.2,361536.8,7.8,7.7
11001,00:00:00,04/04/2025 12:00:00 SA,2.9,361541.5,4.7,4.4
11002,01:00:00,04/04/2025 1:00:00 SA,3.0,361543.5,2.0,1.9
11003,02:00:00,04/04/2025 2:00:00 SA,3.0,361545.9,2.4,2.4
11004,03:00:00,04/04/2025 3:00:00 SA,3.1,361547.5,1.6,1.4
11005,04:00:00,04/04/2025 4:00:00 SA,3.1,361548.7,1.2,1.1
11006,05:00:00,04/04/2025 5:00:00 SA,3.3,361550.5,1.8,1.5
11007,06:00:00,04/04/2025 6:00:00 SA,3.4,361555.4,4.9,4.8
11008,07:00:00,04/04/2025 7:00:00 SA,3.3,361566.9,11.5,11.0
11009,08:00:00,04/04/2025 8:00:00 SA,3.5,361575.4,8.5,8.5
11010,09:00:00,04/04/2025 9:00:00 SA,3.3,361582.7,7.3,7.1
11011,10:00:00,04/04/2025 10:00:00 SA,3.2,361588.4,5.7,5.8
11012,11:00:00,04/04/2025 11:00:00 SA,3.2,361595.2,6.8,7.7
11013,12:00:00,04/04/2025 12:00:00 CH,3.1,361604.6,9.4,9.2
11014,13:00:00,04/04/2025 1:00:00 CH,3.1,361614.1,9.5,8.9
11015,14:00:00,04/04/2025 2:00:00 CH,3.1,361620.5,6.4,6.5
11016,15:00:00,04/04/2025 3:00:00 CH,3.1,361625.1,4.6,4.3
11017,16:00:00,04/04/2025 4:00:00 CH,3.1,361629.9,4.8,5.1
11018,17:00:00,04/04/2025 5:00:00 CH,3.3,361639.0,9.1,9.0
11019,18:00:00,04/04/2025 6:00:00 CH,3.2,361651.7,12.7,12.5
11020,19:00:00,04/04/2025 7:00:00 CH,3.2,361667.6,15.9,15.9
11021,20:00:00,04/04/2025 8:00:00 CH,3.3,361680.0,12.4,11.9
11022,21:00:00,04/04/2025 9:00:00 CH,3.4,361691.5,11.5,11.6
11023,22:00:00,04/04/2025 10:00:00 CH,3.2,361701.1,9.6,9.9
11024,23:00:00,04/04/2025 11:00:00 CH,3.1,361709.3,8.2,7.7
11025,00:00:00,05/04/2025 12:00:00 SA,3.0,361713.1,3.8,3.8
11026,01:00:00,05/04/2025 1:00:00 SA,3.0,361716.0,2.9,2.8
11027,02:00:00,05/04/2025 2:00:00 SA,3.0,361717.6,1.6,1.5
11028,03:00:00,05/04/2025 3:00:00 SA,3.0,361720.0,2.4,2.5
11029,04:00:00,05/04/2025 4:00:00 SA,3.0,361721.3,1.3,1.2
11030,05:00:00,05/04/2025 5:00:00 SA,3.1,361723.1,1.8,1.7
11031,06:00:00,05/04/2025 6:00:00 SA,3.1,361726.4,3.3,2.6
11032,07:00:00,05/04/2025 7:00:00 SA,3.5,361736.3,9.9,9.2
11033,08:00:00,05/04/2025 8:00:00 SA,3.4,361746.3,10.0,9.6
11034,09:00:00,05/04/2025 9:00:00 SA,3.4,361755.5,9.2,9.0
11035,10:00:00,05/04/2025 10:00:00 SA,3.4,361764.2,8.7,9.1
11036,11:00:00,05/04/2025 11:00:00 SA,3.4,361775.3,11.1,11.7
11037,12:00:00,05/04/2025 12:00:00 CH,3.5,361786.1,10.8,10.5
11038,13:00:00,05/04/2025 1:00:00 CH,3.1,361794.2,8.1,8.5
11039,14:00:00,05/04/2025 2:00:00 CH,3.1,361800.5,6.3,6.5
11040,15:00:00,05/04/2025 3:00:00 CH,3.1,361806.2,5.7,5.4
11041,16:00:00,05/04/2025 4:00:00 CH,3.1,361814.7,8.5,8.2
11042,17:00:00,05/04/2025 5:00:00 CH,3.3,361824.3,9.6,8.9
11043,18:00:00,05/04/2025 6:00:00 CH,2.9,361837.3,13.0,13.1
11044,19:00:00,05/04/2025 7:00:00 CH,3.2,361852.9,15.6,15.9
11045,20:00:00,05/04/2025 8:00:00 CH,3.3,361865.0,12.1,11.8
11046,21:00:00,05/04/2025 9:00:00 CH,3.5,361875.6,10.6,11.0
11047,22:00:00,05/04/2025 10:00:00 CH,3.0,361884.0,8.4,8.9
11048,23:00:00,05/04/2025 11:00:00 CH,3.0,361892.0,8.0,8.3
11049,00:00:00,06/04/2025 12:00:00 SA,3.0,361896.7,4.7,4.9
11050,01:00:00,06/04/2025 1:00:00 SA,3.0,361899.3,2.6,2.9
11051,02:00:00,06/04/2025 2:00:00 SA,3.0,361902.2,2.9,3.1
11052,03:00:00,06/04/2025 3:00:00 SA,3.0,361903.6,1.4,1.4
11053,04:00:00,06/04/2025 4:00:00 SA,3.1,361905.0,1.4,1.2
11054,05:00:00,06/04/2025 5:00:00 SA,3.2,361907.0,2.0,1.7
11055,06:00:00,06/04/2025 6:00:00 SA,3.4,361910.2,3.2,3.0
11056,07:00:00,06/04/2025 7:00:00 SA,3.4,361917.5,7.3,7.0
11057,08:00:00,06/04/2025 8:00:00 SA,3.5,361930.6,13.1,13.1
11058,09:00:00,06/04/2025 9:00:00 SA,3.6,361943.5,12.9,13.1
11059,10:00:00,06/04/2025 10:00:00 SA,3.4,361955.0,11.5,11.8
11060,11:00:00,06/04/2025 11:00:00 SA,3.4,361964.2,9.2,9.1
11061,12:00:00,06/04/2025 12:00:00 CH,3.4,361972.8,8.6,7.7
11062,13:00:00,06/04/2025 1:00:00 CH,3.1,361980.2,7.4,7.7
11063,14:00:00,06/04/2025 2:00:00 CH,3.1,361986.3,6.1,6.1
11064,15:00:00,06/04/2025 3:00:00 CH,3.1,361993.8,7.5,7.0
11065,16:00:00,06/04/2025 4:00:00 CH,3.1,361999.8,6.0,6.4
11066,17:00:00,06/04/2025 5:00:00 CH,3.3,362008.7,8.9,8.3
11067,18:00:00,06/04/2025 6:00:00 CH,3.0,362021.0,12.3,12.1
11068,19:00:00,06/04/2025 7:00:00 CH,3.2,362034.1,13.1,13.5
11069,20:00:00,06/04/2025 8:00:00 CH,3.4,362044.6,10.5,10.2
11070,21:00:00,06/04/2025 9:00:00 CH,3.3,362055.4,10.8,10.5
11071,22:00:00,06/04/2025 10:00:00 CH,3.2,362064.4,9.0,9.4
11072,23:00:00,06/04/2025 11:00:00 CH,3.0,362071.5,7.1,7.7
11073,00:00:00,07/04/2025 12:00:00 SA,3.0,362075.4,3.9,3.6
11074,01:00:00,07/04/2025 1:00:00 SA,3.0,362077.3,1.9,1.7
11075,02:00:00,07/04/2025 2:00:00 SA,3.1,362078.9,1.6,1.5
11076,03:00:00,07/04/2025 3:00:00 SA,3.1,362080.2,1.3,1.2
11077,04:00:00,07/04/2025 4:00:00 SA,3.1,362081.5,1.3,1.4
11078,05:00:00,07/04/2025 5:00:00 SA,3.1,362083.2,1.7,1.8
11079,06:00:00,07/04/2025 6:00:00 SA,3.4,362086.7,3.5,2.9
11080,07:00:00,07/04/2025 7:00:00 SA,3.5,362093.7,7.0,6.4
11081,08:00:00,07/04/2025 8:00:00 SA,3.6,362103.5,9.8,9.1
11082,09:00:00,07/04/2025 9:00:00 SA,3.4,362114.2,10.7,9.8
11083,10:00:00,07/04/2025 10:00:00 SA,3.6,362124.0,9.8,9.3
11084,11:00:00,07/04/2025 11:00:00 SA,3.4,362134.7,10.7,10.6
11085,12:00:00,07/04/2025 12:00:00 CH,3.2,362143.1,8.4,8.0
11086,13:00:00,07/04/2025 1:00:00 CH,3.1,362150.5,7.4,7.2
11087,14:00:00,07/04/2025 2:00:00 CH,3.2,362156.2,5.7,6.1
11088,15:00:00,07/04/2025 3:00:00 CH,3.2,362161.2,5.0,4.7
11089,16:00:00,07/04/2025 4:00:00 CH,3.5,362169.7,8.5,8.4
11090,17:00:00,07/04/2025 5:00:00 CH,3.2,362181.4,11.7,11.5
11091,18:00:00,07/04/2025 6:00:00 CH,3.2,362195.4,14.0,14.3
11092,19:00:00,07/04/2025 7:00:00 CH,3.0,362211.5,16.1,16.1
11093,20:00:00,07/04/2025 8:00:00 CH,3.3,362225.7,14.2,14.8
11094,21:00:00,07/04/2025 9:00:00 CH,3.4,362237.9,12.2,12.1
11095,22:00:00,07/04/2025 10:00:00 CH,3.2,362247.1,9.2,9.2
11096,23:00:00,07/04/2025 11:00:00 CH,3.1,362253.7,6.6,7.0
11097,00:00:00,08/04/2025 12:00:00 SA,3.0,362258.1,4.4,4.6
11098,01:00:00,08/04/2025 1:00:00 SA,3.0,362261.5,3.4,3.2
11099,02:00:00,08/04/2025 2:00:00 SA,3.0,362262.8,1.3,1.5
11100,03:00:00,08/04/2025 3:00:00 SA,3.0,362265.5,2.7,2.6
11101,04:00:00,08/04/2025 4:00:00 SA,3.0,362266.6,1.1,1.0
11102,05:00:00,08/04/2025 5:00:00 SA,3.1,362269.2,2.6,2.7
11103,06:00:00,08/04/2025 6:00:00 SA,3.4,362274.0,4.8,4.9
11104,07:00:00,08/04/2025 7:00:00 SA,3.3,362284.2,10.2,10.6
11105,08:00:00,08/04/2025 8:00:00 SA,3.4,362293.7,9.5,9.7
11106,09:00:00,08/04/2025 9:00:00 SA,3.5,362303.2,9.5,9.5
11107,10:00:00,08/04/2025 10:00:00 SA,3.3,362312.8,9.6,10.0
11108,11:00:00,08/04/2025 11:00:00 SA,3.4,362320.9,8.1,7.6
11109,12:00:00,08/04/2025 12:00:00 CH,3.2,362328.8,7.9,8.0
11110,13:00:00,08/04/2025 1:00:00 CH,3.1,362334.9,6.1,4.9
11111,14:00:00,08/04/2025 2:00:00 CH,3.1,362342.7,7.8,7.2
11112,15:00:00,08/04/2025 3:00:00 CH,3.1,362350.9,8.2,8.0
11113,16:00:00,08/04/2025 4:00:00 CH,3.0,362358.2,7.3,7.4
11114,17:00:00,08/04/2025 5:00:00 CH,3.5,362366.6,8.4,8.3
11115,18:00:00,08/04/2025 6:00:00 CH,3.1,362380.1,13.5,12.9
11116,19:00:00,08/04/2025 7:00:00 CH,3.1,362397.6,17.5,17.6
11117,20:00:00,08/04/2025 8:00:00 CH,3.2,362411.9,14.3,15.0
11118,21:00:00,08/04/2025 9:00:00 CH,3.3,362425.0,13.1,13.0
11119,22:00:00,08/04/2025 10:00:00 CH,3.5,362435.5,10.5,10.8
11120,23:00:00,08/04/2025 11:00:00 CH,3.2,362443.0,7.5,7.1
11121,00:00:00,09/04/2025 12:00:00 SA,3.0,362447.8,4.8,4.7
11122,01:00:00,09/04/2025 1:00:00 SA,3.0,362451.1,3.3,3.2
11123,02:00:00,09/04/2025 2:00:00 SA,3.0,362452.6,1.5,1.4
11124,03:00:00,09/04/2025 3:00:00 SA,3.0,362456.4,3.8,3.5
11125,04:00:00,09/04/2025 4:00:00 SA,3.0,362457.7,1.3,1.2
11126,05:00:00,09/04/2025 5:00:00 SA,3.1,362459.4,1.7,1.9
11127,06:00:00,09/04/2025 6:00:00 SA,3.5,362464.5,5.1,5.4
11128,07:00:00,09/04/2025 7:00:00 SA,3.3,362475.9,11.4,11.0
11129,08:00:00,09/04/2025 8:00:00 SA,3.4,362484.8,8.9,8.8
11130,09:00:00,09/04/2025 9:00:00 SA,3.3,362491.6,6.8,6.7
11131,10:00:00,09/04/2025 10:00:00 SA,3.4,362498.3,6.7,6.5
11132,11:00:00,09/04/2025 11:00:00 SA,3.4,362504.9,6.6,6.7
11133,12:00:00,09/04/2025 12:00:00 CH,3.3,362512.6,7.7,7.1
11134,13:00:00,09/04/2025 1:00:00 CH,3.1,362519.7,7.1,7.0
11135,14:00:00,09/04/2025 2:00:00 CH,3.0,362525.6,5.9,6.2
11136,15:00:00,09/04/2025 3:00:00 CH,3.1,362530.7,5.1,4.9
11137,16:00:00,09/04/2025 4:00:00 CH,3.0,362539.1,8.4,8.6
11138,17:00:00,09/04/2025 5:00:00 CH,3.4,362548.2,9.1,9.0
11139,18:00:00,09/04/2025 6:00:00 CH,3.1,362561.7,13.5,13.8
11140,19:00:00,09/04/2025 7:00:00 CH,3.0,362576.4,14.7,15.3
11141,20:00:00,09/04/2025 8:00:00 CH,3.2,362591.0,14.6,14.8
11142,21:00:00,09/04/2025 9:00:00 CH,3.3,362603.8,12.8,13.4
11143,22:00:00,09/04/2025 10:00:00 CH,3.4,362614.4,10.6,11.1
11144,23:00:00,09/04/2025 11:00:00 CH,3.3,362621.4,7.0,7.3
11145,00:00:00,10/04/2025 12:00:00 SA,3.0,362626.5,5.1,4.8
11146,01:00:00,10/04/2025 1:00:00 SA,3.0,362629.5,3.0,2.7
11147,02:00:00,10/04/2025 2:00:00 SA,3.1,362632.7,3.2,3.5
11148,03:00:00,10/04/2025 3:00:00 SA,3.1,362633.9,1.2,1.3
11149,04:00:00,10/04/2025 4:00:00 SA,3.1,362635.1,1.2,1.2
11150,05:00:00,10/04/2025 5:00:00 SA,3.3,362637.1,2.0,1.7
11151,06:00:00,10/04/2025 6:00:00 SA,3.4,362642.2,5.1,4.2
11152,07:00:00,10/04/2025 7:00:00 SA,3.3,362653.3,11.1,10.3
11153,08:00:00,10/04/2025 8:00:00 SA,3.4,362662.5,9.2,8.9
11154,09:00:00,10/04/2025 9:00:00 SA,3.4,362668.9,6.4,7.1
11155,10:00:00,10/04/2025 10:00:00 SA,3.4,362676.6,7.7,7.8
11156,11:00:00,10/04/2025 11:00:00 SA,3.3,362683.0,6.4,6.0
11157,12:00:00,10/04/2025 12:00:00 CH,3.3,362690.8,7.8,7.7
11158,13:00:00,10/04/2025 1:00:00 CH,3.1,362696.6,5.8,5.5
11159,14:00:00,10/04/2025 2:00:00 CH,3.1,362701.4,4.8,5.0
11160,15:00:00,10/04/2025 3:00:00 CH,3.1,362705.7,4.3,4.1
11161,16:00:00,10/04/2025 4:00:00 CH,3.1,362710.8,5.1,5.4
11162,17:00:00,10/04/2025 5:00:00 CH,3.4,362717.0,6.2,5.7
11163,18:00:00,10/04/2025 6:00:00 CH,3.1,362729.8,12.8,12.7
11164,19:00:00,10/04/2025 7:00:00 CH,3.1,362745.4,15.6,15.0
11165,20:00:00,10/04/2025 8:00:00 CH,3.2,362758.2,12.8,12.3
11166,21:00:00,10/04/2025 9:00:00 CH,3.3,362770.7,12.5,13.7
11167,22:00:00,10/04/2025 10:00:00 CH,3.5,362781.0,10.3,10.1
11168,23:00:00,10/04/2025 11:00:00 CH,3.1,362789.2,8.2,8.8
11169,00:00:00,11/04/2025 12:00:00 SA,3.0,362794.2,5.0,4.5
11170,01:00:00,11/04/2025 1:00:00 SA,3.1,362796.5,2.3,2.2
11171,02:00:00,11/04/2025 2:00:00 SA,3.2,362800.0,3.5,3.5
11172,03:00:00,11/04/2025 3:00:00 SA,3.1,362801.2,1.2,1.1
11173,04:00:00,11/04/2025 4:00:00 SA,3.2,362802.5,1.3,1.1
11174,05:00:00,11/04/2025 5:00:00 SA,3.2,362804.6,2.1,1.8
11175,06:00:00,11/04/2025 6:00:00 SA,3.4,362809.9,5.3,5.6
11176,07:00:00,11/04/2025 7:00:00 SA,3.4,362820.6,10.7,10.4
11177,08:00:00,11/04/2025 8:00:00 SA,3.3,362829.4,8.8,8.5
11178,09:00:00,11/04/2025 9:00:00 SA,3.2,362837.4,8.0,7.8
11179,10:00:00,11/04/2025 10:00:00 SA,3.8,362845.7,8.3,8.3
11180,11:00:00,11/04/2025 11:00:00 SA,3.6,362852.2,6.5,6.3
11181,12:00:00,11/04/2025 12:00:00 CH,3.0,362859.9,7.7,8.4
11182,13:00:00,11/04/2025 1:00:00 CH,3.1,362865.6,5.7,5.1
11183,14:00:00,11/04/2025 2:00:00 CH,3.1,362870.8,5.2,4.8
11184,15:00:00,11/04/2025 3:00:00 CH,3.1,362875.6,4.8,5.0
11185,16:00:00,11/04/2025 4:00:00 CH,3.1,362881.3,5.7,5.7
11186,17:00:00,11/04/2025 5:00:00 CH,3.2,362888.4,7.1,6.8
11187,18:00:00,11/04/2025 6:00:00 CH,2.9,362899.4,11.0,10.5
11188,19:00:00,11/04/2025 7:00:00 CH,3.1,362914.7,15.3,15.2
11189,20:00:00,11/04/2025 8:00:00 CH,3.1,362927.3,12.6,12.5
11190,21:00:00,11/04/2025 9:00:00 CH,3.3,362939.6,12.3,12.2
11191,22:00:00,11/04/2025 10:00:00 CH,3.3,362950.3,10.7,10.4
11192,23:00:00,11/04/2025 11:00:00 CH,0.9,362958.0,7.7,8.1
11193,00:00:00,12/04/2025 12:00:00 SA,3.0,362962.1,4.1,3.5
11194,01:00:00,12/04/2025 1:00:00 SA,3.0,362965.8,3.7,3.5
11195,02:00:00,12/04/2025 2:00:00 SA,3.1,362967.6,1.8,1.8
11196,03:00:00,12/04/2025 3:00:00 SA,3.1,362970.6,3.0,3.3
11197,04:00:00,12/04/2025 4:00:00 SA,3.1,362971.9,1.3,1.2
11198,05:00:00,12/04/2025 5:00:00 SA,3.1,362973.4,1.5,1.4
11199,06:00:00,12/04/2025 6:00:00 SA,3.3,362977.5,4.1,3.8
11200,07:00:00,12/04/2025 7:00:00 SA,3.3,362988.1,10.6,10.5
11201,08:00:00,12/04/2025 8:00:00 SA,3.3,362998.7,10.6,10.3
11202,09:00:00,12/04/2025 9:00:00 SA,3.4,363010.3,11.6,11.1
11203,10:00:00,12/04/2025 10:00:00 SA,3.6,363021.9,11.6,10.7
11204,11:00:00,12/04/2025 11:00:00 SA,3.4,363032.1,10.2,10.1
11205,12:00:00,12/04/2025 12:00:00 CH,3.5,363040.9,8.8,9.0
11206,13:00:00,12/04/2025 1:00:00 CH,3.1,363050.2,9.3,9.0
11207,14:00:00,12/04/2025 2:00:00 CH,3.1,363055.8,5.6,5.3
11208,15:00:00,12/04/2025 3:00:00 CH,3.1,363063.8,8.0,7.5
11209,16:00:00,12/04/2025 4:00:00 CH,3.1,363069.9,6.1,6.1
11210,17:00:00,12/04/2025 5:00:00 CH,3.2,363078.3,8.4,7.4
11211,18:00:00,12/04/2025 6:00:00 CH,3.1,363090.9,12.6,12.3
11212,19:00:00,12/04/2025 7:00:00 CH,3.3,363105.0,14.1,14.1
11213,20:00:00,12/04/2025 8:00:00 CH,3.3,363116.8,11.8,11.3
11214,21:00:00,12/04/2025 9:00:00 CH,3.4,363129.0,12.2,12.0
11215,22:00:00,12/04/2025 10:00:00 CH,3.3,363137.9,8.9,9.1
11216,23:00:00,12/04/2025 11:00:00 CH,3.2,363147.9,10.0,10.4
11217,00:00:00,13/04/2025 12:00:00 SA,3.0,363153.7,5.8,6.1
11218,01:00:00,13/04/2025 1:00:00 SA,3.1,363155.5,1.8,1.7
11219,02:00:00,13/04/2025 2:00:00 SA,3.1,363158.6,3.1,2.9
11220,03:00:00,13/04/2025 3:00:00 SA,3.1,363160.3,1.7,1.8
11221,04:00:00,13/04/2025 4:00:00 SA,3.1,363162.7,2.4,2.6
11222,05:00:00,13/04/2025 5:00:00 SA,3.3,363164.5,1.8,1.7
11223,06:00:00,13/04/2025 6:00:00 SA,3.6,363167.5,3.0,2.7
11224,07:00:00,13/04/2025 7:00:00 SA,3.5,363174.3,6.8,6.6
11225,08:00:00,13/04/2025 8:00:00 SA,3.5,363185.0,10.7,10.3
11226,09:00:00,13/04/2025 9:00:00 SA,3.5,363196.7,11.7,11.5
11227,10:00:00,13/04/2025 10:00:00 SA,3.3,363209.6,12.9,12.2
11228,11:00:00,13/04/2025 11:00:00 SA,3.4,363219.3,9.7,10.4
11229,12:00:00,13/04/2025 12:00:00 CH,3.4,363228.2,8.9,8.5
11230,13:00:00,13/04/2025 1:00:00 CH,2.9,363236.8,8.6,8.3
11231,14:00:00,13/04/2025 2:00:00 CH,3.0,363242.9,6.1,6.6
11232,15:00:00,13/04/2025 3:00:00 CH,3.1,363248.8,5.9,5.9
11233,16:00:00,13/04/2025 4:00:00 CH,3.2,363258.6,9.8,9.4
11234,17:00:00,13/04/2025 5:00:00 CH,3.0,363272.9,14.3,13.4
11235,18:00:00,13/04/2025 6:00:00 CH,3.0,363285.8,12.9,13.2
11236,19:00:00,13/04/2025 7:00:00 CH,3.1,363302.4,16.6,16.2
11237,20:00:00,13/04/2025 8:00:00 CH,3.2,363315.7,13.3,13.1
11238,21:00:00,13/04/2025 9:00:00 CH,3.4,363327.3,11.6,11.1
11239,22:00:00,13/04/2025 10:00:00 CH,3.3,363337.6,10.3,10.9
11240,23:00:00,13/04/2025 11:00:00 CH,3.1,363346.0,8.4,8.3
11241,00:00:00,14/04/2025 12:00:00 SA,3.0,363349.2,3.2,3.0
11242,01:00:00,14/04/2025 1:00:00 SA,3.1,363352.9,3.7,3.9
11243,02:00:00,14/04/2025 2:00:00 SA,3.1,363355.1,2.2,2.1
11244,03:00:00,14/04/2025 3:00:00 SA,3.1,363358.2,3.1,3.3
11245,04:00:00,14/04/2025 4:00:00 SA,3.1,363359.3,1.1,1.0
11246,05:00:00,14/04/2025 5:00:00 SA,3.2,363361.0,1.7,1.6
11247,06:00:00,14/04/2025 6:00:00 SA,3.2,363365.6,4.6,4.6
11248,07:00:00,14/04/2025 7:00:00 SA,3.4,363375.5,9.9,10.4
11249,08:00:00,14/04/2025 8:00:00 SA,3.3,363387.5,12.0,11.2
11250,09:00:00,14/04/2025 9:00:00 SA,3.4,363396.6,9.1,8.9
11251,10:00:00,14/04/2025 10:00:00 SA,3.3,363403.3,6.7,6.9
11252,11:00:00,14/04/2025 11:00:00 SA,3.3,363410.2,6.9,6.9
11253,12:00:00,14/04/2025 12:00:00 CH,3.3,363418.5,8.3,7.9
11254,13:00:00,14/04/2025 1:00:00 CH,3.1,363425.0,6.5,6.5
11255,14:00:00,14/04/2025 2:00:00 CH,3.1,363431.2,6.2,5.9
11256,15:00:00,14/04/2025 3:00:00 CH,3.1,363438.0,6.8,6.8
11257,16:00:00,14/04/2025 4:00:00 CH,3.1,363445.1,7.1,6.9
11258,17:00:00,14/04/2025 5:00:00 CH,3.2,363453.0,7.9,8.2
11259,18:00:00,14/04/2025 6:00:00 CH,3.0,363465.2,12.2,11.5
11260,19:00:00,14/04/2025 7:00:00 CH,3.1,363481.8,16.6,17.4
11261,20:00:00,14/04/2025 8:00:00 CH,3.3,363495.9,14.1,14.3
11262,21:00:00,14/04/2025 9:00:00 CH,3.3,363507.5,11.6,12.0
11263,22:00:00,14/04/2025 10:00:00 CH,3.3,363516.9,9.4,9.2
11264,23:00:00,14/04/2025 11:00:00 CH,3.2,363525.5,8.6,8.9
11265,00:00:00,15/04/2025 12:00:00 SA,3.2,363529.3,3.8,3.8
11266,01:00:00,15/04/2025 1:00:00 SA,3.2,363532.6,3.3,3.2
11267,02:00:00,15/04/2025 2:00:00 SA,3.1,363533.9,1.3,1.2
11268,03:00:00,15/04/2025 3:00:00 SA,3.1,363536.9,3.0,3.3
11269,04:00:00,15/04/2025 4:00:00 SA,3.1,363538.0,1.1,1.1
11270,05:00:00,15/04/2025 5:00:00 SA,3.1,363539.8,1.8,1.6
11271,06:00:00,15/04/2025 6:00:00 SA,3.1,363545.6,5.8,5.3
11272,07:00:00,15/04/2025 7:00:00 SA,3.2,363556.3,10.7,10.3
11273,08:00:00,15/04/2025 8:00:00 SA,3.4,363566.0,9.7,9.6
11274,09:00:00,15/04/2025 9:00:00 SA,3.4,363575.3,9.3,8.9
11275,10:00:00,15/04/2025 10:00:00 SA,3.3,363582.6,7.3,6.9
11276,11:00:00,15/04/2025 11:00:00 SA,3.3,363590.0,7.4,7.3
11277,12:00:00,15/04/2025 12:00:00 CH,3.3,363598.4,8.4,7.5
11278,13:00:00,15/04/2025 1:00:00 CH,3.1,363604.7,6.3,5.9
11279,14:00:00,15/04/2025 2:00:00 CH,3.2,363609.5,4.8,4.9
11280,15:00:00,15/04/2025 3:00:00 CH,3.3,363615.1,5.6,5.0
11281,16:00:00,15/04/2025 4:00:00 CH,3.2,363620.0,4.9,5.0
11282,17:00:00,15/04/2025 5:00:00 CH,3.5,363630.7,10.7,10.4
11283,18:00:00,15/04/2025 6:00:00 CH,3.2,363644.9,14.2,14.8
11284,19:00:00,15/04/2025 7:00:00 CH,3.1,363663.0,18.1,17.6
11285,20:00:00,15/04/2025 8:00:00 CH,3.2,363678.8,15.8,15.9
11286,21:00:00,15/04/2025 9:00:00 CH,3.2,363690.6,11.8,12.7
11287,22:00:00,15/04/2025 10:00:00 CH,3.3,363701.9,11.3,11.2
11288,23:00:00,15/04/2025 11:00:00 CH,3.3,363710.2,8.3,7.8
11289,00:00:00,16/04/2025 12:00:00 SA,3.2,363715.4,5.2,5.0
11290,01:00:00,16/04/2025 1:00:00 SA,3.2,363717.8,2.4,2.3
11291,02:00:00,16/04/2025 2:00:00 SA,3.2,363720.0,2.2,2.3
11292,03:00:00,16/04/2025 3:00:00 SA,3.2,363722.4,2.4,2.9
11293,04:00:00,16/04/2025 4:00:00 SA,3.2,363723.5,1.1,1.1
11294,05:00:00,16/04/2025 5:00:00 SA,3.2,363725.1,1.6,1.7
11295,06:00:00,16/04/2025 6:00:00 SA,3.3,363730.7,5.6,4.6
11296,07:00:00,16/04/2025 7:00:00 SA,3.2,363742.4,11.7,11.9
11297,08:00:00,16/04/2025 8:00:00 SA,3.4,363752.7,10.3,10.3
11298,09:00:00,16/04/2025 9:00:00 SA,3.4,363761.3,8.6,8.8
11299,10:00:00,16/04/2025 10:00:00 SA,3.4,363771.8,10.5,9.7
11300,11:00:00,16/04/2025 11:00:00 SA,3.4,363779.7,7.9,7.4
11301,12:00:00,16/04/2025 12:00:00 CH,3.3,363787.8,8.1,8.2
11302,13:00:00,16/04/2025 1:00:00 CH,3.0,363794.0,6.2,6.1
11303,14:00:00,16/04/2025 2:00:00 CH,3.2,363799.8,5.8,6.5
11304,15:00:00,16/04/2025 3:00:00 CH,3.3,363805.1,5.3,5.4
11305,16:00:00,16/04/2025 4:00:00 CH,3.4,363813.2,8.1,7.5
11306,17:00:00,16/04/2025 5:00:00 CH,3.4,363824.0,10.8,9.9
11307,18:00:00,16/04/2025 6:00:00 CH,3.3,363836.2,12.2,12.8
11308,19:00:00,16/04/2025 7:00:00 CH,3.2,363851.8,15.6,15.1
11309,20:00:00,16/04/2025 8:00:00 CH,3.0,363865.7,13.9,13.2
11310,21:00:00,16/04/2025 9:00:00 CH,3.2,363877.3,11.6,11.7
11311,22:00:00,16/04/2025 10:00:00 CH,3.4,363889.3,12.0,12.7
11312,23:00:00,16/04/2025 11:00:00 CH,3.1,363898.9,9.6,10.0
11313,00:00:00,17/04/2025 12:00:00 SA,3.1,363905.2,6.3,6.3
11314,01:00:00,17/04/2025 1:00:00 SA,3.0,363908.2,3.0,3.0
11315,02:00:00,17/04/2025 2:00:00 SA,3.0,363911.5,3.3,3.3
11316,03:00:00,17/04/2025 3:00:00 SA,3.0,363913.9,2.4,2.3
11317,04:00:00,17/04/2025 4:00:00 SA,3.0,363915.7,1.8,1.8
11318,05:00:00,17/04/2025 5:00:00 SA,3.1,363918.0,2.3,2.4
11319,06:00:00,17/04/2025 6:00:00 SA,2.6,363924.1,6.1,6.4
11320,07:00:00,17/04/2025 7:00:00 SA,3.2,363936.1,12.0,11.7
11321,08:00:00,17/04/2025 8:00:00 SA,3.5,363946.9,10.8,10.7
11322,09:00:00,17/04/2025 9:00:00 SA,3.4,363955.3,8.4,8.7
11323,10:00:00,17/04/2025 10:00:00 SA,3.4,363964.5,9.2,9.3
11324,11:00:00,17/04/2025 11:00:00 SA,3.4,363972.7,8.2,8.3
11325,12:00:00,17/04/2025 12:00:00 CH,3.4,363981.6,8.9,9.1
11326,13:00:00,17/04/2025 1:00:00 CH,3.1,363988.1,6.5,6.6
11327,14:00:00,17/04/2025 2:00:00 CH,3.2,363996.6,8.5,8.3
11328,15:00:00,17/04/2025 3:00:00 CH,3.1,364001.9,5.3,5.7
11329,16:00:00,17/04/2025 4:00:00 CH,3.1,364006.7,4.8,4.7
11330,17:00:00,17/04/2025 5:00:00 CH,3.3,364016.7,10.0,9.7
11331,18:00:00,17/04/2025 6:00:00 CH,3.2,364029.6,12.9,12.0
11332,19:00:00,17/04/2025 7:00:00 CH,3.2,364046.4,16.8,17.2
11333,20:00:00,17/04/2025 8:00:00 CH,3.4,364061.1,14.7,15.1
11334,21:00:00,17/04/2025 9:00:00 CH,3.4,364073.9,12.8,12.1
11335,22:00:00,17/04/2025 10:00:00 CH,3.4,364084.4,10.5,10.7
11336,23:00:00,17/04/2025 11:00:00 CH,3.3,364092.5,8.1,8.0
11337,00:00:00,18/04/2025 12:00:00 SA,3.0,364098.6,6.1,6.1
11338,01:00:00,18/04/2025 1:00:00 SA,3.0,364102.0,3.4,3.3
11339,02:00:00,18/04/2025 2:00:00 SA,3.0,364104.6,2.6,2.5
11340,03:00:00,18/04/2025 3:00:00 SA,3.1,364107.4,2.8,2.7
11341,04:00:00,18/04/2025 4:00:00 SA,3.2,364109.6,2.2,2.5
11342,05:00:00,18/04/2025 5:00:00 SA,3.3,364111.6,2.0,1.9
11343,06:00:00,18/04/2025 6:00:00 SA,3.6,364116.9,5.3,5.3
11344,07:00:00,18/04/2025 7:00:00 SA,3.2,364127.3,10.4,9.8
11345,08:00:00,18/04/2025 8:00:00 SA,3.5,364136.5,9.2,8.9
11346,09:00:00,18/04/2025 9:00:00 SA,3.5,364143.4,6.9,7.2
11347,10:00:00,18/04/2025 10:00:00 SA,3.4,364149.8,6.4,6.1
11348,11:00:00,18/04/2025 11:00:00 SA,3.4,364158.7,8.9,8.8
11349,12:00:00,18/04/2025 12:00:00 CH,0.0,364167.3,8.6,9.2
11350,13:00:00,18/04/2025 1:00:00 CH,3.2,364174.0,6.7,6.3
11351,14:00:00,18/04/2025 2:00:00 CH,3.6,364181.1,7.1,7.0
11352,15:00:00,18/04/2025 3:00:00 CH,3.1,364188.7,7.6,7.5
11353,16:00:00,18/04/2025 4:00:00 CH,3.3,364194.3,5.6,5.1
11354,17:00:00,18/04/2025 5:00:00 CH,3.4,364203.6,9.3,8.8
11355,18:00:00,18/04/2025 6:00:00 CH,3.1,364216.7,13.1,13.2
11356,19:00:00,18/04/2025 7:00:00 CH,3.0,364232.4,15.7,14.8
11357,20:00:00,18/04/2025 8:00:00 CH,3.0,364246.2,13.8,13.9
11358,21:00:00,18/04/2025 9:00:00 CH,3.3,364257.7,11.5,11.2
11359,22:00:00,18/04/2025 10:00:00 CH,3.2,364266.4,8.7,8.2
11360,23:00:00,18/04/2025 11:00:00 CH,3.2,364276.3,9.9,10.2
11361,00:00:00,19/04/2025 12:00:00 SA,3.1,364281.5,5.2,4.8
11362,01:00:00,19/04/2025 1:00:00 SA,3.1,364284.4,2.9,3.0
11363,02:00:00,19/04/2025 2:00:00 SA,3.2,364287.5,3.1,3.1
11364,03:00:00,19/04/2025 3:00:00 SA,3.1,364289.8,2.3,2.2
11365,04:00:00,19/04/2025 4:00:00 SA,3.2,364292.1,2.3,2.4
11366,05:00:00,19/04/2025 5:00:00 SA,3.1,364293.9,1.8,1.7
11367,06:00:00,19/04/2025 6:00:00 SA,3.4,364298.8,4.9,4.4
11368,07:00:00,19/04/2025 7:00:00 SA,3.1,364311.5,12.7,12.3
11369,08:00:00,19/04/2025 8:00:00 SA,3.3,364325.3,13.8,13.5
11370,09:00:00,19/04/2025 9:00:00 SA,3.3,364335.5,10.2,9.8
11371,10:00:00,19/04/2025 10:00:00 SA,3.3,364344.5,9.0,8.6
11372,11:00:00,19/04/2025 11:00:00 SA,3.3,364354.2,9.7,10.6
11373,12:00:00,19/04/2025 12:00:00 CH,3.3,364364.1,9.9,9.4
11374,13:00:00,19/04/2025 1:00:00 CH,2.8,364372.1,8.0,7.6
11375,14:00:00,19/04/2025 2:00:00 CH,2.7,364378.0,5.9,6.5
11376,15:00:00,19/04/2025 3:00:00 CH,2.7,364383.2,5.2,5.1
11377,16:00:00,19/04/2025 4:00:00 CH,2.7,364390.4,7.2,6.6
11378,17:00:00,19/04/2025 5:00:00 CH,3.0,364401.0,10.6,10.3
11379,18:00:00,19/04/2025 6:00:00 CH,3.1,364413.7,12.7,12.5
11380,19:00:00,19/04/2025 7:00:00 CH,3.1,364429.6,15.9,15.9
11381,20:00:00,19/04/2025 8:00:00 CH,3.4,364444.2,14.6,15.4
11382,21:00:00,19/04/2025 9:00:00 CH,3.4,364455.3,11.1,11.4
11383,22:00:00,19/04/2025 10:00:00 CH,3.2,364464.1,8.8,9.7
11384,23:00:00,19/04/2025 11:00:00 CH,2.9,364472.3,8.2,7.7
11385,00:00:00,20/04/2025 12:00:00 SA,3.0,364476.6,4.3,4.4
11386,01:00:00,20/04/2025 1:00:00 SA,3.0,364480.4,3.8,3.6
11387,02:00:00,20/04/2025 2:00:00 SA,3.0,364483.3,2.9,2.7
11388,03:00:00,20/04/2025 3:00:00 SA,3.0,364485.4,2.1,2.1
11389,04:00:00,20/04/2025 4:00:00 SA,3.0,364487.7,2.3,2.0
11390,05:00:00,20/04/2025 5:00:00 SA,3.1,364489.8,2.1,2.2
11391,06:00:00,20/04/2025 6:00:00 SA,3.3,364494.1,4.3,3.9
11392,07:00:00,20/04/2025 7:00:00 SA,3.3,364502.1,8.0,7.3
11393,08:00:00,20/04/2025 8:00:00 SA,3.3,364514.7,12.6,12.4
11394,09:00:00,20/04/2025 9:00:00 SA,3.3,364526.3,11.6,10.7
11395,10:00:00,20/04/2025 10:00:00 SA,3.3,364538.9,12.6,12.4
11396,11:00:00,20/04/2025 11:00:00 SA,3.3,364549.5,10.6,10.6
11397,12:00:00,20/04/2025 12:00:00 CH,3.4,364560.3,10.8,11.2
11398,13:00:00,20/04/2025 1:00:00 CH,2.7,364567.5,7.2,7.2
11399,14:00:00,20/04/2025 2:00:00 CH,2.8,364574.0,6.5,6.1
11400,15:00:00,20/04/2025 3:00:00 CH,2.7,364582.2,8.2,8.6
11401,16:00:00,20/04/2025 4:00:00 CH,2.6,364590.1,7.9,7.7
11402,17:00:00,20/04/2025 5:00:00 CH,2.9,364600.6,10.5,10.3
11403,18:00:00,20/04/2025 6:00:00 CH,3.2,364614.2,13.6,12.8
11404,19:00:00,20/04/2025 7:00:00 CH,3.2,364629.0,14.8,14.9
11405,20:00:00,20/04/2025 8:00:00 CH,3.4,364642.6,13.6,13.5
11406,21:00:00,20/04/2025 9:00:00 CH,2.8,364653.6,11.0,10.3
11407,22:00:00,20/04/2025 10:00:00 CH,2.8,364663.2,9.6,9.5
11408,23:00:00,20/04/2025 11:00:00 CH,3.1,364672.8,9.6,9.6
11409,00:00:00,21/04/2025 12:00:00 SA,3.0,364676.9,4.1,4.1
11410,01:00:00,21/04/2025 1:00:00 SA,3.0,364680.2,3.3,3.3
11411,02:00:00,21/04/2025 2:00:00 SA,3.0,364681.9,1.7,1.6
11412,03:00:00,21/04/2025 3:00:00 SA,3.0,364684.1,2.2,2.0
11413,04:00:00,21/04/2025 4:00:00 SA,3.0,364686.6,2.5,2.7
11414,05:00:00,21/04/2025 5:00:00 SA,3.1,364688.8,2.2,2.1
11415,06:00:00,21/04/2025 6:00:00 SA,3.3,364695.2,6.4,6.3
11416,07:00:00,21/04/2025 7:00:00 SA,3.2,364706.7,11.5,11.1
11417,08:00:00,21/04/2025 8:00:00 SA,3.4,364718.1,11.4,10.9
11418,09:00:00,21/04/2025 9:00:00 SA,3.5,364727.7,9.6,9.7
11419,10:00:00,21/04/2025 10:00:00 SA,3.2,364735.0,7.3,7.3
11420,11:00:00,21/04/2025 11:00:00 SA,3.4,364743.9,8.9,8.3
11421,12:00:00,21/04/2025 12:00:00 CH,3.4,364753.3,9.4,8.4
11422,13:00:00,21/04/2025 1:00:00 CH,2.7,364761.7,8.4,8.3
11423,14:00:00,21/04/2025 2:00:00 CH,2.8,364772.0,10.3,10.3
11424,15:00:00,21/04/2025 3:00:00 CH,2.7,364777.5,5.5,5.6
11425,16:00:00,21/04/2025 4:00:00 CH,3.1,364783.8,6.3,6.3
11426,17:00:00,21/04/2025 5:00:00 CH,3.3,364793.2,9.4,8.2
11427,18:00:00,21/04/2025 6:00:00 CH,3.2,364807.1,13.9,14.0
11428,19:00:00,21/04/2025 7:00:00 CH,3.2,364825.3,18.2,18.4
11429,20:00:00,21/04/2025 8:00:00 CH,3.4,364838.8,13.5,13.7
11430,21:00:00,21/04/2025 9:00:00 CH,3.3,364850.2,11.4,11.4
11431,22:00:00,21/04/2025 10:00:00 CH,3.4,364860.3,10.1,10.0
11432,23:00:00,21/04/2025 11:00:00 CH,3.2,364868.1,7.8,7.8
11433,00:00:00,22/04/2025 12:00:00 SA,3.1,364872.9,4.8,4.8
11434,01:00:00,22/04/2025 1:00:00 SA,3.0,364874.5,1.6,1.5
11435,02:00:00,22/04/2025 2:00:00 SA,3.0,364877.4,2.9,3.1
11436,03:00:00,22/04/2025 3:00:00 SA,3.0,364879.9,2.5,2.2
11437,04:00:00,22/04/2025 4:00:00 SA,3.0,364881.6,1.7,1.8
11438,05:00:00,22/04/2025 5:00:00 SA,2.9,364883.3,1.7,1.5
11439,06:00:00,22/04/2025 6:00:00 SA,3.1,364888.2,4.9,4.6
11440,07:00:00,22/04/2025 7:00:00 SA,3.3,364899.2,11.0,11.4
11441,08:00:00,22/04/2025 8:00:00 SA,3.3,364910.3,11.1,11.2
11442,09:00:00,22/04/2025 9:00:00 SA,3.3,364919.8,9.5,8.7
11443,10:00:00,22/04/2025 10:00:00 SA,3.3,364928.1,8.3,7.3
11444,11:00:00,22/04/2025 11:00:00 SA,3.3,364934.8,6.7,6.0
11445,12:00:00,22/04/2025 12:00:00 CH,3.3,364942.9,8.1,7.7
11446,13:00:00,22/04/2025 1:00:00 CH,2.7,364949.4,6.5,6.5
11447,14:00:00,22/04/2025 2:00:00 CH,2.8,364956.6,7.2,7.1
11448,15:00:00,22/04/2025 3:00:00 CH,2.7,364963.5,6.9,6.7
11449,16:00:00,22/04/2025 4:00:00 CH,2.9,364969.2,5.7,5.4
11450,17:00:00,22/04/2025 5:00:00 CH,3.4,364976.2,7.0,7.4
11451,18:00:00,22/04/2025 6:00:00 CH,3.1,364988.4,12.2,11.7
11452,19:00:00,22/04/2025 7:00:00 CH,3.1,365005.0,16.6,16.1
11453,20:00:00,22/04/2025 8:00:00 CH,3.3,365019.5,14.5,14.4
11454,21:00:00,22/04/2025 9:00:00 CH,3.3,365033.3,13.8,13.2
11455,22:00:00,22/04/2025 10:00:00 CH,3.4,365044.4,11.1,11.2
11456,23:00:00,22/04/2025 11:00:00 CH,3.3,365053.4,9.0,8.9
11457,00:00:00,23/04/2025 12:00:00 SA,3.1,365059.2,5.8,5.8
11458,01:00:00,23/04/2025 1:00:00 SA,3.0,365062.6,3.4,3.3
11459,02:00:00,23/04/2025 2:00:00 SA,3.0,365066.3,3.7,3.7
11460,03:00:00,23/04/2025 3:00:00 SA,3.0,365068.0,1.7,1.7
11461,04:00:00,23/04/2025 4:00:00 SA,3.0,365070.4,2.4,2.0
11462,05:00:00,23/04/2025 5:00:00 SA,3.1,365072.7,2.3,1.9
11463,06:00:00,23/04/2025 6:00:00 SA,3.2,365080.3,7.6,7.4
11464,07:00:00,23/04/2025 7:00:00 SA,3.2,365092.3,12.0,12.1
11465,08:00:00,23/04/2025 8:00:00 SA,3.3,365103.8,11.5,11.5
11466,09:00:00,23/04/2025 9:00:00 SA,3.2,365113.3,9.5,9.1
11467,10:00:00,23/04/2025 10:00:00 SA,3.4,365123.2,9.9,8.4
11468,11:00:00,23/04/2025 11:00:00 SA,3.3,365133.2,10.0,10.1
11469,12:00:00,23/04/2025 12:00:00 CH,3.3,365142.0,8.8,9.2
11470,13:00:00,23/04/2025 1:00:00 CH,2.8,365149.3,7.3,7.3
11471,14:00:00,23/04/2025 2:00:00 CH,2.8,365154.0,4.7,5.0
11472,15:00:00,23/04/2025 3:00:00 CH,2.7,365157.8,3.8,3.7
11473,16:00:00,23/04/2025 4:00:00 CH,2.9,365164.1,6.3,6.7
11474,17:00:00,23/04/2025 5:00:00 CH,3.4,365171.6,7.5,7.1
11475,18:00:00,23/04/2025 6:00:00 CH,3.3,365182.7,11.1,10.7
11476,19:00:00,23/04/2025 7:00:00 CH,3.2,365201.3,18.6,18.5
11477,20:00:00,23/04/2025 8:00:00 CH,2.9,365214.8,13.5,13.2
11478,21:00:00,23/04/2025 9:00:00 CH,3.3,365228.2,13.4,13.4
11479,22:00:00,23/04/2025 10:00:00 CH,3.3,365237.8,9.6,10.2
11480,23:00:00,23/04/2025 11:00:00 CH,3.1,365249.2,11.4,11.3
11481,00:00:00,24/04/2025 12:00:00 SA,3.0,365253.0,3.8,3.7
11482,01:00:00,24/04/2025 1:00:00 SA,3.0,365256.5,3.5,3.3
11483,02:00:00,24/04/2025 2:00:00 SA,3.0,365258.9,2.4,2.4
11484,03:00:00,24/04/2025 3:00:00 SA,3.0,365261.2,2.3,2.4
11485,04:00:00,24/04/2025 4:00:00 SA,3.0,365262.9,1.7,1.6
11486,05:00:00,24/04/2025 5:00:00 SA,2.9,365265.3,2.4,2.2
11487,06:00:00,24/04/2025 6:00:00 SA,3.1,365272.9,7.6,8.0
11488,07:00:00,24/04/2025 7:00:00 SA,3.4,365284.2,11.3,10.6
11489,08:00:00,24/04/2025 8:00:00 SA,3.3,365292.9,8.7,8.8
11490,09:00:00,24/04/2025 9:00:00 SA,0.0,365299.6,6.7,6.2
11491,10:00:00,24/04/2025 10:00:00 SA,3.3,365308.5,8.9,7.6
11492,11:00:00,24/04/2025 11:00:00 SA,3.4,365316.5,8.0,8.5
11493,12:00:00,24/04/2025 12:00:00 CH,2.8,365324.7,8.2,8.7
11494,13:00:00,24/04/2025 1:00:00 CH,2.9,365331.5,6.8,6.9
11495,14:00:00,24/04/2025 2:00:00 CH,2.8,365337.3,5.8,5.7
11496,15:00:00,24/04/2025 3:00:00 CH,2.7,365342.3,5.0,4.7
11497,16:00:00,24/04/2025 4:00:00 CH,2.7,365348.7,6.4,6.1
11498,17:00:00,24/04/2025 5:00:00 CH,3.5,365357.7,9.0,8.4
11499,18:00:00,24/04/2025 6:00:00 CH,0.0,0.0,-365357.7,8.3
11500,19:00:00,24/04/2025 7:00:00 CH,3.3,365385.9,365385.9,8.7
11501,20:00:00,24/04/2025 8:00:00 CH,3.5,365400.2,14.3,12.6
11502,21:00:00,24/04/2025 9:00:00 CH,0.0,0.0,-365400.2,9.1
11503,22:00:00,24/04/2025 10:00:00 CH,3.1,365422.0,365422.0,8.2
11504,23:00:00,24/04/2025 11:00:00 CH,3.2,365432.6,10.6,9.4
11505,00:00:00,25/04/2025 12:00:00 SA,0.9,365436.1,3.5,2.0
11506,01:00:00,25/04/2025 1:00:00 SA,2.8,365441.7,5.6,4.7
11507,02:00:00,25/04/2025 2:00:00 SA,2.7,365443.5,1.8,1.8
11508,03:00:00,25/04/2025 3:00:00 SA,2.7,365446.6,3.1,3.4
11509,04:00:00,25/04/2025 4:00:00 SA,2.6,365447.8,1.2,1.1
11510,05:00:00,25/04/2025 5:00:00 SA,2.6,365449.4,1.6,1.7
11511,06:00:00,25/04/2025 6:00:00 SA,2.7,365454.6,5.2,4.5
11512,07:00:00,25/04/2025 7:00:00 SA,3.1,365464.5,9.9,10.5
11513,08:00:00,25/04/2025 8:00:00 SA,3.4,365473.1,8.6,6.2
11514,09:00:00,25/04/2025 9:00:00 SA,3.2,365483.0,9.9,10.2
11515,10:00:00,25/04/2025 10:00:00 SA,3.1,365495.4,12.4,9.3
11516,11:00:00,25/04/2025 11:00:00 SA,3.1,365506.5,11.1,10.3
11517,12:00:00,25/04/2025 12:00:00 CH,3.1,365515.8,9.3,9.1
11518,13:00:00,25/04/2025 1:00:00 CH,2.5,365523.4,7.6,7.5
11519,14:00:00,25/04/2025 2:00:00 CH,1.0,365528.6,5.2,5.5
11520,15:00:00,25/04/2025 3:00:00 CH,2.7,365532.6,4.0,3.7
11521,16:00:00,25/04/2025 4:00:00 CH,2.9,365540.2,7.6,7.5
11522,17:00:00,25/04/2025 5:00:00 CH,3.5,365549.2,9.0,8.0
11523,18:00:00,25/04/2025 6:00:00 CH,3.2,365560.9,11.7,11.2
11524,19:00:00,25/04/2025 7:00:00 CH,3.1,365575.3,14.4,13.4
11525,20:00:00,25/04/2025 8:00:00 CH,3.1,365589.8,14.5,14.7
11526,21:00:00,25/04/2025 9:00:00 CH,3.4,365602.4,12.6,12.8
11527,22:00:00,25/04/2025 10:00:00 CH,3.4,365613.2,10.8,10.9
11528,23:00:00,25/04/2025 11:00:00 CH,3.1,365622.1,8.9,8.9
11529,00:00:00,26/04/2025 12:00:00 SA,3.1,365625.8,3.7,3.7
11530,01:00:00,26/04/2025 1:00:00 SA,3.0,365630.1,4.3,4.0
11531,02:00:00,26/04/2025 2:00:00 SA,3.1,365631.9,1.8,1.5
11532,03:00:00,26/04/2025 3:00:00 SA,3.1,365634.6,2.7,2.6
11533,04:00:00,26/04/2025 4:00:00 SA,3.1,365636.4,1.8,1.7
11534,05:00:00,26/04/2025 5:00:00 SA,3.2,365639.6,3.2,3.3
11535,06:00:00,26/04/2025 6:00:00 SA,3.6,365644.7,5.1,4.9
11536,07:00:00,26/04/2025 7:00:00 SA,3.3,365657.4,12.7,11.4
11537,08:00:00,26/04/2025 8:00:00 SA,3.5,365667.8,10.4,11.7
11538,09:00:00,26/04/2025 9:00:00 SA,3.4,365674.0,6.2,4.4
11539,10:00:00,26/04/2025 10:00:00 SA,3.4,365674.0,0.0,10.6
11540,11:00:00,26/04/2025 11:00:00 SA,3.4,365674.0,0.0,10.6
11541,12:00:00,26/04/2025 12:00:00 CH,3.4,365674.0,0.0,10.6
11542,13:00:00,26/04/2025 1:00:00 CH,2.8,365706.7,32.7,8.0
11543,14:00:00,26/04/2025 2:00:00 CH,2.8,365711.6,4.9,4.4
11544,15:00:00,26/04/2025 3:00:00 CH,2.8,365717.3,5.7,5.5
11545,16:00:00,26/04/2025 4:00:00 CH,3.2,365725.3,8.0,7.8
11546,17:00:00,26/04/2025 5:00:00 CH,3.3,365735.3,10.0,10.4
11547,18:00:00,26/04/2025 6:00:00 CH,3.2,365746.7,11.4,10.6
11548,19:00:00,26/04/2025 7:00:00 CH,3.2,365761.3,14.6,13.8
11549,20:00:00,26/04/2025 8:00:00 CH,3.4,365775.2,13.9,13.2
11550,21:00:00,26/04/2025 9:00:00 CH,3.5,365786.6,11.4,10.6
11551,22:00:00,26/04/2025 10:00:00 CH,3.3,365796.6,10.0,10.2
11552,23:00:00,26/04/2025 11:00:00 CH,3.2,365804.9,8.3,8.7
11553,00:00:00,27/04/2025 12:00:00 SA,3.1,365809.1,4.2,4.0
11554,01:00:00,27/04/2025 1:00:00 SA,3.0,365812.9,3.8,4.0
11555,02:00:00,27/04/2025 2:00:00 SA,3.1,365815.0,2.1,1.9
11556,03:00:00,27/04/2025 3:00:00 SA,3.1,365817.4,2.4,2.7
11557,04:00:00,27/04/2025 4:00:00 SA,3.1,365820.4,3.0,2.9
11558,05:00:00,27/04/2025 5:00:00 SA,3.3,365822.9,2.5,2.5
11559,06:00:00,27/04/2025 6:00:00 SA,3.7,365829.3,6.4,6.1
11560,07:00:00,27/04/2025 7:00:00 SA,3.5,365837.6,8.3,7.6
11561,08:00:00,27/04/2025 8:00:00 SA,3.4,365848.5,10.9,11.4
11562,09:00:00,27/04/2025 9:00:00 SA,3.4,365860.0,11.5,11.9
11563,10:00:00,27/04/2025 10:00:00 SA,3.4,365869.6,9.6,6.2
11564,11:00:00,27/04/2025 11:00:00 SA,3.4,365881.9,12.3,12.5
11565,12:00:00,27/04/2025 12:00:00 CH,3.3,365893.0,11.1,11.3
11566,13:00:00,27/04/2025 1:00:00 CH,2.8,365900.5,7.5,7.6
11567,14:00:00,27/04/2025 2:00:00 CH,2.8,365907.1,6.6,6.7
11568,15:00:00,27/04/2025 3:00:00 CH,2.8,365913.2,6.1,6.1
11569,16:00:00,27/04/2025 4:00:00 CH,2.9,365921.6,8.4,7.8
11570,17:00:00,27/04/2025 5:00:00 CH,3.1,365934.7,13.1,13.5
11571,18:00:00,27/04/2025 6:00:00 CH,3.2,365948.2,13.5,13.4
11572,19:00:00,27/04/2025 7:00:00 CH,3.3,365963.7,15.5,15.3
11573,20:00:00,27/04/2025 8:00:00 CH,3.3,365977.7,14.0,14.4
11574,21:00:00,27/04/2025 9:00:00 CH,3.3,365990.3,12.6,13.3
11575,22:00:00,27/04/2025 10:00:00 CH,3.3,366001.7,11.4,11.1
11576,23:00:00,27/04/2025 11:00:00 CH,3.1,366011.3,9.6,9.7
11577,00:00:00,28/04/2025 12:00:00 SA,3.3,366016.7,5.4,4.9
11578,01:00:00,28/04/2025 1:00:00 SA,3.1,366018.7,2.0,2.1
11579,02:00:00,28/04/2025 2:00:00 SA,3.1,366022.2,3.5,3.6
11580,03:00:00,28/04/2025 3:00:00 SA,3.0,366023.6,1.4,1.2
11581,04:00:00,28/04/2025 4:00:00 SA,3.0,366026.4,2.8,2.4
11582,05:00:00,28/04/2025 5:00:00 SA,3.1,366028.4,2.0,1.9
11583,06:00:00,28/04/2025 6:00:00 SA,3.2,366033.9,5.5,5.4
11584,07:00:00,28/04/2025 7:00:00 SA,3.4,366045.0,11.1,11.5
11585,08:00:00,28/04/2025 8:00:00 SA,3.3,366055.4,10.4,10.4
11586,09:00:00,28/04/2025 9:00:00 SA,0.0,0.0,-366055.4,7.3
11587,10:00:00,28/04/2025 10:00:00 SA,3.4,366069.9,366069.9,4.8
11588,11:00:00,28/04/2025 11:00:00 SA,3.3,366075.6,5.7,5.8
11589,12:00:00,28/04/2025 12:00:00 CH,2.1,366077.1,1.5,5.0
11590,13:00:00,28/04/2025 1:00:00 CH,2.9,366085.2,8.1,7.9
11591,14:00:00,28/04/2025 2:00:00 CH,2.9,366090.2,5.0,5.0
11592,15:00:00,28/04/2025 3:00:00 CH,2.9,366094.4,4.2,4.1
11593,16:00:00,28/04/2025 4:00:00 CH,2.8,366099.5,5.1,4.7
11594,17:00:00,28/04/2025 5:00:00 CH,3.4,366106.7,7.2,7.5
11595,18:00:00,28/04/2025 6:00:00 CH,3.0,366118.5,11.8,11.4
11596,19:00:00,28/04/2025 7:00:00 CH,3.2,366132.6,14.1,14.6
11597,20:00:00,28/04/2025 8:00:00 CH,3.2,366144.9,12.3,12.4
11598,21:00:00,28/04/2025 9:00:00 CH,3.3,366157.5,12.6,12.8
11599,22:00:00,28/04/2025 10:00:00 CH,2.7,366167.5,10.0,10.2
11600,23:00:00,28/04/2025 11:00:00 CH,3.1,366175.9,8.4,8.5
11601,00:00:00,29/04/2025 12:00:00 SA,3.0,366181.1,5.2,4.0
11602,01:00:00,29/04/2025 1:00:00 SA,3.0,366184.8,3.7,3.4
11603,02:00:00,29/04/2025 2:00:00 SA,3.1,366186.5,1.7,1.9
11604,03:00:00,29/04/2025 3:00:00 SA,3.1,366189.6,3.1,2.9
11605,04:00:00,29/04/2025 4:00:00 SA,3.1,366191.4,1.8,1.5
11606,05:00:00,29/04/2025 5:00:00 SA,3.3,366193.8,2.4,2.2
11607,06:00:00,29/04/2025 6:00:00 SA,3.4,366199.6,5.8,5.3
11608,07:00:00,29/04/2025 7:00:00 SA,3.5,366210.3,10.7,10.4
11609,08:00:00,29/04/2025 8:00:00 SA,3.6,366220.5,10.2,10.4
11610,09:00:00,29/04/2025 9:00:00 SA,3.3,366230.0,9.5,9.5
11611,10:00:00,29/04/2025 10:00:00 SA,3.2,366238.8,8.8,6.5
11612,11:00:00,29/04/2025 11:00:00 SA,3.3,366246.8,8.0,8.5
11613,12:00:00,29/04/2025 12:00:00 CH,3.2,366256.8,10.0,9.0
11614,13:00:00,29/04/2025 1:00:00 CH,2.9,366262.9,6.1,5.8
11615,14:00:00,29/04/2025 2:00:00 CH,2.9,366269.3,6.4,6.4
11616,15:00:00,29/04/2025 3:00:00 CH,2.9,366274.9,5.6,5.4
11617,16:00:00,29/04/2025 4:00:00 CH,3.0,366280.3,5.4,5.1
11618,17:00:00,29/04/2025 5:00:00 CH,3.3,366292.1,11.8,12.8
11619,18:00:00,29/04/2025 6:00:00 CH,3.3,366302.7,10.6,10.1
11620,19:00:00,29/04/2025 7:00:00 CH,3.3,366318.6,15.9,16.6
11621,20:00:00,29/04/2025 8:00:00 CH,3.2,366332.1,13.5,13.8
11622,21:00:00,29/04/2025 9:00:00 CH,3.4,366343.5,11.4,12.0
11623,22:00:00,29/04/2025 10:00:00 CH,3.2,366353.4,9.9,10.4
11624,23:00:00,29/04/2025 11:00:00 CH,3.0,366361.9,8.5,8.3
11625,00:00:00,30/04/2025 12:00:00 SA,3.1,366367.4,5.5,4.8
11626,01:00:00,30/04/2025 1:00:00 SA,3.0,366368.5,1.1,3.2
11627,02:00:00,30/04/2025 2:00:00 SA,3.0,366368.5,0.0,2.4
11628,03:00:00,30/04/2025 3:00:00 SA,3.0,366374.8,6.3,2.2
11629,04:00:00,30/04/2025 4:00:00 SA,3.0,366377.0,2.2,2.3
11630,05:00:00,30/04/2025 5:00:00 SA,3.1,366378.8,1.8,1.6
11631,06:00:00,30/04/2025 6:00:00 SA,3.5,366383.4,4.6,4.4
11632,07:00:00,30/04/2025 7:00:00 SA,3.3,366391.6,8.2,7.8
11633,08:00:00,30/04/2025 8:00:00 SA,3.3,366404.2,12.6,11.2
11634,09:00:00,30/04/2025 9:00:00 SA,3.5,366414.7,10.5,10.0
11635,10:00:00,30/04/2025 10:00:00 SA,3.4,366425.9,11.2,10.6
11636,11:00:00,30/04/2025 11:00:00 SA,3.4,366436.9,11.0,11.3
11637,12:00:00,30/04/2025 12:00:00 CH,3.1,366445.6,8.7,8.6
11638,13:00:00,30/04/2025 1:00:00 CH,2.8,366454.2,8.6,8.9
11639,14:00:00,30/04/2025 2:00:00 CH,2.9,366461.2,7.0,6.7
11640,15:00:00,30/04/2025 3:00:00 CH,2.9,366466.9,5.7,5.4
11641,16:00:00,30/04/2025 4:00:00 CH,3.2,366473.0,6.1,5.6
11642,17:00:00,30/04/2025 5:00:00 CH,3.5,366482.0,9.0,8.8
11643,18:00:00,30/04/2025 6:00:00 CH,3.1,366492.8,10.8,10.2
11644,19:00:00,30/04/2025 7:00:00 CH,3.2,366506.0,13.2,12.4
11645,20:00:00,30/04/2025 8:00:00 CH,3.5,366516.8,10.8,10.6
11646,21:00:00,30/04/2025 9:00:00 CH,3.3,366525.4,8.6,8.0
11647,22:00:00,30/04/2025 10:00:00 CH,3.4,366533.7,8.3,8.1
11648,23:00:00,30/04/2025 11:00:00 CH,3.1,366541.1,7.4,7.1
11649,00:00:00,01/05/2025 12:00:00 SA,3.0,366548.0,6.9,6.8
11650,01:00:00,01/05/2025 1:00:00 SA,3.0,366550.5,2.5,3.1
11651,02:00:00,01/05/2025 2:00:00 SA,3.0,366553.9,3.4,3.4
11652,03:00:00,01/05/2025 3:00:00 SA,3.0,366556.7,2.8,2.5
11653,04:00:00,01/05/2025 4:00:00 SA,3.1,366558.4,1.7,1.6
11654,05:00:00,01/05/2025 5:00:00 SA,3.0,366560.3,1.9,1.8
11655,06:00:00,01/05/2025 6:00:00 SA,3.3,366565.8,5.5,5.5
11656,07:00:00,01/05/2025 7:00:00 SA,3.3,366573.5,7.7,7.4
11657,09:00:00,01/05/2025 9:00:00 SA,3.3,366592.6,19.1,0.0
11658,10:00:00,01/05/2025 10:00:00 SA,0.0,0.0,-366592.6,8.3
11659,11:00:00,01/05/2025 11:00:00 SA,3.3,366614.4,366614.4,9.0
11660,12:00:00,01/05/2025 12:00:00 CH,3.3,366623.8,9.4,9.8
11661,13:00:00,01/05/2025 1:00:00 CH,3.2,366630.3,6.5,6.6
11662,14:00:00,01/05/2025 2:00:00 CH,3.2,366636.1,5.8,5.5
11663,15:00:00,01/05/2025 3:00:00 CH,3.2,366643.4,7.3,6.4
11664,16:00:00,01/05/2025 4:00:00 CH,3.3,366651.4,8.0,8.4
11665,17:00:00,01/05/2025 5:00:00 CH,3.5,366659.4,8.0,7.3
11666,18:00:00,01/05/2025 6:00:00 CH,3.1,366669.9,10.5,10.2
11667,19:00:00,01/05/2025 7:00:00 CH,3.1,366684.5,14.6,14.4
11668,20:00:00,01/05/2025 8:00:00 CH,3.4,366696.6,12.1,12.4
11669,21:00:00,01/05/2025 9:00:00 CH,3.6,366707.2,10.6,10.8
11670,22:00:00,01/05/2025 10:00:00 CH,3.4,366717.1,9.9,10.8
11671,23:00:00,01/05/2025 11:00:00 CH,3.1,366725.0,7.9,8.0
11672,00:00:00,02/05/2025 12:00:00 SA,3.0,366730.3,5.3,5.0
11673,01:00:00,02/05/2025 1:00:00 SA,3.0,366733.6,3.3,3.1
11674,02:00:00,02/05/2025 2:00:00 SA,3.0,366736.9,3.3,3.3
11675,03:00:00,02/05/2025 3:00:00 SA,3.0,366738.6,1.7,1.6
11676,04:00:00,02/05/2025 4:00:00 SA,3.0,366740.6,2.0,1.9
11677,05:00:00,02/05/2025 5:00:00 SA,2.9,366742.9,2.3,2.2
11678,06:00:00,02/05/2025 6:00:00 SA,3.2,366747.9,5.0,5.2
11679,07:00:00,02/05/2025 7:00:00 SA,3.2,366756.4,8.5,8.1
11680,08:00:00,02/05/2025 8:00:00 SA,3.4,366768.2,11.8,11.7
11681,09:00:00,02/05/2025 9:00:00 SA,3.4,366778.1,9.9,10.1
11682,10:00:00,02/05/2025 10:00:00 SA,3.4,366789.8,11.7,11.2
11683,11:00:00,02/05/2025 11:00:00 SA,3.3,366800.1,10.3,10.8
11684,12:00:00,02/05/2025 12:00:00 CH,3.4,366810.2,10.1,10.0
11685,13:00:00,02/05/2025 1:00:00 CH,3.1,366817.5,7.3,7.7
11686,14:00:00,02/05/2025 2:00:00 CH,3.2,366823.8,6.3,5.3
11687,15:00:00,02/05/2025 3:00:00 CH,3.2,366832.3,8.5,8.2
11688,16:00:00,02/05/2025 4:00:00 CH,3.5,366844.4,12.1,12.0
11689,17:00:00,02/05/2025 5:00:00 CH,3.4,366855.8,11.4,11.3
11690,18:00:00,02/05/2025 6:00:00 CH,3.5,366868.9,13.1,9.7
11691,19:00:00,02/05/2025 7:00:00 CH,3.3,366886.0,17.1,17.1
11692,20:00:00,02/05/2025 8:00:00 CH,3.2,366900.8,14.8,15.4
11693,21:00:00,02/05/2025 9:00:00 CH,3.4,366913.0,12.2,11.9
11694,22:00:00,02/05/2025 10:00:00 CH,3.2,366923.9,10.9,10.8
11695,23:00:00,02/05/2025 11:00:00 CH,3.1,366934.1,10.2,10.0
11696,00:00:00,03/05/2025 12:00:00 SA,2.9,366939.3,5.2,5.1
11697,01:00:00,03/05/2025 1:00:00 SA,3.0,366944.8,5.5,5.4
11698,02:00:00,03/05/2025 2:00:00 SA,3.0,366948.2,3.4,3.4
11699,03:00:00,03/05/2025 3:00:00 SA,3.0,366952.1,3.9,3.8
11700,04:00:00,03/05/2025 4:00:00 SA,3.0,366956.7,4.6,4.8
11701,05:00:00,03/05/2025 5:00:00 SA,3.1,366960.1,3.4,3.2
11702,06:00:00,03/05/2025 6:00:00 SA,3.1,366967.1,7.0,7.3
11703,07:00:00,03/05/2025 7:00:00 SA,3.3,366979.2,12.1,11.6
11704,08:00:00,03/05/2025 8:00:00 SA,3.3,366991.9,12.7,12.8
11705,09:00:00,03/05/2025 9:00:00 SA,3.4,367006.9,15.0,15.0
11706,10:00:00,03/05/2025 10:00:00 SA,3.2,367016.6,9.7,9.2
11707,11:00:00,03/05/2025 11:00:00 SA,3.3,367027.5,10.9,10.6
11708,12:00:00,03/05/2025 12:00:00 CH,3.4,367037.7,10.2,7.8
11709,13:00:00,03/05/2025 1:00:00 CH,2.8,367045.8,8.1,8.1
11710,14:00:00,03/05/2025 2:00:00 CH,2.9,367053.4,7.6,7.4
11711,15:00:00,03/05/2025 3:00:00 CH,2.8,367062.0,8.6,8.6
11712,16:00:00,03/05/2025 4:00:00 CH,3.0,367071.5,9.5,8.6
11713,17:00:00,03/05/2025 5:00:00 CH,3.3,367082.4,10.9,10.3
11714,18:00:00,03/05/2025 6:00:00 CH,2.8,367094.0,11.6,11.4
11715,19:00:00,03/05/2025 7:00:00 CH,3.1,367109.1,15.1,15.4
11716,20:00:00,03/05/2025 8:00:00 CH,3.1,367121.0,11.9,10.9
11717,21:00:00,03/05/2025 9:00:00 CH,3.4,367131.7,10.7,10.6
11718,22:00:00,03/05/2025 10:00:00 CH,3.4,367141.2,9.5,10.2
11719,23:00:00,03/05/2025 11:00:00 CH,3.2,367150.8,9.6,9.3
11720,00:00:00,04/05/2025 12:00:00 SA,3.0,367154.5,3.7,3.8
11721,01:00:00,04/05/2025 1:00:00 SA,3.1,367157.8,3.3,3.4
11722,02:00:00,04/05/2025 2:00:00 SA,3.1,367160.7,2.9,2.8
11723,03:00:00,04/05/2025 3:00:00 SA,3.1,367162.6,1.9,1.8
11724,04:00:00,04/05/2025 4:00:00 SA,3.1,367164.8,2.2,2.3
11725,05:00:00,04/05/2025 5:00:00 SA,3.2,367166.6,1.8,1.8
11726,06:00:00,04/05/2025 6:00:00 SA,3.6,367172.1,5.5,5.2
11727,07:00:00,04/05/2025 7:00:00 SA,3.4,367182.0,9.9,9.3
11728,08:00:00,04/05/2025 8:00:00 SA,3.3,367193.8,11.8,11.4
11729,09:00:00,04/05/2025 9:00:00 SA,0.0,0.0,-367193.8,13.5
11730,10:00:00,04/05/2025 10:00:00 SA,3.4,367218.3,367218.3,7.2
11731,11:00:00,04/05/2025 11:00:00 SA,3.4,367231.7,13.4,13.4
11732,12:00:00,04/05/2025 12:00:00 CH,3.1,367243.0,11.3,11.8
11733,13:00:00,04/05/2025 1:00:00 CH,3.0,367251.3,8.3,8.1
11734,14:00:00,04/05/2025 2:00:00 CH,3.0,367257.6,6.3,6.8
11735,15:00:00,04/05/2025 3:00:00 CH,3.0,367264.8,7.2,7.0
11736,16:00:00,04/05/2025 4:00:00 CH,3.2,367273.3,8.5,8.1
11737,17:00:00,04/05/2025 5:00:00 CH,3.0,367286.0,12.7,12.1
11738,18:00:00,04/05/2025 6:00:00 CH,0.0,0.0,-367286.0,12.7
11739,19:00:00,04/05/2025 7:00:00 CH,3.3,367314.4,367314.4,12.3
11740,20:00:00,04/05/2025 8:00:00 CH,3.2,367328.4,14.0,13.3
11741,21:00:00,04/05/2025 9:00:00 CH,3.4,367340.8,12.4,11.0
11742,22:00:00,04/05/2025 10:00:00 CH,3.5,367351.0,10.2,10.3
11743,23:00:00,04/05/2025 11:00:00 CH,3.1,367359.4,8.4,8.5
11744,00:00:00,05/05/2025 12:00:00 SA,3.1,367363.4,4.0,3.8
11745,01:00:00,05/05/2025 1:00:00 SA,3.1,367367.2,3.8,4.1
11746,02:00:00,05/05/2025 2:00:00 SA,3.1,367368.6,1.4,1.5
11747,03:00:00,05/05/2025 3:00:00 SA,3.1,367370.5,1.9,1.9
11748,04:00:00,05/05/2025 4:00:00 SA,3.0,367374.2,3.7,3.9
11749,05:00:00,05/05/2025 5:00:00 SA,3.1,367376.3,2.1,1.9
11750,06:00:00,05/05/2025 6:00:00 SA,3.3,367385.8,9.5,8.4
11751,07:00:00,05/05/2025 7:00:00 SA,3.3,367397.9,12.1,12.6
11752,08:00:00,05/05/2025 8:00:00 SA,3.5,367408.4,10.5,10.4
11753,09:00:00,05/05/2025 9:00:00 SA,3.5,367418.3,9.9,10.2
11754,10:00:00,05/05/2025 10:00:00 SA,3.5,367427.5,9.2,9.3
11755,11:00:00,05/05/2025 11:00:00 SA,3.4,367435.6,8.1,7.6
11756,12:00:00,05/05/2025 12:00:00 CH,3.3,367445.1,9.5,8.8
11757,13:00:00,05/05/2025 1:00:00 CH,3.1,367452.4,7.3,7.2
11758,14:00:00,05/05/2025 2:00:00 CH,3.0,367459.8,7.4,7.2
11759,15:00:00,05/05/2025 3:00:00 CH,2.9,367468.8,9.0,8.8
11760,16:00:00,05/05/2025 4:00:00 CH,3.0,367476.8,8.0,6.4
11761,17:00:00,05/05/2025 5:00:00 CH,3.2,367486.4,9.6,8.8
11762,18:00:00,05/05/2025 6:00:00 CH,3.1,367498.0,11.6,11.3
11763,19:00:00,05/05/2025 7:00:00 CH,3.1,367513.5,15.5,15.2
11764,20:00:00,05/05/2025 8:00:00 CH,2.9,367530.0,16.5,16.9
11765,21:00:00,05/05/2025 9:00:00 CH,3.1,367544.3,14.3,14.2
11766,22:00:00,05/05/2025 10:00:00 CH,3.0,367557.9,13.6,13.8
11767,23:00:00,05/05/2025 11:00:00 CH,3.0,367565.9,8.0,8.5
11768,00:00:00,06/05/2025 12:00:00 SA,3.0,367572.0,6.1,6.5
11769,01:00:00,06/05/2025 1:00:00 SA,3.0,367574.1,2.1,2.1
11770,02:00:00,06/05/2025 2:00:00 SA,3.0,367577.2,3.1,3.2
11771,03:00:00,06/05/2025 3:00:00 SA,3.0,367579.1,1.9,1.9
11772,04:00:00,06/05/2025 4:00:00 SA,3.1,367581.3,2.2,2.4
11773,05:00:00,06/05/2025 5:00:00 SA,3.1,367584.0,2.7,2.5
11774,06:00:00,06/05/2025 6:00:00 SA,3.2,367591.8,7.8,6.8
11775,07:00:00,06/05/2025 7:00:00 SA,3.2,367607.2,15.4,15.0
11776,08:00:00,06/05/2025 8:00:00 SA,3.4,367621.1,13.9,14.3
11777,09:00:00,06/05/2025 9:00:00 SA,3.4,367630.8,9.7,9.2
11778,10:00:00,06/05/2025 10:00:00 SA,3.3,367639.5,8.7,8.2
11779,11:00:00,06/05/2025 11:00:00 SA,3.3,367648.3,8.8,8.8
11780,12:00:00,06/05/2025 12:00:00 CH,3.2,367655.7,7.4,7.8
11781,13:00:00,06/05/2025 1:00:00 CH,2.9,367662.1,6.4,2.9
11782,14:00:00,06/05/2025 2:00:00 CH,3.0,367667.2,5.1,1.6
11783,15:00:00,06/05/2025 3:00:00 CH,2.9,367674.4,7.2,5.5
11784,16:00:00,06/05/2025 4:00:00 CH,3.1,367681.5,7.1,5.7
11785,17:00:00,06/05/2025 5:00:00 CH,0.0,0.0,-367681.5,6.7
11786,18:00:00,06/05/2025 6:00:00 CH,3.3,367703.7,367703.7,5.7
11787,19:00:00,06/05/2025 7:00:00 CH,3.2,367721.9,18.2,18.3
11788,20:00:00,06/05/2025 8:00:00 CH,3.3,367737.4,15.5,15.9
11789,21:00:00,06/05/2025 9:00:00 CH,3.2,367750.3,12.9,12.0
11790,22:00:00,06/05/2025 10:00:00 CH,3.1,367760.5,10.2,10.1
11791,23:00:00,06/05/2025 11:00:00 CH,3.1,367770.2,9.7,10.0
11792,00:00:00,07/05/2025 12:00:00 SA,3.0,367774.0,3.8,4.1
11793,01:00:00,07/05/2025 1:00:00 SA,3.0,367778.2,4.2,4.3
11794,02:00:00,07/05/2025 2:00:00 SA,3.1,367779.6,1.4,1.3
11795,03:00:00,07/05/2025 3:00:00 SA,3.1,367782.9,3.3,3.4
11796,04:00:00,07/05/2025 4:00:00 SA,3.1,367784.1,1.2,1.1
11797,05:00:00,07/05/2025 5:00:00 SA,3.0,367787.0,2.9,2.5
11798,06:00:00,07/05/2025 6:00:00 SA,3.2,367794.2,7.2,5.5
11799,07:00:00,07/05/2025 7:00:00 SA,3.4,367807.6,13.4,14.6
11800,08:00:00,07/05/2025 8:00:00 SA,0.0,0.0,-367807.6,2.4
11801,09:00:00,07/05/2025 9:00:00 SA,3.5,367826.3,367826.3,0.5
11802,10:00:00,07/05/2025 10:00:00 SA,3.4,367832.5,6.2,5.6
11803,11:00:00,07/05/2025 11:00:00 SA,3.5,367841.3,8.8,8.2
11804,12:00:00,07/05/2025 12:00:00 CH,2.8,367849.7,8.4,8.7
11805,13:00:00,07/05/2025 1:00:00 CH,2.9,367855.6,5.9,5.3
11806,14:00:00,07/05/2025 2:00:00 CH,2.9,367860.7,5.1,4.9
11807,15:00:00,07/05/2025 3:00:00 CH,2.9,367868.4,7.7,8.0
11808,16:00:00,07/05/2025 4:00:00 CH,3.0,367876.1,7.7,7.3
11809,17:00:00,07/05/2025 5:00:00 CH,3.3,367884.9,8.8,9.4
11810,18:00:00,07/05/2025 6:00:00 CH,3.2,367897.3,12.4,11.4
11811,19:00:00,07/05/2025 7:00:00 CH,3.1,367915.5,18.2,17.9
11812,20:00:00,07/05/2025 8:00:00 CH,3.3,367929.9,14.4,14.6
11813,21:00:00,07/05/2025 9:00:00 CH,3.2,367943.0,13.1,14.0
11814,22:00:00,07/05/2025 10:00:00 CH,3.4,367957.9,14.9,14.6
11815,23:00:00,07/05/2025 11:00:00 CH,3.2,367967.0,9.1,9.5
11816,00:00:00,08/05/2025 12:00:00 SA,3.0,367971.4,4.4,4.1
11817,01:00:00,08/05/2025 1:00:00 SA,2.9,367975.4,4.0,4.2
11818,02:00:00,08/05/2025 2:00:00 SA,3.0,367977.1,1.7,1.7
11819,03:00:00,08/05/2025 3:00:00 SA,3.0,367980.1,3.0,2.8
11820,04:00:00,08/05/2025 4:00:00 SA,2.9,367981.6,1.5,1.5
11821,05:00:00,08/05/2025 5:00:00 SA,3.1,367984.8,3.2,3.1
11822,06:00:00,08/05/2025 6:00:00 SA,3.4,367992.3,7.5,7.5
11823,07:00:00,08/05/2025 7:00:00 SA,3.3,368005.5,13.2,13.3
11824,08:00:00,08/05/2025 8:00:00 SA,3.4,368016.7,11.2,11.7
11825,09:00:00,08/05/2025 9:00:00 SA,3.4,368025.7,9.0,8.0
11826,10:00:00,08/05/2025 10:00:00 SA,3.4,368033.0,7.3,7.2
11827,11:00:00,08/05/2025 11:00:00 SA,3.4,368043.2,10.2,10.4
11828,12:00:00,08/05/2025 12:00:00 CH,3.4,368054.8,11.6,11.5
11829,13:00:00,08/05/2025 1:00:00 CH,3.0,368061.8,7.0,6.3
11830,14:00:00,08/05/2025 2:00:00 CH,2.9,368066.2,4.4,4.5
11831,15:00:00,08/05/2025 3:00:00 CH,2.9,368072.5,6.3,6.3
11832,16:00:00,08/05/2025 4:00:00 CH,3.1,368077.8,5.3,5.2
11833,17:00:00,08/05/2025 5:00:00 CH,3.1,368088.3,10.5,10.1
11834,18:00:00,08/05/2025 6:00:00 CH,3.1,368102.5,14.2,12.7
11835,19:00:00,08/05/2025 7:00:00 CH,3.0,368121.6,19.1,17.9
11836,20:00:00,08/05/2025 8:00:00 CH,3.3,368137.9,16.3,16.9
11837,21:00:00,08/05/2025 9:00:00 CH,3.2,368150.9,13.0,13.7
11838,22:00:00,08/05/2025 10:00:00 CH,3.2,368161.4,10.5,10.2
11839,23:00:00,08/05/2025 11:00:00 CH,3.2,368171.3,9.9,10.2
11840,00:00:00,09/05/2025 12:00:00 SA,3.0,368176.5,5.2,5.2
11841,01:00:00,09/05/2025 1:00:00 SA,3.1,368178.9,2.4,2.7
11842,02:00:00,09/05/2025 2:00:00 SA,3.1,368182.0,3.1,3.2
11843,03:00:00,09/05/2025 3:00:00 SA,3.0,368183.7,1.7,1.6
11844,04:00:00,09/05/2025 4:00:00 SA,3.1,368186.5,2.8,2.8
11845,05:00:00,09/05/2025 5:00:00 SA,3.1,368188.5,2.0,1.9
11846,06:00:00,09/05/2025 6:00:00 SA,3.2,368197.0,8.5,8.0
11847,07:00:00,09/05/2025 7:00:00 SA,3.4,368213.3,16.3,15.3
11848,08:00:00,09/05/2025 8:00:00 SA,3.3,368227.5,14.2,14.1
11849,09:00:00,09/05/2025 9:00:00 SA,3.4,368237.1,9.6,9.2
11850,10:00:00,09/05/2025 10:00:00 SA,3.4,368245.6,8.5,8.5
11851,11:00:00,09/05/2025 11:00:00 SA,3.3,368253.2,7.6,7.2
11852,12:00:00,09/05/2025 12:00:00 CH,3.3,368261.6,8.4,8.2
11853,13:00:00,09/05/2025 1:00:00 CH,2.9,368268.1,6.5,7.1
11854,14:00:00,09/05/2025 2:00:00 CH,3.0,368274.2,6.1,6.1
11855,15:00:00,09/05/2025 3:00:00 CH,3.0,368278.9,4.7,4.5
11856,16:00:00,09/05/2025 4:00:00 CH,3.0,368288.0,9.1,8.8
11857,17:00:00,09/05/2025 5:00:00 CH,3.4,368299.1,11.1,10.9
11858,18:00:00,09/05/2025 6:00:00 CH,3.4,368312.2,13.1,12.2
11859,19:00:00,09/05/2025 7:00:00 CH,3.4,368328.3,16.1,16.4
11860,20:00:00,09/05/2025 8:00:00 CH,3.2,368343.3,15.0,15.3
11861,21:00:00,09/05/2025 9:00:00 CH,3.3,368356.5,13.2,12.4
11862,22:00:00,09/05/2025 10:00:00 CH,3.2,368368.1,11.6,10.5
11863,23:00:00,09/05/2025 11:00:00 CH,3.2,368379.4,11.3,11.4
11864,00:00:00,10/05/2025 12:00:00 SA,3.0,368387.0,7.6,7.7
11865,01:00:00,10/05/2025 1:00:00 SA,3.0,368391.3,4.3,4.6
11866,02:00:00,10/05/2025 2:00:00 SA,2.9,368395.6,4.3,4.4
11867,03:00:00,10/05/2025 3:00:00 SA,2.9,368399.8,4.2,4.3
11868,04:00:00,10/05/2025 4:00:00 SA,2.8,368402.7,2.9,2.5
11869,05:00:00,10/05/2025 5:00:00 SA,2.9,368407.8,5.1,4.8
11870,06:00:00,10/05/2025 6:00:00 SA,3.1,368415.8,8.0,7.1
11871,07:00:00,10/05/2025 7:00:00 SA,3.3,368429.0,13.2,13.3
11872,08:00:00,10/05/2025 8:00:00 SA,3.3,368440.8,11.8,11.6
11873,09:00:00,10/05/2025 9:00:00 SA,3.4,368453.0,12.2,11.9
11874,10:00:00,10/05/2025 10:00:00 SA,3.3,368462.1,9.1,8.8
11875,11:00:00,10/05/2025 11:00:00 SA,3.5,368471.3,9.2,9.9
11876,12:00:00,10/05/2025 12:00:00 CH,3.0,368481.0,9.7,7.6
11877,13:00:00,10/05/2025 1:00:00 CH,3.1,368489.6,8.6,8.3
11878,14:00:00,10/05/2025 2:00:00 CH,3.0,368495.3,5.7,5.3
11879,15:00:00,10/05/2025 3:00:00 CH,3.0,368505.2,9.9,10.0
11880,16:00:00,10/05/2025 4:00:00 CH,3.4,368514.6,9.4,8.8
11881,17:00:00,10/05/2025 5:00:00 CH,3.3,368523.5,8.9,8.8
11882,18:00:00,10/05/2025 6:00:00 CH,3.5,368536.6,13.1,11.9
11883,19:00:00,10/05/2025 7:00:00 CH,3.3,368551.4,14.8,12.6
11884,20:00:00,10/05/2025 8:00:00 CH,3.3,368563.3,11.9,8.3
11885,21:00:00,10/05/2025 9:00:00 CH,3.4,368574.2,10.9,10.6
11886,22:00:00,10/05/2025 10:00:00 CH,3.3,368583.0,8.8,7.8
11887,23:00:00,10/05/2025 11:00:00 CH,3.0,368591.7,8.7,9.0
11888,00:00:00,11/05/2025 12:00:00 SA,2.9,368595.5,3.8,4.2
11889,01:00:00,11/05/2025 1:00:00 SA,3.0,368598.9,3.4,3.4
11890,02:00:00,11/05/2025 2:00:00 SA,3.0,368601.1,2.2,2.4
11891,03:00:00,11/05/2025 3:00:00 SA,3.0,368603.5,2.4,2.0
11892,04:00:00,11/05/2025 4:00:00 SA,2.9,368606.4,2.9,2.9
11893,05:00:00,11/05/2025 5:00:00 SA,2.9,368610.5,4.1,4.1
11894,06:00:00,11/05/2025 6:00:00 SA,3.2,368614.8,4.3,3.5
11895,07:00:00,11/05/2025 7:00:00 SA,3.4,368622.7,7.9,7.7
11896,08:00:00,11/05/2025 8:00:00 SA,3.5,368634.2,11.5,10.8
11897,09:00:00,11/05/2025 9:00:00 SA,3.2,368645.2,11.0,11.1
11898,10:00:00,11/05/2025 10:00:00 SA,3.0,368653.9,8.7,8.3
11899,11:00:00,11/05/2025 11:00:00 SA,3.0,368662.7,8.8,7.6
11900,12:00:00,11/05/2025 12:00:00 CH,3.0,368671.7,9.0,9.2
11901,13:00:00,11/05/2025 1:00:00 CH,2.5,368678.6,6.9,6.8
11902,14:00:00,11/05/2025 2:00:00 CH,2.5,368684.1,5.5,5.2
11903,15:00:00,11/05/2025 3:00:00 CH,2.4,368689.5,5.4,5.2
11904,16:00:00,11/05/2025 4:00:00 CH,2.7,368696.5,7.0,6.8
11905,17:00:00,11/05/2025 5:00:00 CH,3.4,368707.3,10.8,8.9
11906,18:00:00,11/05/2025 6:00:00 CH,3.4,368720.8,13.5,12.2
11907,19:00:00,11/05/2025 7:00:00 CH,3.2,368736.9,16.1,16.5
11908,20:00:00,11/05/2025 8:00:00 CH,3.1,368751.3,14.4,14.1
11909,21:00:00,11/05/2025 9:00:00 CH,3.2,368764.5,13.2,13.7
11910,22:00:00,11/05/2025 10:00:00 CH,2.9,368774.4,9.9,10.3
11911,23:00:00,11/05/2025 11:00:00 CH,3.0,368784.0,9.6,9.5
11912,00:00:00,12/05/2025 12:00:00 SA,3.0,368788.9,4.9,5.2
11913,01:00:00,12/05/2025 1:00:00 SA,3.0,368791.4,2.5,2.3
11914,02:00:00,12/05/2025 2:00:00 SA,3.0,368794.2,2.8,2.5
11915,03:00:00,12/05/2025 3:00:00 SA,3.1,368797.0,2.8,2.5
11916,04:00:00,12/05/2025 4:00:00 SA,3.0,368798.3,1.3,1.5
11917,05:00:00,12/05/2025 5:00:00 SA,3.0,368801.9,3.6,3.6
11918,06:00:00,12/05/2025 6:00:00 SA,3.2,368809.4,7.5,7.0
11919,07:00:00,12/05/2025 7:00:00 SA,3.4,368819.8,10.4,10.2
11920,08:00:00,12/05/2025 8:00:00 SA,3.4,368831.4,11.6,11.6
11921,09:00:00,12/05/2025 9:00:00 SA,3.3,368842.0,10.6,10.3
11922,10:00:00,12/05/2025 10:00:00 SA,3.3,368848.2,6.2,6.1
11923,11:00:00,12/05/2025 11:00:00 SA,3.3,368856.7,8.5,8.2
11924,12:00:00,12/05/2025 12:00:00 CH,3.3,368865.1,8.4,7.9
11925,13:00:00,12/05/2025 1:00:00 CH,3.0,368873.2,8.1,7.6
11926,14:00:00,12/05/2025 2:00:00 CH,3.0,368878.0,4.8,4.6
11927,15:00:00,12/05/2025 3:00:00 CH,3.0,368883.4,5.4,5.3
11928,16:00:00,12/05/2025 4:00:00 CH,3.1,368889.3,5.9,5.2
11929,17:00:00,12/05/2025 5:00:00 CH,3.3,368898.4,9.1,9.2
11930,18:00:00,12/05/2025 6:00:00 CH,3.3,368911.8,13.4,12.7
11931,19:00:00,12/05/2025 7:00:00 CH,3.1,368927.3,15.5,15.4
11932,20:00:00,12/05/2025 8:00:00 CH,3.0,368941.6,14.3,15.0
11933,21:00:00,12/05/2025 9:00:00 CH,3.2,368953.7,12.1,12.2
11934,00:00:00,13/05/2025 12:00:00 SA,2.9,368978.3,24.6,3.9
11935,01:00:00,13/05/2025 1:00:00 SA,3.0,368980.8,2.5,2.0
11936,02:00:00,13/05/2025 2:00:00 SA,3.0,368984.1,3.3,2.8
11937,03:00:00,13/05/2025 3:00:00 SA,3.1,368987.5,3.4,3.3
11938,04:00:00,13/05/2025 4:00:00 SA,3.0,368990.1,2.6,2.4
11939,05:00:00,13/05/2025 5:00:00 SA,3.2,368993.0,2.9,3.1
11940,06:00:00,13/05/2025 6:00:00 SA,3.3,369001.8,8.8,7.7
11941,07:00:00,13/05/2025 7:00:00 SA,3.3,369014.5,12.7,13.1
11942,11:00:00,13/05/2025 11:00:00 SA,3.2,369054.5,40.0,6.9
11943,12:00:00,13/05/2025 12:00:00 CH,3.2,369062.6,8.1,7.8
11944,13:00:00,13/05/2025 1:00:00 CH,3.0,369069.1,6.5,6.5
11945,14:00:00,13/05/2025 2:00:00 CH,2.9,369073.4,4.3,3.8
11946,15:00:00,13/05/2025 3:00:00 CH,2.9,369077.6,4.2,4.0
11947,16:00:00,13/05/2025 4:00:00 CH,3.0,369084.2,6.6,6.8
11948,17:00:00,13/05/2025 5:00:00 CH,3.3,369093.1,8.9,9.4
11949,18:00:00,13/05/2025 6:00:00 CH,3.2,369105.1,12.0,12.1
11950,19:00:00,13/05/2025 7:00:00 CH,3.2,369120.3,15.2,15.6
11951,20:00:00,13/05/2025 8:00:00 CH,3.1,369134.8,14.5,15.0
11952,21:00:00,13/05/2025 9:00:00 CH,3.3,369146.5,11.7,11.7
11953,22:00:00,13/05/2025 10:00:00 CH,3.1,369155.3,8.8,8.7
11954,23:00:00,13/05/2025 11:00:00 CH,3.0,369164.1,8.8,9.0
11955,00:00:00,14/05/2025 12:00:00 SA,2.9,369169.2,5.1,5.3
11956,01:00:00,14/05/2025 1:00:00 SA,2.9,369173.1,3.9,4.0
11957,02:00:00,14/05/2025 2:00:00 SA,3.1,369174.9,1.8,1.6
11958,03:00:00,14/05/2025 3:00:00 SA,3.0,369178.0,3.1,3.0
11959,04:00:00,14/05/2025 4:00:00 SA,3.0,369180.8,2.8,2.8
11960,05:00:00,14/05/2025 5:00:00 SA,3.1,369183.7,2.9,3.1
11961,06:00:00,14/05/2025 6:00:00 SA,3.3,369191.9,8.2,7.4
11962,07:00:00,14/05/2025 7:00:00 SA,3.3,369204.2,12.3,12.3
11963,08:00:00,14/05/2025 8:00:00 SA,3.5,369214.0,9.8,9.3
11964,09:00:00,14/05/2025 9:00:00 SA,3.3,369220.9,6.9,6.9
11965,10:00:00,14/05/2025 10:00:00 SA,3.4,369228.5,7.6,7.6
11966,11:00:00,14/05/2025 11:00:00 SA,3.4,369237.4,8.9,8.2
11967,12:00:00,14/05/2025 12:00:00 CH,3.1,369245.6,8.2,7.8
11968,13:00:00,14/05/2025 1:00:00 CH,0.0,0.0,-369245.6,1.3
11969,14:00:00,14/05/2025 2:00:00 CH,3.0,369258.5,369258.5,2.3
11970,15:00:00,14/05/2025 3:00:00 CH,3.0,369266.4,7.9,7.7
11971,16:00:00,14/05/2025 4:00:00 CH,3.2,369272.7,6.3,6.6
11972,17:00:00,14/05/2025 5:00:00 CH,3.5,369282.3,9.6,8.6
11973,18:00:00,14/05/2025 6:00:00 CH,3.4,369296.1,13.8,13.4
11974,19:00:00,14/05/2025 7:00:00 CH,3.2,369312.9,16.8,16.0
11975,20:00:00,14/05/2025 8:00:00 CH,3.4,369328.9,16.0,16.1
11976,21:00:00,14/05/2025 9:00:00 CH,3.1,369342.7,13.8,14.3
11977,22:00:00,14/05/2025 10:00:00 CH,3.1,369352.8,10.1,11.0
11978,23:00:00,14/05/2025 11:00:00 CH,3.2,369362.1,9.3,8.8
11979,00:00:00,15/05/2025 12:00:00 SA,3.2,369366.7,4.6,4.4
11980,01:00:00,15/05/2025 1:00:00 SA,3.1,369369.6,2.9,3.0
11981,02:00:00,15/05/2025 2:00:00 SA,3.0,369373.1,3.5,3.4
11982,03:00:00,15/05/2025 3:00:00 SA,3.0,369375.6,2.5,2.3
11983,04:00:00,15/05/2025 4:00:00 SA,3.1,369378.6,3.0,2.9
11984,05:00:00,15/05/2025 5:00:00 SA,3.2,369381.6,3.0,3.0
11985,06:00:00,15/05/2025 6:00:00 SA,3.3,369389.8,8.2,7.6
11986,07:00:00,15/05/2025 7:00:00 SA,3.3,369402.2,12.4,12.5
11987,08:00:00,15/05/2025 8:00:00 SA,3.4,369414.7,12.5,12.2
11988,09:00:00,15/05/2025 9:00:00 SA,3.5,369421.5,6.8,6.7
11989,10:00:00,15/05/2025 10:00:00 SA,3.4,369427.5,6.0,5.8
11990,11:00:00,15/05/2025 11:00:00 SA,3.4,369436.1,8.6,8.3
11991,12:00:00,15/05/2025 12:00:00 CH,3.5,369446.1,10.0,9.7
11992,13:00:00,15/05/2025 1:00:00 CH,3.0,369452.5,6.4,6.4
11993,14:00:00,15/05/2025 2:00:00 CH,2.9,369457.0,4.5,4.0
11994,15:00:00,15/05/2025 3:00:00 CH,2.8,369461.0,4.0,4.1
11995,16:00:00,15/05/2025 4:00:00 CH,2.9,369466.0,5.0,5.0
11996,17:00:00,15/05/2025 5:00:00 CH,2.9,369474.3,8.3,8.1
11997,18:00:00,15/05/2025 6:00:00 CH,3.4,369485.6,11.3,10.0
11998,19:00:00,15/05/2025 7:00:00 CH,3.4,369501.5,15.9,15.4
11999,20:00:00,15/05/2025 8:00:00 CH,3.4,369515.8,14.3,14.2
12000,21:00:00,15/05/2025 9:00:00 CH,3.3,369527.1,11.3,12.1
12001,22:00:00,15/05/2025 10:00:00 CH,3.4,369537.6,10.5,10.5
12002,23:00:00,15/05/2025 11:00:00 CH,3.1,369545.6,8.0,8.5
12003,00:00:00,16/05/2025 12:00:00 SA,3.0,369550.5,4.9,5.1
12004,01:00:00,16/05/2025 1:00:00 SA,3.0,369553.2,2.7,3.0
12005,02:00:00,16/05/2025 2:00:00 SA,2.8,369555.9,2.7,2.7
12006,03:00:00,16/05/2025 3:00:00 SA,3.0,369558.4,2.5,2.3
12007,04:00:00,16/05/2025 4:00:00 SA,3.0,369561.7,3.3,3.5
12008,05:00:00,16/05/2025 5:00:00 SA,3.2,369564.7,3.0,3.0
12009,06:00:00,16/05/2025 6:00:00 SA,3.2,369572.3,7.6,7.1
12010,07:00:00,16/05/2025 7:00:00 SA,3.3,369585.4,13.1,12.6
12011,08:00:00,16/05/2025 8:00:00 SA,3.5,369596.4,11.0,10.7
12012,09:00:00,16/05/2025 9:00:00 SA,3.5,369603.7,7.3,7.4
12013,10:00:00,16/05/2025 10:00:00 SA,3.4,369612.4,8.7,8.4
12014,11:00:00,16/05/2025 11:00:00 SA,3.4,369619.9,7.5,8.1
12015,12:00:00,16/05/2025 12:00:00 CH,3.4,369628.3,8.4,7.9
12016,13:00:00,16/05/2025 1:00:00 CH,3.2,369636.8,8.5,8.1
12017,14:00:00,16/05/2025 2:00:00 CH,3.0,369642.8,6.0,5.7
12018,15:00:00,16/05/2025 3:00:00 CH,2.9,369650.2,7.4,7.4
12019,16:00:00,16/05/2025 4:00:00 CH,3.0,369656.4,6.2,6.1
12020,17:00:00,16/05/2025 5:00:00 CH,3.4,369664.3,7.9,7.0
12021,18:00:00,16/05/2025 6:00:00 CH,3.3,369678.8,14.5,15.2
12022,19:00:00,16/05/2025 7:00:00 CH,3.1,369696.8,18.0,17.8
12023,20:00:00,16/05/2025 8:00:00 CH,3.4,369711.4,14.6,15.3
12024,21:00:00,16/05/2025 9:00:00 CH,3.3,369722.4,11.0,11.5
12025,22:00:00,16/05/2025 10:00:00 CH,3.4,369731.8,9.4,9.6
12026,23:00:00,16/05/2025 11:00:00 CH,3.1,369742.2,10.4,9.5
12027,00:00:00,17/05/2025 12:00:00 SA,3.0,369747.2,5.0,5.4
12028,01:00:00,17/05/2025 1:00:00 SA,2.9,369750.6,3.4,3.4
12029,02:00:00,17/05/2025 2:00:00 SA,2.9,369752.9,2.3,2.1
12030,03:00:00,17/05/2025 3:00:00 SA,3.0,369755.9,3.0,2.9
12031,04:00:00,17/05/2025 4:00:00 SA,2.9,369757.6,1.7,1.6
12032,05:00:00,17/05/2025 5:00:00 SA,3.0,369761.4,3.8,3.6
12033,06:00:00,17/05/2025 6:00:00 SA,3.3,369768.3,6.9,6.6
12034,07:00:00,17/05/2025 7:00:00 SA,3.3,369780.6,12.3,12.7
12035,08:00:00,17/05/2025 8:00:00 SA,3.5,369793.6,13.0,12.4
12036,09:00:00,17/05/2025 9:00:00 SA,3.5,369805.5,11.9,12.1
12037,10:00:00,17/05/2025 10:00:00 SA,3.4,369818.4,12.9,12.8
12038,11:00:00,17/05/2025 11:00:00 SA,3.5,369828.5,10.1,10.2
12039,12:00:00,17/05/2025 12:00:00 CH,2.9,369840.0,11.5,11.0
12040,13:00:00,17/05/2025 1:00:00 CH,3.1,369848.4,8.4,8.7
12041,14:00:00,17/05/2025 2:00:00 CH,3.0,369854.4,6.0,6.0
12042,15:00:00,17/05/2025 3:00:00 CH,3.0,369860.5,6.1,5.7
12043,16:00:00,17/05/2025 4:00:00 CH,3.5,369867.0,6.5,6.5
12044,17:00:00,17/05/2025 5:00:00 CH,3.3,369878.3,11.3,10.5
12045,18:00:00,17/05/2025 6:00:00 CH,3.2,369895.2,16.9,16.8
12046,19:00:00,17/05/2025 7:00:00 CH,3.1,369912.0,16.8,16.6
12047,20:00:00,17/05/2025 8:00:00 CH,3.2,369926.2,14.2,14.4
12048,21:00:00,17/05/2025 9:00:00 CH,3.2,369936.2,10.0,9.7
12049,22:00:00,17/05/2025 10:00:00 CH,3.1,369944.6,8.4,8.8
12050,23:00:00,17/05/2025 11:00:00 CH,3.0,369954.5,9.9,9.3
12051,00:00:00,18/05/2025 12:00:00 SA,2.9,369959.3,4.8,5.4
12052,01:00:00,18/05/2025 1:00:00 SA,2.9,369962.7,3.4,3.4
12053,02:00:00,18/05/2025 2:00:00 SA,2.9,369964.2,1.5,1.4
12054,03:00:00,18/05/2025 3:00:00 SA,2.9,369967.2,3.0,3.1
12055,04:00:00,18/05/2025 4:00:00 SA,2.9,369968.5,1.3,1.2
12056,05:00:00,18/05/2025 5:00:00 SA,3.1,369971.8,3.3,3.2
12057,06:00:00,18/05/2025 6:00:00 SA,3.5,369978.8,7.0,6.7
12058,07:00:00,18/05/2025 7:00:00 SA,3.3,369988.6,9.8,9.8
12059,08:00:00,18/05/2025 8:00:00 SA,3.3,370003.0,14.4,13.6
12060,09:00:00,18/05/2025 9:00:00 SA,3.4,370013.4,10.4,10.8
12061,10:00:00,18/05/2025 10:00:00 SA,3.5,370025.2,11.8,11.4
12062,11:00:00,18/05/2025 11:00:00 SA,3.3,370038.4,13.2,13.1
12063,12:00:00,18/05/2025 12:00:00 CH,2.9,370053.2,14.8,15.6
12064,13:00:00,18/05/2025 1:00:00 CH,3.1,370065.5,12.3,12.9
12065,14:00:00,18/05/2025 2:00:00 CH,3.1,370072.4,6.9,6.6
12066,15:00:00,18/05/2025 3:00:00 CH,3.1,370079.0,6.6,6.4
12067,16:00:00,18/05/2025 4:00:00 CH,3.3,370086.1,7.1,7.1
12068,17:00:00,18/05/2025 5:00:00 CH,3.3,370097.8,11.7,11.5
12069,18:00:00,18/05/2025 6:00:00 CH,3.2,370110.2,12.4,11.6
12070,19:00:00,18/05/2025 7:00:00 CH,3.1,370125.8,15.6,15.1
12071,20:00:00,18/05/2025 8:00:00 CH,3.2,370140.8,15.0,15.7
12072,21:00:00,18/05/2025 9:00:00 CH,3.3,370153.1,12.3,12.0
12073,22:00:00,18/05/2025 10:00:00 CH,3.3,370164.1,11.0,11.8
12074,23:00:00,18/05/2025 11:00:00 CH,3.2,370172.5,8.4,8.8
12075,00:00:00,19/05/2025 12:00:00 SA,3.1,370177.9,5.4,5.6
12076,01:00:00,19/05/2025 1:00:00 SA,2.9,370181.0,3.1,3.3
12077,02:00:00,19/05/2025 2:00:00 SA,2.9,370184.4,3.4,3.3
12078,03:00:00,19/05/2025 3:00:00 SA,3.0,370186.7,2.3,2.2
12079,04:00:00,19/05/2025 4:00:00 SA,2.9,370190.2,3.5,3.3
12080,05:00:00,19/05/2025 5:00:00 SA,2.9,370193.3,3.1,2.5
12081,06:00:00,19/05/2025 6:00:00 SA,3.2,370200.0,6.7,6.8
12082,07:00:00,19/05/2025 7:00:00 SA,3.4,370211.2,11.2,10.9
12083,08:00:00,19/05/2025 8:00:00 SA,3.4,370221.4,10.2,10.3
12084,09:00:00,19/05/2025 9:00:00 SA,3.3,370230.5,9.1,9.5
12085,10:00:00,19/05/2025 10:00:00 SA,3.3,370238.1,7.6,7.5
12086,11:00:00,19/05/2025 11:00:00 SA,3.3,370245.4,7.3,7.8
12087,12:00:00,19/05/2025 12:00:00 CH,3.3,370254.1,8.7,8.5
12088,13:00:00,19/05/2025 1:00:00 CH,3.0,370260.6,6.5,6.8
12089,14:00:00,19/05/2025 2:00:00 CH,3.1,370265.8,5.2,5.1
12090,15:00:00,19/05/2025 3:00:00 CH,3.2,370272.8,7.0,6.8
12091,16:00:00,19/05/2025 4:00:00 CH,3.3,370280.2,7.4,7.2
12092,17:00:00,19/05/2025 5:00:00 CH,3.4,370289.2,9.0,8.8
12093,18:00:00,19/05/2025 6:00:00 CH,3.5,370302.0,12.8,12.9
12094,19:00:00,19/05/2025 7:00:00 CH,3.1,370318.1,16.1,15.3
12095,20:00:00,19/05/2025 8:00:00 CH,2.9,370332.2,14.1,14.1
12096,21:00:00,19/05/2025 9:00:00 CH,3.2,370346.1,13.9,13.3
12097,22:00:00,19/05/2025 10:00:00 CH,3.4,370356.5,10.4,10.3
12098,23:00:00,19/05/2025 11:00:00 CH,3.1,370365.6,9.1,8.6
12099,00:00:00,20/05/2025 12:00:00 SA,3.0,370370.5,4.9,5.1
12100,01:00:00,20/05/2025 1:00:00 SA,3.0,370375.0,4.5,4.6
12101,02:00:00,20/05/2025 2:00:00 SA,3.1,370376.3,1.3,1.3
12102,03:00:00,20/05/2025 3:00:00 SA,3.1,370378.3,2.0,1.8
12103,04:00:00,20/05/2025 4:00:00 SA,3.1,370380.4,2.1,2.1
12104,05:00:00,20/05/2025 5:00:00 SA,3.1,370383.8,3.4,3.1
12105,06:00:00,20/05/2025 6:00:00 SA,3.4,370390.3,6.5,5.6
12106,07:00:00,20/05/2025 7:00:00 SA,3.4,370403.0,12.7,13.6
12107,08:00:00,20/05/2025 8:00:00 SA,3.4,370413.9,10.9,10.3
12108,09:00:00,20/05/2025 9:00:00 SA,3.4,370423.1,9.2,9.7
12109,10:00:00,20/05/2025 10:00:00 SA,3.4,370431.3,8.2,7.6
12110,11:00:00,20/05/2025 11:00:00 SA,3.4,370441.4,10.1,10.1
12111,12:00:00,20/05/2025 12:00:00 CH,3.3,370450.9,9.5,9.4
12112,13:00:00,20/05/2025 1:00:00 CH,3.1,370457.1,6.2,6.4
12113,14:00:00,20/05/2025 2:00:00 CH,3.0,370464.8,7.7,7.1
12114,15:00:00,20/05/2025 3:00:00 CH,3.0,370472.0,7.2,7.5
12115,16:00:00,20/05/2025 4:00:00 CH,3.0,370478.9,6.9,6.2
12116,17:00:00,20/05/2025 5:00:00 CH,3.4,370489.4,10.5,10.7
12117,18:00:00,20/05/2025 6:00:00 CH,3.2,370502.5,13.1,13.6
12118,19:00:00,20/05/2025 7:00:00 CH,3.1,370518.2,15.7,15.3
12119,20:00:00,20/05/2025 8:00:00 CH,3.1,370532.9,14.7,13.9
12120,21:00:00,20/05/2025 9:00:00 CH,3.1,370544.5,11.6,12.6
12121,22:00:00,20/05/2025 10:00:00 CH,3.1,370555.7,11.2,11.6
12122,23:00:00,20/05/2025 11:00:00 CH,3.3,370563.3,7.6,7.6
12123,00:00:00,21/05/2025 12:00:00 SA,3.1,370569.1,5.8,5.4
12124,01:00:00,21/05/2025 1:00:00 SA,3.1,370571.4,2.3,2.3
12125,02:00:00,21/05/2025 2:00:00 SA,3.1,370575.3,3.9,4.1
12126,03:00:00,21/05/2025 3:00:00 SA,3.0,370576.6,1.3,1.2
12127,04:00:00,21/05/2025 4:00:00 SA,3.0,370577.8,1.2,1.1
12128,05:00:00,21/05/2025 5:00:00 SA,3.0,370581.3,3.5,3.1
12129,06:00:00,21/05/2025 6:00:00 SA,3.4,370588.0,6.7,6.6
12130,07:00:00,21/05/2025 7:00:00 SA,3.3,370601.2,13.2,13.8
12131,08:00:00,21/05/2025 8:00:00 SA,3.5,370611.4,10.2,10.3
12132,09:00:00,21/05/2025 9:00:00 SA,3.5,370621.4,10.0,10.1
12133,10:00:00,21/05/2025 10:00:00 SA,3.4,370628.6,7.2,7.1
12134,11:00:00,21/05/2025 11:00:00 SA,3.3,370636.4,7.8,7.1
12135,12:00:00,21/05/2025 12:00:00 CH,2.8,370644.9,8.5,8.3
12136,13:00:00,21/05/2025 1:00:00 CH,3.0,370653.3,8.4,8.6
12137,14:00:00,21/05/2025 2:00:00 CH,3.0,370659.8,6.5,6.3
12138,15:00:00,21/05/2025 3:00:00 CH,3.1,370666.2,6.4,5.7
12139,16:00:00,21/05/2025 4:00:00 CH,3.1,370672.8,6.6,6.5
12140,17:00:00,21/05/2025 5:00:00 CH,3.3,370680.0,7.2,6.8
12141,18:00:00,21/05/2025 6:00:00 CH,3.4,370693.1,13.1,12.0
12142,19:00:00,21/05/2025 7:00:00 CH,3.2,370710.1,17.0,15.4
12143,20:00:00,21/05/2025 8:00:00 CH,3.5,370726.5,16.4,17.3
12144,21:00:00,21/05/2025 9:00:00 CH,3.3,370739.1,12.6,12.6
12145,22:00:00,21/05/2025 10:00:00 CH,3.2,370750.7,11.6,11.5
12146,23:00:00,21/05/2025 11:00:00 CH,2.9,370759.6,8.9,8.8
12147,00:00:00,22/05/2025 12:00:00 SA,3.0,370765.4,5.8,6.3
12148,01:00:00,22/05/2025 1:00:00 SA,3.0,370767.5,2.1,2.1
12149,02:00:00,22/05/2025 2:00:00 SA,3.0,370770.3,2.8,2.7
12150,03:00:00,22/05/2025 3:00:00 SA,3.0,370773.0,2.7,2.3
12151,04:00:00,22/05/2025 4:00:00 SA,3.0,370774.5,1.5,1.8
12152,05:00:00,22/05/2025 5:00:00 SA,3.0,370777.9,3.4,3.2
12153,06:00:00,22/05/2025 6:00:00 SA,3.3,370786.7,8.8,8.1
12154,07:00:00,22/05/2025 7:00:00 SA,3.3,370801.3,14.6,15.0
12155,08:00:00,22/05/2025 8:00:00 SA,3.5,370812.0,10.7,11.4
12156,09:00:00,22/05/2025 9:00:00 SA,3.4,370822.2,10.2,9.6
12157,10:00:00,22/05/2025 10:00:00 SA,3.4,370831.1,8.9,8.8
12158,11:00:00,22/05/2025 11:00:00 SA,3.3,370841.1,10.0,10.0
12159,12:00:00,22/05/2025 12:00:00 CH,2.7,370849.9,8.8,8.9
12160,13:00:00,22/05/2025 1:00:00 CH,2.9,370856.7,6.8,6.7
12161,14:00:00,22/05/2025 2:00:00 CH,3.0,370863.5,6.8,6.1
12162,15:00:00,22/05/2025 3:00:00 CH,3.0,370870.0,6.5,6.7
12163,16:00:00,22/05/2025 4:00:00 CH,3.0,370878.8,8.8,9.0
12164,17:00:00,22/05/2025 5:00:00 CH,3.2,370886.7,7.9,7.7
12165,18:00:00,22/05/2025 6:00:00 CH,3.2,370899.9,13.2,11.4
12166,19:00:00,22/05/2025 7:00:00 CH,3.1,370916.3,16.4,16.1
12167,20:00:00,22/05/2025 8:00:00 CH,3.4,370932.7,16.4,16.6
12168,21:00:00,22/05/2025 9:00:00 CH,3.3,370945.7,13.0,13.1
12169,22:00:00,22/05/2025 10:00:00 CH,3.4,370957.8,12.1,12.6
12170,23:00:00,22/05/2025 11:00:00 CH,3.1,370967.9,10.1,9.7
12171,00:00:00,23/05/2025 12:00:00 SA,3.0,370971.9,4.0,3.9
12172,01:00:00,23/05/2025 1:00:00 SA,2.7,370975.6,3.7,3.6
12173,02:00:00,23/05/2025 2:00:00 SA,2.9,370978.0,2.4,2.5
12174,03:00:00,23/05/2025 3:00:00 SA,3.0,370979.4,1.4,1.2
12175,04:00:00,23/05/2025 4:00:00 SA,3.0,370981.1,1.7,1.8
12176,05:00:00,23/05/2025 5:00:00 SA,3.2,370984.4,3.3,3.4
12177,06:00:00,23/05/2025 6:00:00 SA,3.3,370991.2,6.8,6.1
12178,07:00:00,23/05/2025 7:00:00 SA,3.5,371003.9,12.7,12.7
12179,08:00:00,23/05/2025 8:00:00 SA,3.4,371017.1,13.2,13.7
12180,09:00:00,23/05/2025 9:00:00 SA,3.5,371028.4,11.3,10.4
12181,10:00:00,23/05/2025 10:00:00 SA,3.5,371038.6,10.2,9.9
12182,11:00:00,23/05/2025 11:00:00 SA,3.4,371049.4,10.8,10.7
12183,12:00:00,23/05/2025 12:00:00 CH,2.8,371059.3,9.9,10.0
12184,13:00:00,23/05/2025 1:00:00 CH,3.1,371067.4,8.1,8.1
12185,14:00:00,23/05/2025 2:00:00 CH,3.0,371074.0,6.6,6.7
12186,15:00:00,23/05/2025 3:00:00 CH,3.0,371081.0,7.0,6.9
12187,16:00:00,23/05/2025 4:00:00 CH,3.1,371089.2,8.2,8.2
12188,17:00:00,23/05/2025 5:00:00 CH,3.3,371097.9,8.7,8.2
12189,18:00:00,23/05/2025 6:00:00 CH,3.3,371113.8,15.9,15.5
12190,19:00:00,23/05/2025 7:00:00 CH,2.9,371129.3,15.5,16.5
12191,20:00:00,23/05/2025 8:00:00 CH,3.2,371144.2,14.9,14.8
12192,21:00:00,23/05/2025 9:00:00 CH,3.1,371157.7,13.5,13.6
12193,22:00:00,23/05/2025 10:00:00 CH,3.3,371167.9,10.2,10.4
12194,23:00:00,23/05/2025 11:00:00 CH,3.3,371178.8,10.9,10.9
12195,00:00:00,24/05/2025 12:00:00 SA,3.0,371183.4,4.6,4.8
12196,01:00:00,24/05/2025 1:00:00 SA,3.0,371188.0,4.6,4.5
12197,02:00:00,24/05/2025 2:00:00 SA,2.9,371190.7,2.7,2.8
12198,03:00:00,24/05/2025 3:00:00 SA,2.9,371194.3,3.6,3.5
12199,04:00:00,24/05/2025 4:00:00 SA,2.9,371196.5,2.2,1.8
12200,05:00:00,24/05/2025 5:00:00 SA,3.1,371200.2,3.7,3.5
12201,06:00:00,24/05/2025 6:00:00 SA,3.4,371207.7,7.5,7.1
12202,07:00:00,24/05/2025 7:00:00 SA,3.5,371218.7,11.0,11.0
12203,08:00:00,24/05/2025 8:00:00 SA,3.5,371230.3,11.6,11.3
12204,09:00:00,24/05/2025 9:00:00 SA,3.5,371239.2,8.9,10.0
12205,10:00:00,24/05/2025 10:00:00 SA,3.5,371248.2,9.0,8.9
12206,11:00:00,24/05/2025 11:00:00 SA,3.5,371257.3,9.1,8.7
12207,12:00:00,24/05/2025 12:00:00 CH,3.4,371265.8,8.5,8.2
12208,13:00:00,24/05/2025 1:00:00 CH,3.1,371273.7,7.9,8.4
12209,14:00:00,24/05/2025 2:00:00 CH,3.2,371279.4,5.7,5.3
12210,15:00:00,24/05/2025 3:00:00 CH,3.1,371288.3,8.9,9.2
12211,16:00:00,24/05/2025 4:00:00 CH,3.1,371295.3,7.0,6.9
12212,17:00:00,24/05/2025 5:00:00 CH,3.3,371303.6,8.3,8.0
12213,18:00:00,24/05/2025 6:00:00 CH,3.3,371317.1,13.5,13.7
12214,19:00:00,24/05/2025 7:00:00 CH,3.3,371331.7,14.6,14.4
12215,20:00:00,24/05/2025 8:00:00 CH,3.3,371346.4,14.7,14.5
12216,21:00:00,24/05/2025 9:00:00 CH,3.4,371358.6,12.2,12.0
12217,22:00:00,24/05/2025 10:00:00 CH,3.5,371368.4,9.8,9.9
12218,23:00:00,24/05/2025 11:00:00 CH,3.2,371376.9,8.5,8.9
12219,00:00:00,25/05/2025 12:00:00 SA,3.0,371383.6,6.7,6.4
12220,01:00:00,25/05/2025 1:00:00 SA,2.9,371387.1,3.5,3.6
12221,02:00:00,25/05/2025 2:00:00 SA,2.9,371390.6,3.5,3.3
12222,03:00:00,25/05/2025 3:00:00 SA,3.0,371394.6,4.0,4.2
12223,04:00:00,25/05/2025 4:00:00 SA,2.9,371397.2,2.6,2.5
12224,05:00:00,25/05/2025 5:00:00 SA,2.9,371401.2,4.0,3.9
12225,06:00:00,25/05/2025 6:00:00 SA,3.2,371408.3,7.1,6.6
12226,07:00:00,25/05/2025 7:00:00 SA,3.4,371418.4,10.1,10.1
12227,08:00:00,25/05/2025 8:00:00 SA,3.4,371429.8,11.4,10.2
12228,09:00:00,25/05/2025 9:00:00 SA,3.3,371441.1,11.3,11.7
12229,10:00:00,25/05/2025 10:00:00 SA,3.4,371450.1,9.0,9.1
12230,11:00:00,25/05/2025 11:00:00 SA,3.3,371459.9,9.8,10.0
12231,12:00:00,25/05/2025 12:00:00 CH,2.9,371470.0,10.1,10.2
12232,13:00:00,25/05/2025 1:00:00 CH,3.1,371478.5,8.5,8.2
12233,14:00:00,25/05/2025 2:00:00 CH,3.1,371486.5,8.0,8.0
12234,15:00:00,25/05/2025 3:00:00 CH,3.2,371493.5,7.0,6.2
12235,16:00:00,25/05/2025 4:00:00 CH,3.5,371501.2,7.7,8.1
12236,17:00:00,25/05/2025 5:00:00 CH,3.3,371512.6,11.4,11.0
12237,18:00:00,25/05/2025 6:00:00 CH,3.4,371526.7,14.1,14.1
12238,19:00:00,25/05/2025 7:00:00 CH,3.4,371543.6,16.9,16.8
12239,20:00:00,25/05/2025 8:00:00 CH,3.4,371558.0,14.4,15.2
12240,21:00:00,25/05/2025 9:00:00 CH,3.5,371569.9,11.9,11.1
12241,22:00:00,25/05/2025 10:00:00 CH,3.2,371580.3,10.4,10.8
12242,23:00:00,25/05/2025 11:00:00 CH,3.0,371589.0,8.7,9.3
12243,00:00:00,26/05/2025 12:00:00 SA,3.0,371594.6,5.6,5.7
12244,01:00:00,26/05/2025 1:00:00 SA,3.0,371598.1,3.5,3.1
12245,02:00:00,26/05/2025 2:00:00 SA,3.1,371602.5,4.4,4.6
12246,03:00:00,26/05/2025 3:00:00 SA,3.0,371605.6,3.1,2.9
12247,04:00:00,26/05/2025 4:00:00 SA,3.1,371608.2,2.6,3.0
12248,05:00:00,26/05/2025 5:00:00 SA,3.0,371612.2,4.0,3.9
12249,06:00:00,26/05/2025 6:00:00 SA,3.4,371619.4,7.2,7.1
12250,07:00:00,26/05/2025 7:00:00 SA,3.4,371632.0,12.6,13.0
12251,08:00:00,26/05/2025 8:00:00 SA,3.4,371642.3,10.3,10.8
12252,09:00:00,26/05/2025 9:00:00 SA,3.5,371652.0,9.7,10.5
12253,10:00:00,26/05/2025 10:00:00 SA,3.3,371658.6,6.6,6.0
12254,11:00:00,26/05/2025 11:00:00 SA,3.4,371667.9,9.3,8.3
12255,12:00:00,26/05/2025 12:00:00 CH,3.0,371678.6,10.7,10.3
12256,13:00:00,26/05/2025 1:00:00 CH,3.1,371685.7,7.1,6.8
12257,14:00:00,26/05/2025 2:00:00 CH,3.1,371691.5,5.8,5.8
12258,15:00:00,26/05/2025 3:00:00 CH,3.1,371696.9,5.4,5.0
12259,16:00:00,26/05/2025 4:00:00 CH,3.1,371703.7,6.8,6.7
12260,17:00:00,26/05/2025 5:00:00 CH,3.4,371712.0,8.3,7.6
12261,18:00:00,26/05/2025 6:00:00 CH,3.4,371723.9,11.9,10.9
12262,19:00:00,26/05/2025 7:00:00 CH,3.4,371740.1,16.2,15.9
12263,20:00:00,26/05/2025 8:00:00 CH,3.1,371754.1,14.0,14.0
12264,21:00:00,26/05/2025 9:00:00 CH,3.3,371767.4,13.3,13.0
12265,22:00:00,26/05/2025 10:00:00 CH,3.3,371777.8,10.4,9.9
12266,23:00:00,26/05/2025 11:00:00 CH,3.1,371788.3,10.5,11.2
12267,00:00:00,27/05/2025 12:00:00 SA,2.9,371793.0,4.7,4.8
12268,01:00:00,27/05/2025 1:00:00 SA,2.9,371795.7,2.7,2.9
12269,02:00:00,27/05/2025 2:00:00 SA,3.0,371799.4,3.7,3.8
12270,03:00:00,27/05/2025 3:00:00 SA,2.9,371801.2,1.8,1.5
12271,04:00:00,27/05/2025 4:00:00 SA,2.9,371803.6,2.4,2.5
12272,05:00:00,27/05/2025 5:00:00 SA,3.0,371806.4,2.8,2.4
12273,06:00:00,27/05/2025 6:00:00 SA,3.4,371814.4,8.0,7.6
12274,07:00:00,27/05/2025 7:00:00 SA,3.3,371825.3,10.9,10.9
12275,08:00:00,27/05/2025 8:00:00 SA,3.4,371836.6,11.3,11.7
12276,09:00:00,27/05/2025 9:00:00 SA,3.4,371844.8,8.2,9.1
12277,10:00:00,27/05/2025 10:00:00 SA,3.3,371852.7,7.9,7.3
12278,11:00:00,27/05/2025 11:00:00 SA,3.4,371862.1,9.4,9.6
12279,12:00:00,27/05/2025 12:00:00 CH,3.4,371870.0,7.9,7.9
12280,13:00:00,27/05/2025 1:00:00 CH,3.0,371876.7,6.7,6.1
12281,14:00:00,27/05/2025 2:00:00 CH,3.0,371885.3,8.6,8.1
12282,15:00:00,27/05/2025 3:00:00 CH,3.0,371895.3,10.0,9.4
12283,16:00:00,27/05/2025 4:00:00 CH,3.0,371901.6,6.3,6.9
12284,17:00:00,27/05/2025 5:00:00 CH,3.4,371909.3,7.7,6.9
12285,18:00:00,27/05/2025 6:00:00 CH,3.2,371924.0,14.7,14.7
12286,19:00:00,27/05/2025 7:00:00 CH,3.2,371939.5,15.5,15.1
12287,20:00:00,27/05/2025 8:00:00 CH,3.1,371954.7,15.2,15.7
12288,21:00:00,27/05/2025 9:00:00 CH,3.3,371967.3,12.6,13.3
12289,22:00:00,27/05/2025 10:00:00 CH,3.4,371979.3,12.0,12.2
12290,23:00:00,27/05/2025 11:00:00 CH,3.2,371986.5,7.2,7.6
12291,00:00:00,28/05/2025 12:00:00 SA,2.9,371991.2,4.7,4.4
12292,01:00:00,28/05/2025 1:00:00 SA,2.9,371993.3,2.1,2.3
12293,02:00:00,28/05/2025 2:00:00 SA,3.0,371996.1,2.8,2.8
12294,03:00:00,28/05/2025 3:00:00 SA,3.0,371998.0,1.9,1.5
12295,04:00:00,28/05/2025 4:00:00 SA,2.9,372000.1,2.1,2.1
12296,05:00:00,28/05/2025 5:00:00 SA,3.2,372002.6,2.5,2.2
12297,06:00:00,28/05/2025 6:00:00 SA,3.6,372009.7,7.1,6.5
12298,07:00:00,28/05/2025 7:00:00 SA,3.4,372020.4,10.7,10.8
12299,08:00:00,28/05/2025 8:00:00 SA,3.5,372030.4,10.0,10.0
12300,09:00:00,28/05/2025 9:00:00 SA,3.3,372040.8,10.4,10.1
12301,10:00:00,28/05/2025 10:00:00 SA,3.3,372048.6,7.8,7.5
12302,11:00:00,28/05/2025 11:00:00 SA,3.4,372062.8,14.2,14.3
12303,12:00:00,28/05/2025 12:00:00 CH,3.5,372075.5,12.7,12.1
12304,13:00:00,28/05/2025 1:00:00 CH,3.0,372084.8,9.3,9.6
12305,14:00:00,28/05/2025 2:00:00 CH,3.1,372090.6,5.8,5.2
12306,15:00:00,28/05/2025 3:00:00 CH,3.1,372096.6,6.0,5.9
12307,16:00:00,28/05/2025 4:00:00 CH,3.1,372105.9,9.3,9.4
12308,17:00:00,28/05/2025 5:00:00 CH,3.3,372115.8,9.9,10.2
12309,18:00:00,28/05/2025 6:00:00 CH,3.2,372129.4,13.6,13.1
12310,19:00:00,28/05/2025 7:00:00 CH,3.0,372146.1,16.7,16.7
12311,20:00:00,28/05/2025 8:00:00 CH,3.2,372161.6,15.5,14.8
12312,21:00:00,28/05/2025 9:00:00 CH,3.4,372175.0,13.4,11.8
12313,22:00:00,28/05/2025 10:00:00 CH,3.3,372185.7,10.7,10.4
12314,23:00:00,28/05/2025 11:00:00 CH,3.1,372194.4,8.7,8.6
12315,00:00:00,29/05/2025 12:00:00 SA,2.9,372199.8,5.4,5.5
12316,01:00:00,29/05/2025 1:00:00 SA,2.9,372202.0,2.2,2.4
12317,02:00:00,29/05/2025 2:00:00 SA,3.0,372204.9,2.9,3.2
12318,03:00:00,29/05/2025 3:00:00 SA,3.0,372206.4,1.5,1.6
12319,04:00:00,29/05/2025 4:00:00 SA,3.0,372208.5,2.1,1.8
12320,05:00:00,29/05/2025 5:00:00 SA,3.0,372211.7,3.2,2.9
12321,06:00:00,29/05/2025 6:00:00 SA,3.4,372220.2,8.5,8.0
12322,07:00:00,29/05/2025 7:00:00 SA,3.2,372233.1,12.9,13.5
12323,08:00:00,29/05/2025 8:00:00 SA,3.4,372246.3,13.2,12.8
12324,09:00:00,29/05/2025 9:00:00 SA,3.4,372254.1,7.8,7.6
12325,10:00:00,29/05/2025 10:00:00 SA,3.4,372262.3,8.2,7.8
12326,11:00:00,29/05/2025 11:00:00 SA,3.5,372270.7,8.4,8.6
12327,12:00:00,29/05/2025 12:00:00 CH,3.0,372280.2,9.5,9.2
12328,13:00:00,29/05/2025 1:00:00 CH,3.1,372287.7,7.5,7.6
12329,14:00:00,29/05/2025 2:00:00 CH,3.0,372294.6,6.9,7.2
12330,15:00:00,29/05/2025 3:00:00 CH,3.0,372301.3,6.7,6.7
12331,16:00:00,29/05/2025 4:00:00 CH,3.0,372308.2,6.9,6.9
12332,17:00:00,29/05/2025 5:00:00 CH,3.3,372317.9,9.7,9.6
12333,18:00:00,29/05/2025 6:00:00 CH,3.2,372333.1,15.2,14.5
12334,19:00:00,29/05/2025 7:00:00 CH,3.2,372350.9,17.8,17.9
12335,20:00:00,29/05/2025 8:00:00 CH,3.4,372366.5,15.6,16.2
12336,21:00:00,29/05/2025 9:00:00 CH,3.0,372377.9,11.4,11.1
12337,22:00:00,29/05/2025 10:00:00 CH,2.8,372388.2,10.3,10.1
12338,23:00:00,29/05/2025 11:00:00 CH,3.0,372398.0,9.8,9.8
12339,00:00:00,30/05/2025 12:00:00 SA,2.8,372403.2,5.2,5.3
12340,01:00:00,30/05/2025 1:00:00 SA,3.0,372405.7,2.5,3.1
12341,02:00:00,30/05/2025 2:00:00 SA,3.0,372409.1,3.4,3.4
12342,03:00:00,30/05/2025 3:00:00 SA,3.0,372411.9,2.8,2.5
12343,04:00:00,30/05/2025 4:00:00 SA,3.0,372414.5,2.6,2.6
12344,05:00:00,30/05/2025 5:00:00 SA,3.1,372417.2,2.7,2.4
12345,06:00:00,30/05/2025 6:00:00 SA,3.4,372425.3,8.1,8.0
12346,07:00:00,30/05/2025 7:00:00 SA,3.3,372436.5,11.2,12.2
12347,08:00:00,30/05/2025 8:00:00 SA,3.5,372448.0,11.5,11.2
12348,09:00:00,30/05/2025 9:00:00 SA,3.5,372456.2,8.2,7.2
12349,10:00:00,30/05/2025 10:00:00 SA,3.4,372466.5,10.3,10.4
12350,11:00:00,30/05/2025 11:00:00 SA,3.5,372475.4,8.9,8.8
12351,12:00:00,30/05/2025 12:00:00 CH,2.9,372483.7,8.3,8.4
12352,13:00:00,30/05/2025 1:00:00 CH,3.0,372491.3,7.6,8.2
12353,14:00:00,30/05/2025 2:00:00 CH,3.0,372498.5,7.2,7.2
12354,15:00:00,30/05/2025 3:00:00 CH,2.9,372506.6,8.1,8.1
12355,16:00:00,30/05/2025 4:00:00 CH,3.0,372513.0,6.4,6.6
12356,17:00:00,30/05/2025 5:00:00 CH,3.0,372523.1,10.1,10.1
12357,18:00:00,30/05/2025 6:00:00 CH,3.3,372535.8,12.7,12.6
12358,19:00:00,30/05/2025 7:00:00 CH,3.3,372550.8,15.0,15.6
12359,20:00:00,30/05/2025 8:00:00 CH,3.1,372564.8,14.0,14.7
12360,21:00:00,30/05/2025 9:00:00 CH,3.3,372577.4,12.6,12.7
12361,22:00:00,30/05/2025 10:00:00 CH,3.2,372587.7,10.3,10.1
12362,23:00:00,30/05/2025 11:00:00 CH,3.2,372595.5,7.8,9.0
12363,00:00:00,31/05/2025 12:00:00 SA,3.0,372600.7,5.2,4.9
12364,01:00:00,31/05/2025 1:00:00 SA,3.0,372603.5,2.8,2.9
12365,02:00:00,31/05/2025 2:00:00 SA,3.0,372606.7,3.2,3.1
12366,03:00:00,31/05/2025 3:00:00 SA,2.9,372609.3,2.6,2.4
12367,04:00:00,31/05/2025 4:00:00 SA,3.0,372612.1,2.8,3.0
12368,05:00:00,31/05/2025 5:00:00 SA,3.0,372614.9,2.8,2.7
12369,06:00:00,31/05/2025 6:00:00 SA,3.4,372623.1,8.2,8.6
12370,07:00:00,31/05/2025 7:00:00 SA,3.4,372635.3,12.2,12.2
12371,08:00:00,31/05/2025 8:00:00 SA,3.4,372648.7,13.4,13.8
12372,09:00:00,31/05/2025 9:00:00 SA,3.4,372662.4,13.7,13.8
12373,10:00:00,31/05/2025 10:00:00 SA,3.4,372672.6,10.2,9.9
12374,11:00:00,31/05/2025 11:00:00 SA,3.4,372684.1,11.5,10.8
12375,12:00:00,31/05/2025 12:00:00 CH,3.0,372693.3,9.2,9.3
12376,13:00:00,31/05/2025 1:00:00 CH,3.1,372701.6,8.3,8.5
12377,14:00:00,31/05/2025 2:00:00 CH,2.9,372707.4,5.8,5.8
12378,15:00:00,31/05/2025 3:00:00 CH,2.9,372712.5,5.1,5.2
12379,16:00:00,31/05/2025 4:00:00 CH,3.0,372720.6,8.1,7.7
12380,17:00:00,31/05/2025 5:00:00 CH,3.2,372730.0,9.4,8.9
12381,18:00:00,31/05/2025 6:00:00 CH,3.3,372744.0,14.0,14.2
12382,19:00:00,31/05/2025 7:00:00 CH,3.1,372760.0,16.0,15.4
12383,20:00:00,31/05/2025 8:00:00 CH,3.4,372774.0,14.0,13.8
12384,21:00:00,31/05/2025 9:00:00 CH,3.4,372784.9,10.9,11.5
12385,22:00:00,31/05/2025 10:00:00 CH,3.3,372794.1,9.2,9.2
12386,23:00:00,31/05/2025 11:00:00 CH,3.2,372803.7,9.6,9.1
12387,00:00:00,01/06/2025 12:00:00 SA,2.9,372808.9,5.2,5.0
12388,01:00:00,01/06/2025 1:00:00 SA,2.9,372812.6,3.7,3.8
12389,02:00:00,01/06/2025 2:00:00 SA,3.0,372814.7,2.1,1.8
12390,03:00:00,01/06/2025 3:00:00 SA,3.0,372817.9,3.2,3.2
12391,04:00:00,01/06/2025 4:00:00 SA,2.9,372819.3,1.4,1.3
12392,05:00:00,01/06/2025 5:00:00 SA,3.0,372822.3,3.0,2.8
12393,06:00:00,01/06/2025 6:00:00 SA,3.3,372828.8,6.5,6.6
12394,07:00:00,01/06/2025 7:00:00 SA,3.3,372838.7,9.9,9.8
12395,09:00:00,01/06/2025 9:00:00 SA,3.3,372865.0,26.3,0.0
12396,10:00:00,01/06/2025 10:00:00 SA,3.3,372879.8,14.8,15.0
12397,11:00:00,01/06/2025 11:00:00 SA,3.3,372892.0,12.2,12.2
12398,12:00:00,01/06/2025 12:00:00 CH,2.9,372901.9,9.9,10.7
12399,13:00:00,01/06/2025 1:00:00 CH,2.9,372911.9,10.0,9.9
12400,14:00:00,01/06/2025 2:00:00 CH,3.1,372917.9,6.0,6.4
12401,15:00:00,01/06/2025 3:00:00 CH,3.0,372923.3,5.4,5.1
12402,16:00:00,01/06/2025 4:00:00 CH,3.1,372931.4,8.1,8.1
12403,17:00:00,01/06/2025 5:00:00 CH,3.2,372943.0,11.6,11.7
12404,18:00:00,01/06/2025 6:00:00 CH,3.0,372958.4,15.4,14.8
12405,19:00:00,01/06/2025 7:00:00 CH,2.9,372976.5,18.1,18.5
12406,20:00:00,01/06/2025 8:00:00 CH,3.2,372992.4,15.9,16.7
12407,21:00:00,01/06/2025 9:00:00 CH,3.2,373005.7,13.3,13.1
12408,22:00:00,01/06/2025 10:00:00 CH,3.2,373017.1,11.4,11.0
12409,23:00:00,01/06/2025 11:00:00 CH,3.1,373026.5,9.4,9.3
12410,00:00:00,02/06/2025 12:00:00 SA,2.9,373033.0,6.5,6.5
12411,01:00:00,02/06/2025 1:00:00 SA,2.9,373036.4,3.4,3.6
12412,02:00:00,02/06/2025 2:00:00 SA,2.9,373039.8,3.4,3.4
12413,03:00:00,02/06/2025 3:00:00 SA,2.8,373041.8,2.0,1.9
12414,04:00:00,02/06/2025 4:00:00 SA,2.9,373044.2,2.4,2.4
12415,05:00:00,02/06/2025 5:00:00 SA,3.1,373047.3,3.1,3.1
12416,06:00:00,02/06/2025 6:00:00 SA,3.4,373055.0,7.7,8.1
12417,07:00:00,02/06/2025 7:00:00 SA,3.3,373066.1,11.1,10.8
12418,08:00:00,02/06/2025 8:00:00 SA,3.3,373079.5,13.4,13.3
12419,09:00:00,02/06/2025 9:00:00 SA,3.4,373090.2,10.7,11.3
12420,10:00:00,02/06/2025 10:00:00 SA,3.3,373101.2,11.0,10.3
12421,11:00:00,02/06/2025 11:00:00 SA,3.3,373112.2,11.0,10.5
12422,12:00:00,02/06/2025 12:00:00 CH,3.2,373123.7,11.5,11.7
12423,13:00:00,02/06/2025 1:00:00 CH,3.0,373132.3,8.6,8.6
12424,14:00:00,02/06/2025 2:00:00 CH,3.0,373140.0,7.7,7.6
12425,15:00:00,02/06/2025 3:00:00 CH,2.8,373147.3,7.3,7.7
12426,16:00:00,02/06/2025 4:00:00 CH,2.7,373157.0,9.7,8.5
12427,17:00:00,02/06/2025 5:00:00 CH,3.1,373167.8,10.8,9.6
12428,18:00:00,02/06/2025 6:00:00 CH,3.1,373184.4,16.6,16.7
12429,19:00:00,02/06/2025 7:00:00 CH,2.8,373205.7,21.3,20.8
12430,20:00:00,02/06/2025 8:00:00 CH,2.9,373222.6,16.9,16.9
12431,21:00:00,02/06/2025 9:00:00 CH,2.9,373238.3,15.7,15.9
12432,22:00:00,02/06/2025 10:00:00 CH,3.0,373249.4,11.1,11.1
12433,23:00:00,02/06/2025 11:00:00 CH,2.9,373257.0,7.6,8.6
12434,00:00:00,03/06/2025 12:00:00 SA,2.9,373262.3,5.3,5.1
12435,01:00:00,03/06/2025 1:00:00 SA,2.7,373265.9,3.6,3.7
12436,02:00:00,03/06/2025 2:00:00 SA,2.7,373267.8,1.9,2.0
12437,03:00:00,03/06/2025 3:00:00 SA,2.7,373271.1,3.3,3.2
12438,04:00:00,03/06/2025 4:00:00 SA,2.7,373273.1,2.0,2.2
12439,05:00:00,03/06/2025 5:00:00 SA,2.9,373276.7,3.6,3.1
12440,06:00:00,03/06/2025 6:00:00 SA,3.0,373285.7,9.0,7.6
12441,07:00:00,03/06/2025 7:00:00 SA,3.2,373299.4,13.7,12.7
12442,08:00:00,03/06/2025 8:00:00 SA,3.2,373313.9,14.5,15.3
12443,09:00:00,03/06/2025 9:00:00 SA,3.3,373326.1,12.2,12.2
12444,10:00:00,03/06/2025 10:00:00 SA,3.2,373335.8,9.7,9.5
12445,11:00:00,03/06/2025 11:00:00 SA,3.3,373348.6,12.8,12.5
12446,12:00:00,03/06/2025 12:00:00 CH,2.8,373361.0,12.4,12.6
12447,13:00:00,03/06/2025 1:00:00 CH,3.0,373368.9,7.9,9.0
12448,14:00:00,03/06/2025 2:00:00 CH,2.9,373376.3,7.4,7.1
12449,15:00:00,03/06/2025 3:00:00 CH,3.0,373384.6,8.3,8.1
12450,16:00:00,03/06/2025 4:00:00 CH,3.0,373394.2,9.6,9.6
12451,17:00:00,03/06/2025 5:00:00 CH,3.4,373406.2,12.0,11.9
12452,18:00:00,03/06/2025 6:00:00 CH,3.3,373421.4,15.2,14.6
12453,19:00:00,03/06/2025 7:00:00 CH,3.1,373439.2,17.8,18.4
12454,20:00:00,03/06/2025 8:00:00 CH,3.0,373455.3,16.1,16.2
12455,21:00:00,03/06/2025 9:00:00 CH,3.3,373470.0,14.7,14.0
12456,22:00:00,03/06/2025 10:00:00 CH,3.4,373480.6,10.6,11.1
12457,23:00:00,03/06/2025 11:00:00 CH,3.2,373489.1,8.5,9.1
12458,00:00:00,04/06/2025 12:00:00 SA,3.0,373494.2,5.1,4.8
12459,01:00:00,04/06/2025 1:00:00 SA,3.2,373498.0,3.8,3.4
12460,02:00:00,04/06/2025 2:00:00 SA,3.0,373501.5,3.5,3.5
12461,03:00:00,04/06/2025 3:00:00 SA,3.0,373504.7,3.2,3.4
12462,04:00:00,04/06/2025 4:00:00 SA,3.0,373508.1,3.4,3.2
12463,05:00:00,04/06/2025 5:00:00 SA,2.9,373511.4,3.3,3.1
12464,06:00:00,04/06/2025 6:00:00 SA,3.3,373519.3,7.9,7.1
12465,07:00:00,04/06/2025 7:00:00 SA,3.2,373531.1,11.8,11.3
12466,08:00:00,04/06/2025 8:00:00 SA,3.4,373541.5,10.4,9.8
12467,09:00:00,04/06/2025 9:00:00 SA,3.3,373552.9,11.4,11.7
12468,10:00:00,04/06/2025 10:00:00 SA,3.2,373563.7,10.8,10.3
12469,11:00:00,04/06/2025 11:00:00 SA,3.3,373573.8,10.1,9.9
12470,12:00:00,04/06/2025 12:00:00 CH,3.3,373581.9,8.1,8.4
12471,13:00:00,04/06/2025 1:00:00 CH,2.9,373590.3,8.4,8.9
12472,14:00:00,04/06/2025 2:00:00 CH,2.9,373595.7,5.4,5.4
12473,15:00:00,04/06/2025 3:00:00 CH,2.3,373602.8,7.1,7.0
12474,16:00:00,04/06/2025 4:00:00 CH,2.4,373612.3,9.5,9.4
12475,17:00:00,04/06/2025 5:00:00 CH,3.1,373622.5,10.2,9.3
12476,18:00:00,04/06/2025 6:00:00 CH,3.3,373637.7,15.2,15.7
12477,19:00:00,04/06/2025 7:00:00 CH,2.9,373653.5,15.8,16.3
12478,20:00:00,04/06/2025 8:00:00 CH,2.8,373668.7,15.2,15.1
12479,21:00:00,04/06/2025 9:00:00 CH,3.1,373681.8,13.1,13.8
12480,22:00:00,04/06/2025 10:00:00 CH,3.2,373693.0,11.2,11.5
12481,23:00:00,04/06/2025 11:00:00 CH,3.2,373701.4,8.4,8.4
12482,00:00:00,05/06/2025 12:00:00 SA,3.1,373707.0,5.6,5.7
12483,01:00:00,05/06/2025 1:00:00 SA,2.9,373709.4,2.4,2.3
12484,02:00:00,05/06/2025 2:00:00 SA,2.9,373712.7,3.3,3.4
12485,03:00:00,05/06/2025 3:00:00 SA,2.9,373714.9,2.2,1.7
12486,04:00:00,05/06/2025 4:00:00 SA,3.0,373717.3,2.4,2.7
12487,05:00:00,05/06/2025 5:00:00 SA,3.2,373720.3,3.0,3.0
12488,06:00:00,05/06/2025 6:00:00 SA,3.5,373728.9,8.6,8.1
12489,07:00:00,05/06/2025 7:00:00 SA,3.3,373739.0,10.1,9.6
12490,08:00:00,05/06/2025 8:00:00 SA,3.3,373751.3,12.3,12.0
12491,09:00:00,05/06/2025 9:00:00 SA,3.4,373761.3,10.0,9.6
12492,10:00:00,05/06/2025 10:00:00 SA,3.3,373768.6,7.3,6.7
12493,11:00:00,05/06/2025 11:00:00 SA,3.3,373777.9,9.3,9.3
12494,12:00:00,05/06/2025 12:00:00 CH,3.1,373788.3,10.4,11.0
12495,13:00:00,05/06/2025 1:00:00 CH,3.0,373796.9,8.6,9.1
12496,14:00:00,05/06/2025 2:00:00 CH,2.9,373803.9,7.0,7.0
12497,15:00:00,05/06/2025 3:00:00 CH,3.0,373811.4,7.5,7.1
12498,16:00:00,05/06/2025 4:00:00 CH,3.0,373818.7,7.3,7.5
12499,17:00:00,05/06/2025 5:00:00 CH,3.2,373828.0,9.3,8.5
12500,18:00:00,05/06/2025 6:00:00 CH,3.1,373841.1,13.1,12.9
12501,19:00:00,05/06/2025 7:00:00 CH,3.0,373860.8,19.7,19.5
12502,20:00:00,05/06/2025 8:00:00 CH,3.1,373876.9,16.1,15.7
12503,21:00:00,05/06/2025 9:00:00 CH,3.1,373892.2,15.3,15.1
12504,22:00:00,05/06/2025 10:00:00 CH,3.2,373904.8,12.6,11.8
12505,23:00:00,05/06/2025 11:00:00 CH,3.1,373915.7,10.9,11.5
12506,00:00:00,06/06/2025 12:00:00 SA,2.9,373921.1,5.4,5.4
12507,01:00:00,06/06/2025 1:00:00 SA,2.9,373924.2,3.1,3.0
12508,02:00:00,06/06/2025 2:00:00 SA,2.9,373927.2,3.0,3.0
12509,03:00:00,06/06/2025 3:00:00 SA,3.0,373928.9,1.7,1.8
12510,04:00:00,06/06/2025 4:00:00 SA,3.0,373932.3,3.4,3.2
12511,05:00:00,06/06/2025 5:00:00 SA,3.0,373935.9,3.6,3.3
12512,06:00:00,06/06/2025 6:00:00 SA,3.5,373942.9,7.0,6.6
12513,07:00:00,06/06/2025 7:00:00 SA,3.4,373956.3,13.4,12.6
12514,08:00:00,06/06/2025 8:00:00 SA,3.4,373968.5,12.2,12.8
12515,09:00:00,06/06/2025 9:00:00 SA,3.3,373979.0,10.5,10.0
12516,10:00:00,06/06/2025 10:00:00 SA,3.3,373987.4,8.4,8.4
12517,11:00:00,06/06/2025 11:00:00 SA,3.3,373995.6,8.2,8.0
12518,12:00:00,06/06/2025 12:00:00 CH,3.2,374004.8,9.2,8.7
12519,13:00:00,06/06/2025 1:00:00 CH,3.0,374012.1,7.3,6.9
12520,14:00:00,06/06/2025 2:00:00 CH,3.0,374019.3,7.2,7.2
12521,15:00:00,06/06/2025 3:00:00 CH,3.0,374028.4,9.1,8.9
12522,16:00:00,06/06/2025 4:00:00 CH,3.0,374035.8,7.4,7.4
12523,17:00:00,06/06/2025 5:00:00 CH,3.4,374045.6,9.8,9.4
12524,18:00:00,06/06/2025 6:00:00 CH,3.4,374057.3,11.7,11.5
12525,19:00:00,06/06/2025 7:00:00 CH,3.2,374073.0,15.7,15.7
12526,20:00:00,06/06/2025 8:00:00 CH,3.5,374087.8,14.8,14.6
12527,21:00:00,06/06/2025 9:00:00 CH,3.1,374101.2,13.4,13.9
12528,22:00:00,06/06/2025 10:00:00 CH,3.1,374111.9,10.7,10.2
12529,23:00:00,06/06/2025 11:00:00 CH,3.1,374120.6,8.7,9.1
12530,00:00:00,07/06/2025 12:00:00 SA,3.1,374127.3,6.7,6.5
12531,01:00:00,07/06/2025 1:00:00 SA,3.0,374130.1,2.8,2.7
12532,02:00:00,07/06/2025 2:00:00 SA,3.0,374133.8,3.7,3.5
12533,03:00:00,07/06/2025 3:00:00 SA,3.0,374135.8,2.0,2.1
12534,04:00:00,07/06/2025 4:00:00 SA,3.0,374139.0,3.2,3.2
12535,05:00:00,07/06/2025 5:00:00 SA,3.1,374141.4,2.4,2.2
12536,06:00:00,07/06/2025 6:00:00 SA,3.4,374148.1,6.7,6.5
12537,07:00:00,07/06/2025 7:00:00 SA,3.3,374159.6,11.5,9.9
12538,08:00:00,07/06/2025 8:00:00 SA,3.4,374174.0,14.4,14.6
12539,09:00:00,07/06/2025 9:00:00 SA,3.4,374187.6,13.6,14.2
12540,10:00:00,07/06/2025 10:00:00 SA,3.3,374197.9,10.3,10.2
12541,11:00:00,07/06/2025 11:00:00 SA,3.4,374208.8,10.9,10.0
12542,12:00:00,07/06/2025 12:00:00 CH,3.4,374220.1,11.3,10.8
12543,13:00:00,07/06/2025 1:00:00 CH,3.0,374229.1,9.0,8.5
12544,14:00:00,07/06/2025 2:00:00 CH,3.1,374236.1,7.0,7.2
12545,15:00:00,07/06/2025 3:00:00 CH,3.0,374243.3,7.2,6.7
12546,16:00:00,07/06/2025 4:00:00 CH,3.0,374251.9,8.6,8.6
12547,17:00:00,07/06/2025 5:00:00 CH,3.3,374261.5,9.6,9.7
12548,18:00:00,07/06/2025 6:00:00 CH,3.3,374274.4,12.9,11.6
12549,19:00:00,07/06/2025 7:00:00 CH,3.1,374291.3,16.9,16.8
12550,20:00:00,07/06/2025 8:00:00 CH,3.5,374306.2,14.9,15.1
12551,21:00:00,07/06/2025 9:00:00 CH,3.4,374318.0,11.8,11.9
12552,22:00:00,07/06/2025 10:00:00 CH,3.3,374328.6,10.6,10.7
12553,23:00:00,07/06/2025 11:00:00 CH,3.1,374338.1,9.5,9.6
12554,00:00:00,08/06/2025 12:00:00 SA,3.0,374342.8,4.7,5.1
12555,01:00:00,08/06/2025 1:00:00 SA,3.0,374347.6,4.8,5.0
12556,02:00:00,08/06/2025 2:00:00 SA,3.0,374350.5,2.9,3.0
12557,03:00:00,08/06/2025 3:00:00 SA,3.0,374353.4,2.9,2.7
12558,04:00:00,08/06/2025 4:00:00 SA,3.1,374355.1,1.7,1.6
12559,05:00:00,08/06/2025 5:00:00 SA,3.2,374359.4,4.3,4.2
12560,06:00:00,08/06/2025 6:00:00 SA,3.3,374365.9,6.5,6.0
12561,07:00:00,08/06/2025 7:00:00 SA,3.3,374374.3,8.4,8.1
12562,08:00:00,08/06/2025 8:00:00 SA,3.3,374387.7,13.4,13.1
12563,09:00:00,08/06/2025 9:00:00 SA,3.4,374399.8,12.1,12.1
12564,10:00:00,08/06/2025 10:00:00 SA,3.3,374411.9,12.1,11.5
12565,11:00:00,08/06/2025 11:00:00 SA,3.3,374423.6,11.7,12.3
12566,12:00:00,08/06/2025 12:00:00 CH,2.8,374433.4,9.8,9.6
12567,13:00:00,08/06/2025 1:00:00 CH,3.0,374442.5,9.1,9.5
12568,14:00:00,08/06/2025 2:00:00 CH,2.9,374448.8,6.3,6.3
12569,15:00:00,08/06/2025 3:00:00 CH,2.8,374454.6,5.8,6.2
12570,16:00:00,08/06/2025 4:00:00 CH,2.9,374462.6,8.0,7.6
12571,17:00:00,08/06/2025 5:00:00 CH,3.2,374474.1,11.5,10.8
12572,18:00:00,08/06/2025 6:00:00 CH,3.3,374488.2,14.1,14.0
12573,19:00:00,08/06/2025 7:00:00 CH,3.2,374503.4,15.2,14.3
12574,20:00:00,08/06/2025 8:00:00 CH,3.5,374518.5,15.1,16.0
12575,21:00:00,08/06/2025 9:00:00 CH,3.5,374529.7,11.2,11.3
12576,22:00:00,08/06/2025 10:00:00 CH,3.5,374538.6,8.9,8.9
12577,23:00:00,08/06/2025 11:00:00 CH,3.2,374548.7,10.1,9.4
12578,00:00:00,09/06/2025 12:00:00 SA,3.0,374554.2,5.5,5.5
12579,01:00:00,09/06/2025 1:00:00 SA,3.1,374556.5,2.3,2.1
12580,02:00:00,09/06/2025 2:00:00 SA,3.0,374559.7,3.2,3.0
12581,03:00:00,09/06/2025 3:00:00 SA,3.0,374562.0,2.3,2.1
12582,04:00:00,09/06/2025 4:00:00 SA,3.0,374565.2,3.2,3.1
12583,05:00:00,09/06/2025 5:00:00 SA,3.1,374568.9,3.7,3.8
12584,06:00:00,09/06/2025 6:00:00 SA,3.4,374575.2,6.3,6.0
12585,07:00:00,09/06/2025 7:00:00 SA,3.4,374586.8,11.6,11.3
12586,08:00:00,09/06/2025 8:00:00 SA,3.5,374598.4,11.6,11.2
12587,09:00:00,09/06/2025 9:00:00 SA,3.4,374609.1,10.7,10.4
12588,10:00:00,09/06/2025 10:00:00 SA,3.3,374617.2,8.1,7.9
12589,11:00:00,09/06/2025 11:00:00 SA,3.3,374628.0,10.8,10.2
12590,12:00:00,09/06/2025 12:00:00 CH,3.4,374636.9,8.9,8.3
12591,13:00:00,09/06/2025 1:00:00 CH,3.0,374643.6,6.7,7.1
12592,14:00:00,09/06/2025 2:00:00 CH,3.0,374652.4,8.8,8.7
12593,15:00:00,09/06/2025 3:00:00 CH,2.9,374662.7,10.3,10.8
12594,16:00:00,09/06/2025 4:00:00 CH,3.0,374673.6,10.9,10.1
12595,17:00:00,09/06/2025 5:00:00 CH,3.4,374682.6,9.0,8.4
12596,18:00:00,09/06/2025 6:00:00 CH,3.3,374695.8,13.2,13.3
12597,19:00:00,09/06/2025 7:00:00 CH,3.1,374711.2,15.4,15.2
12598,20:00:00,09/06/2025 8:00:00 CH,3.3,374727.5,16.3,16.1
12599,21:00:00,09/06/2025 9:00:00 CH,3.5,374741.2,13.7,13.8
12600,22:00:00,09/06/2025 10:00:00 CH,2.9,374752.2,11.0,11.2
12601,23:00:00,09/06/2025 11:00:00 CH,3.1,374760.0,7.8,8.1
12602,00:00:00,10/06/2025 12:00:00 SA,3.0,374765.4,5.4,5.0
12603,01:00:00,10/06/2025 1:00:00 SA,3.0,374768.7,3.3,3.5
12604,02:00:00,10/06/2025 2:00:00 SA,3.1,374772.2,3.5,3.7
12605,03:00:00,10/06/2025 3:00:00 SA,2.9,374773.9,1.7,1.4
12606,04:00:00,10/06/2025 4:00:00 SA,2.9,374777.3,3.4,3.0
12607,05:00:00,10/06/2025 5:00:00 SA,3.0,374779.7,2.4,2.4
12608,06:00:00,10/06/2025 6:00:00 SA,3.5,374786.9,7.2,7.1
12609,07:00:00,10/06/2025 7:00:00 SA,3.3,374796.8,9.9,9.6
12610,08:00:00,10/06/2025 8:00:00 SA,3.3,374807.3,10.5,10.5
12611,09:00:00,10/06/2025 9:00:00 SA,3.3,374816.3,9.0,9.0
12612,10:00:00,10/06/2025 10:00:00 SA,3.3,374824.9,8.6,9.0
12613,11:00:00,10/06/2025 11:00:00 SA,3.3,374835.6,10.7,10.3
12614,12:00:00,10/06/2025 12:00:00 CH,2.9,374845.7,10.1,10.0
12615,13:00:00,10/06/2025 1:00:00 CH,3.0,374853.0,7.3,7.6
12616,14:00:00,10/06/2025 2:00:00 CH,3.1,374860.9,7.9,7.5
12617,15:00:00,10/06/2025 3:00:00 CH,3.2,374868.1,7.2,7.6
12618,16:00:00,10/06/2025 4:00:00 CH,3.2,374873.6,5.5,5.2
12619,17:00:00,10/06/2025 5:00:00 CH,3.5,374882.1,8.5,8.5
12620,18:00:00,10/06/2025 6:00:00 CH,3.4,374896.7,14.6,13.9
12621,19:00:00,10/06/2025 7:00:00 CH,3.2,374912.0,15.3,14.9
12622,20:00:00,10/06/2025 8:00:00 CH,3.0,374927.7,15.7,15.6
12623,21:00:00,10/06/2025 9:00:00 CH,3.3,374940.0,12.3,11.9
12624,22:00:00,10/06/2025 10:00:00 CH,3.4,374951.9,11.9,10.9
12625,23:00:00,10/06/2025 11:00:00 CH,3.0,374961.5,9.6,10.2
12626,00:00:00,11/06/2025 12:00:00 SA,2.9,374968.1,6.6,6.8
12627,01:00:00,11/06/2025 1:00:00 SA,2.9,374971.8,3.7,3.9
12628,02:00:00,11/06/2025 2:00:00 SA,3.0,374975.7,3.9,3.8
12629,03:00:00,11/06/2025 3:00:00 SA,2.9,374978.9,3.2,3.1
12630,04:00:00,11/06/2025 4:00:00 SA,2.9,374981.5,2.6,2.8
12631,05:00:00,11/06/2025 5:00:00 SA,3.0,374984.6,3.1,3.2
12632,06:00:00,11/06/2025 6:00:00 SA,3.4,374992.0,7.4,6.9
12633,07:00:00,11/06/2025 7:00:00 SA,3.3,375006.3,14.3,13.7
12634,08:00:00,11/06/2025 8:00:00 SA,3.2,375019.6,13.3,13.0
12635,09:00:00,11/06/2025 9:00:00 SA,3.2,375029.4,9.8,10.3
12636,10:00:00,11/06/2025 10:00:00 SA,3.3,375040.7,11.3,11.1
12637,11:00:00,11/06/2025 11:00:00 SA,3.3,375050.6,9.9,9.5
12638,12:00:00,11/06/2025 12:00:00 CH,3.4,375064.4,13.8,14.1
12639,13:00:00,11/06/2025 1:00:00 CH,3.1,375073.3,8.9,8.9
12640,14:00:00,11/06/2025 2:00:00 CH,3.1,375082.0,8.7,8.2
12641,15:00:00,11/06/2025 3:00:00 CH,3.1,375092.2,10.2,9.9
12642,16:00:00,11/06/2025 4:00:00 CH,3.3,375104.6,12.4,12.1
12643,17:00:00,11/06/2025 5:00:00 CH,3.3,375113.8,9.2,8.8
12644,18:00:00,11/06/2025 6:00:00 CH,3.4,375127.8,14.0,14.4
12645,19:00:00,11/06/2025 7:00:00 CH,3.3,375144.5,16.7,16.0
12646,20:00:00,11/06/2025 8:00:00 CH,3.1,375159.5,15.0,14.9
12647,21:00:00,11/06/2025 9:00:00 CH,3.2,375172.0,12.5,11.8
12648,22:00:00,11/06/2025 10:00:00 CH,3.2,375182.7,10.7,11.0
12649,23:00:00,11/06/2025 11:00:00 CH,3.2,375192.4,9.7,9.6
12650,00:00:00,12/06/2025 12:00:00 SA,3.0,375198.9,6.5,6.6
12651,01:00:00,12/06/2025 1:00:00 SA,3.0,375202.0,3.1,2.9
12652,02:00:00,12/06/2025 2:00:00 SA,3.1,375205.4,3.4,3.3
12653,03:00:00,12/06/2025 3:00:00 SA,3.1,375207.8,2.4,2.2
12654,04:00:00,12/06/2025 4:00:00 SA,3.1,375210.2,2.4,2.3
12655,05:00:00,12/06/2025 5:00:00 SA,3.1,375213.1,2.9,2.6
12656,06:00:00,12/06/2025 6:00:00 SA,3.4,375220.7,7.6,7.6
12657,07:00:00,12/06/2025 7:00:00 SA,3.3,375234.7,14.0,14.1
12658,08:00:00,12/06/2025 8:00:00 SA,3.4,375249.3,14.6,15.1
12659,09:00:00,12/06/2025 9:00:00 SA,3.4,375257.5,8.2,8.7
12660,10:00:00,12/06/2025 10:00:00 SA,3.4,375267.3,9.8,9.8
12661,11:00:00,12/06/2025 11:00:00 SA,3.4,375278.0,10.7,10.6
12662,12:00:00,12/06/2025 12:00:00 CH,3.4,375288.5,10.5,9.8
12663,13:00:00,12/06/2025 1:00:00 CH,3.1,375297.9,9.4,9.6
12664,14:00:00,12/06/2025 2:00:00 CH,3.0,375305.0,7.1,7.5
12665,15:00:00,12/06/2025 3:00:00 CH,3.1,375312.4,7.4,7.6
12666,16:00:00,12/06/2025 4:00:00 CH,3.1,375322.2,9.8,9.2
12667,17:00:00,12/06/2025 5:00:00 CH,3.4,375335.2,13.0,12.3
12668,18:00:00,12/06/2025 6:00:00 CH,3.2,375347.3,12.1,12.2
12669,19:00:00,12/06/2025 7:00:00 CH,3.1,375363.8,16.5,16.5
12670,20:00:00,12/06/2025 8:00:00 CH,3.4,375377.5,13.7,14.0
12671,21:00:00,12/06/2025 9:00:00 CH,3.3,375389.5,12.0,11.8
12672,22:00:00,12/06/2025 10:00:00 CH,3.5,375401.7,12.2,12.1
12673,23:00:00,12/06/2025 11:00:00 CH,3.1,375410.6,8.9,8.8
12674,00:00:00,13/06/2025 12:00:00 SA,3.2,375417.6,7.0,7.3
12675,01:00:00,13/06/2025 1:00:00 SA,3.0,375422.5,4.9,5.1
12676,02:00:00,13/06/2025 2:00:00 SA,3.0,375425.5,3.0,2.7
12677,03:00:00,13/06/2025 3:00:00 SA,3.1,375429.5,4.0,3.9
12678,04:00:00,13/06/2025 4:00:00 SA,3.1,375432.6,3.1,2.7
12679,05:00:00,13/06/2025 5:00:00 SA,3.3,375438.3,5.7,5.3
12680,06:00:00,13/06/2025 6:00:00 SA,3.6,375445.5,7.2,7.3
12681,07:00:00,13/06/2025 7:00:00 SA,3.3,375458.3,12.8,13.3
12682,08:00:00,13/06/2025 8:00:00 SA,3.3,375469.9,11.6,11.8
12683,09:00:00,13/06/2025 9:00:00 SA,3.4,375478.6,8.7,9.0
12684,10:00:00,13/06/2025 10:00:00 SA,3.4,375489.1,10.5,10.4
12685,11:00:00,13/06/2025 11:00:00 SA,3.5,375498.5,9.4,10.2
12686,12:00:00,13/06/2025 12:00:00 CH,3.5,375510.8,12.3,12.1
12687,13:00:00,13/06/2025 1:00:00 CH,3.1,375518.3,7.5,7.3
12688,14:00:00,13/06/2025 2:00:00 CH,3.0,375526.1,7.8,7.1
12689,15:00:00,13/06/2025 3:00:00 CH,3.0,375534.9,8.8,8.5
12690,16:00:00,13/06/2025 4:00:00 CH,3.0,375543.9,9.0,8.6
12691,17:00:00,13/06/2025 5:00:00 CH,3.3,375554.2,10.3,9.7
12692,18:00:00,13/06/2025 6:00:00 CH,3.2,375568.7,14.5,14.1
12693,19:00:00,13/06/2025 7:00:00 CH,3.1,375586.0,17.3,16.9
12694,20:00:00,13/06/2025 8:00:00 CH,3.4,375601.5,15.5,15.8
12695,21:00:00,13/06/2025 9:00:00 CH,3.3,375615.2,13.7,13.9
12696,22:00:00,13/06/2025 10:00:00 CH,3.1,375625.5,10.3,10.4
12697,23:00:00,13/06/2025 11:00:00 CH,3.1,375635.2,9.7,9.9
12698,00:00:00,14/06/2025 12:00:00 SA,3.0,375641.8,6.6,6.3
12699,01:00:00,14/06/2025 1:00:00 SA,3.0,375645.7,3.9,3.8
12700,02:00:00,14/06/2025 2:00:00 SA,3.1,375648.9,3.2,3.2
12701,03:00:00,14/06/2025 3:00:00 SA,3.0,375651.7,2.8,2.5
12702,04:00:00,14/06/2025 4:00:00 SA,3.1,375653.9,2.2,2.2
12703,05:00:00,14/06/2025 5:00:00 SA,3.0,375658.2,4.3,4.1
12704,06:00:00,14/06/2025 6:00:00 SA,3.7,375665.8,7.6,7.7
12705,07:00:00,14/06/2025 7:00:00 SA,3.4,375675.1,9.3,9.2
12706,08:00:00,14/06/2025 8:00:00 SA,3.6,375688.2,13.1,12.4
12707,09:00:00,14/06/2025 9:00:00 SA,3.4,375702.0,13.8,13.3
12708,10:00:00,14/06/2025 10:00:00 SA,3.5,375713.5,11.5,12.0
12709,11:00:00,14/06/2025 11:00:00 SA,3.4,375724.6,11.1,10.9
12710,12:00:00,14/06/2025 12:00:00 CH,3.4,375735.8,11.2,10.5
12711,13:00:00,14/06/2025 1:00:00 CH,3.0,375745.0,9.2,8.8
12712,14:00:00,14/06/2025 2:00:00 CH,3.1,375752.3,7.3,6.9
12713,15:00:00,14/06/2025 3:00:00 CH,3.0,375764.0,11.7,12.0
12714,16:00:00,14/06/2025 4:00:00 CH,3.1,375774.9,10.9,10.7
12715,17:00:00,14/06/2025 5:00:00 CH,3.4,375787.1,12.2,13.0
12716,18:00:00,14/06/2025 6:00:00 CH,3.2,375801.1,14.0,13.7
12717,19:00:00,14/06/2025 7:00:00 CH,3.2,375816.8,15.7,16.2
12718,20:00:00,14/06/2025 8:00:00 CH,3.4,375831.2,14.4,14.3
12719,21:00:00,14/06/2025 9:00:00 CH,3.3,375842.6,11.4,11.1
12720,22:00:00,14/06/2025 10:00:00 CH,2.7,375852.5,9.9,9.7
12721,23:00:00,14/06/2025 11:00:00 CH,3.0,375862.7,10.2,10.1
12722,00:00:00,15/06/2025 12:00:00 SA,3.0,375870.6,7.9,7.8
12723,01:00:00,15/06/2025 1:00:00 SA,3.1,375874.4,3.8,3.9
12724,02:00:00,15/06/2025 2:00:00 SA,3.1,375878.5,4.1,4.2
12725,03:00:00,15/06/2025 3:00:00 SA,3.1,375882.0,3.5,3.4
12726,04:00:00,15/06/2025 4:00:00 SA,3.1,375885.2,3.2,3.6
12727,05:00:00,15/06/2025 5:00:00 SA,3.2,375889.6,4.4,4.3
12728,06:00:00,15/06/2025 6:00:00 SA,3.4,375895.9,6.3,6.3
12729,07:00:00,15/06/2025 7:00:00 SA,3.3,375906.5,10.6,10.2
12730,08:00:00,15/06/2025 8:00:00 SA,3.3,375920.7,14.2,13.2
12731,09:00:00,15/06/2025 9:00:00 SA,3.3,375933.4,12.7,12.8
12732,10:00:00,15/06/2025 10:00:00 SA,3.3,375948.6,15.2,14.8
12733,11:00:00,15/06/2025 11:00:00 SA,3.4,375960.7,12.1,12.1
12734,12:00:00,15/06/2025 12:00:00 CH,3.2,375973.0,12.3,12.4
12735,13:00:00,15/06/2025 1:00:00 CH,3.1,375981.8,8.8,9.1
12736,14:00:00,15/06/2025 2:00:00 CH,3.1,375988.3,6.5,6.0
12737,15:00:00,15/06/2025 3:00:00 CH,3.1,375995.1,6.8,6.5
12738,16:00:00,15/06/2025 4:00:00 CH,3.2,376004.1,9.0,8.2
12739,17:00:00,15/06/2025 5:00:00 CH,3.2,376014.8,10.7,9.4
12740,18:00:00,15/06/2025 6:00:00 CH,3.3,376029.8,15.0,15.3
12741,19:00:00,15/06/2025 7:00:00 CH,3.4,376048.8,19.0,19.7
12742,20:00:00,15/06/2025 8:00:00 CH,3.4,376062.9,14.1,13.8
12743,21:00:00,15/06/2025 9:00:00 CH,3.4,376075.3,12.4,12.1
12744,22:00:00,15/06/2025 10:00:00 CH,3.0,376086.0,10.7,10.3
12745,23:00:00,15/06/2025 11:00:00 CH,3.2,376095.4,9.4,10.0
12746,00:00:00,16/06/2025 12:00:00 SA,3.2,376102.4,7.0,7.5
12747,01:00:00,16/06/2025 1:00:00 SA,3.1,376106.8,4.4,4.4
12748,02:00:00,16/06/2025 2:00:00 SA,3.1,376111.1,4.3,4.2
12749,03:00:00,16/06/2025 3:00:00 SA,3.1,376113.8,2.7,2.9
12750,04:00:00,16/06/2025 4:00:00 SA,3.1,376117.2,3.4,3.4
12751,05:00:00,16/06/2025 5:00:00 SA,3.2,376120.3,3.1,3.0
12752,06:00:00,16/06/2025 6:00:00 SA,3.4,376127.5,7.2,6.5
12753,07:00:00,16/06/2025 7:00:00 SA,3.3,376139.5,12.0,12.2
12754,08:00:00,16/06/2025 8:00:00 SA,3.4,376151.0,11.5,11.2
12755,09:00:00,16/06/2025 9:00:00 SA,3.4,376161.1,10.1,10.4
12756,10:00:00,16/06/2025 10:00:00 SA,3.4,376174.7,13.6,13.9
12757,11:00:00,16/06/2025 11:00:00 SA,3.4,376188.9,14.2,14.6
12758,12:00:00,16/06/2025 12:00:00 CH,3.4,376200.6,11.7,10.0
12759,13:00:00,16/06/2025 1:00:00 CH,3.0,376209.5,8.9,9.1
12760,14:00:00,16/06/2025 2:00:00 CH,3.0,376217.5,8.0,7.9
12761,15:00:00,16/06/2025 3:00:00 CH,3.1,376224.9,7.4,7.6
12762,16:00:00,16/06/2025 4:00:00 CH,3.1,376234.0,9.1,8.4
12763,17:00:00,16/06/2025 5:00:00 CH,3.4,376242.7,8.7,8.2
12764,18:00:00,16/06/2025 6:00:00 CH,3.2,376259.1,16.4,15.9
12765,19:00:00,16/06/2025 7:00:00 CH,3.0,376278.2,19.1,18.8
12766,20:00:00,16/06/2025 8:00:00 CH,3.4,376293.9,15.7,16.1
12767,21:00:00,16/06/2025 9:00:00 CH,3.3,376308.5,14.6,14.9
12768,22:00:00,16/06/2025 10:00:00 CH,3.3,376319.8,11.3,11.5
12769,23:00:00,16/06/2025 11:00:00 CH,3.1,376328.5,8.7,8.5
12770,00:00:00,17/06/2025 12:00:00 SA,3.1,376334.3,5.8,6.0
12771,01:00:00,17/06/2025 1:00:00 SA,3.1,376337.2,2.9,2.8
12772,02:00:00,17/06/2025 2:00:00 SA,3.1,376340.7,3.5,3.5
12773,03:00:00,17/06/2025 3:00:00 SA,3.0,376343.2,2.5,2.3
12774,04:00:00,17/06/2025 4:00:00 SA,3.0,376345.6,2.4,2.5
12775,05:00:00,17/06/2025 5:00:00 SA,3.2,376350.0,4.4,4.7
12776,06:00:00,17/06/2025 6:00:00 SA,3.4,376356.3,6.3,6.7
12777,07:00:00,17/06/2025 7:00:00 SA,3.3,376369.6,13.3,13.4
12778,08:00:00,17/06/2025 8:00:00 SA,3.5,376382.3,12.7,12.2
12779,09:00:00,17/06/2025 9:00:00 SA,3.5,376390.4,8.1,8.5
12780,10:00:00,17/06/2025 10:00:00 SA,3.4,376400.4,10.0,9.8
12781,11:00:00,17/06/2025 11:00:00 SA,3.4,376409.4,9.0,8.7
12782,12:00:00,17/06/2025 12:00:00 CH,3.3,376419.6,10.2,9.6
12783,13:00:00,17/06/2025 1:00:00 CH,3.1,376428.7,9.1,8.9
12784,14:00:00,17/06/2025 2:00:00 CH,3.0,376436.0,7.3,7.3
12785,15:00:00,17/06/2025 3:00:00 CH,3.0,376444.7,8.7,8.2
12786,16:00:00,17/06/2025 4:00:00 CH,3.0,376455.0,10.3,10.4
12787,17:00:00,17/06/2025 5:00:00 CH,3.3,376466.0,11.0,10.0
12788,18:00:00,17/06/2025 6:00:00 CH,3.1,376483.8,17.8,18.5
12789,19:00:00,17/06/2025 7:00:00 CH,3.1,376502.3,18.5,19.1
12790,20:00:00,17/06/2025 8:00:00 CH,3.3,376518.5,16.2,17.2
12791,21:00:00,17/06/2025 9:00:00 CH,3.3,376532.2,13.7,14.4
12792,22:00:00,17/06/2025 10:00:00 CH,3.4,376542.9,10.7,10.8
12793,23:00:00,17/06/2025 11:00:00 CH,3.2,376552.7,9.8,9.7
12794,00:00:00,18/06/2025 12:00:00 SA,3.1,376556.7,4.0,4.3
12795,01:00:00,18/06/2025 1:00:00 SA,3.1,376560.3,3.6,3.8
12796,02:00:00,18/06/2025 2:00:00 SA,3.0,376563.6,3.3,3.1
12797,03:00:00,18/06/2025 3:00:00 SA,3.0,376565.2,1.6,1.4
12798,04:00:00,18/06/2025 4:00:00 SA,3.0,376568.4,3.2,3.0
12799,05:00:00,18/06/2025 5:00:00 SA,3.1,376570.8,2.4,2.1
12800,06:00:00,18/06/2025 6:00:00 SA,3.4,376578.4,7.6,6.5
12801,07:00:00,18/06/2025 7:00:00 SA,3.4,376591.6,13.2,13.0
12802,08:00:00,18/06/2025 8:00:00 SA,3.4,376604.8,13.2,13.3
12803,09:00:00,18/06/2025 9:00:00 SA,3.4,376615.4,10.6,10.2
12804,10:00:00,18/06/2025 10:00:00 SA,3.4,376628.6,13.2,12.5
12805,11:00:00,18/06/2025 11:00:00 SA,3.4,376643.8,15.2,15.1
12806,12:00:00,18/06/2025 12:00:00 CH,3.1,376655.6,11.8,12.3
12807,13:00:00,18/06/2025 1:00:00 CH,3.1,376662.8,7.2,7.0
12808,14:00:00,18/06/2025 2:00:00 CH,3.2,376670.9,8.1,8.2
12809,15:00:00,18/06/2025 3:00:00 CH,3.2,376679.0,8.1,7.9
12810,16:00:00,18/06/2025 4:00:00 CH,3.3,376687.3,8.3,7.7
12811,17:00:00,18/06/2025 5:00:00 CH,3.4,376697.5,10.2,9.4
12812,18:00:00,18/06/2025 6:00:00 CH,3.3,376715.3,17.8,18.4
12813,19:00:00,18/06/2025 7:00:00 CH,3.2,376733.2,17.9,16.9
12814,20:00:00,18/06/2025 8:00:00 CH,2.9,376751.0,17.8,18.1
12815,21:00:00,18/06/2025 9:00:00 CH,3.2,376763.3,12.3,11.6
12816,22:00:00,18/06/2025 10:00:00 CH,3.3,376775.9,12.6,12.3
12817,23:00:00,18/06/2025 11:00:00 CH,3.1,376786.3,10.4,9.9
12818,00:00:00,19/06/2025 12:00:00 SA,3.1,376791.6,5.3,5.2
12819,01:00:00,19/06/2025 1:00:00 SA,3.0,376794.6,3.0,3.5
12820,02:00:00,19/06/2025 2:00:00 SA,3.1,376798.1,3.5,3.5
12821,03:00:00,19/06/2025 3:00:00 SA,3.1,376799.8,1.7,1.4
12822,04:00:00,19/06/2025 4:00:00 SA,3.0,376803.4,3.6,3.4
12823,05:00:00,19/06/2025 5:00:00 SA,3.2,376806.2,2.8,2.5
12824,06:00:00,19/06/2025 6:00:00 SA,3.4,376815.4,9.2,9.4
12825,07:00:00,19/06/2025 7:00:00 SA,3.3,376828.5,13.1,11.7
12826,08:00:00,19/06/2025 8:00:00 SA,0.0,0.0,-376828.5,14.2
12827,09:00:00,19/06/2025 9:00:00 SA,3.4,376854.9,376854.9,11.4
12828,10:00:00,19/06/2025 10:00:00 SA,3.4,376868.5,13.6,13.9
12829,11:00:00,19/06/2025 11:00:00 SA,3.3,376878.9,10.4,10.1
12830,12:00:00,19/06/2025 12:00:00 CH,2.9,376891.4,12.5,11.7
12831,13:00:00,19/06/2025 1:00:00 CH,2.9,376901.3,9.9,9.9
12832,14:00:00,19/06/2025 2:00:00 CH,3.1,376909.8,8.5,7.9
12833,15:00:00,19/06/2025 3:00:00 CH,3.1,376918.1,8.3,8.2
12834,16:00:00,19/06/2025 4:00:00 CH,3.4,376927.0,8.9,8.7
12835,17:00:00,19/06/2025 5:00:00 CH,3.4,376938.8,11.8,11.8
12836,18:00:00,19/06/2025 6:00:00 CH,3.4,376954.4,15.6,15.2
12837,19:00:00,19/06/2025 7:00:00 CH,3.1,376970.8,16.4,15.2
12838,20:00:00,19/06/2025 8:00:00 CH,2.9,376987.3,16.5,16.7
12839,21:00:00,19/06/2025 9:00:00 CH,3.3,377001.5,14.2,14.2
12840,22:00:00,19/06/2025 10:00:00 CH,3.3,377012.8,11.3,10.9
12841,23:00:00,19/06/2025 11:00:00 CH,3.3,377021.8,9.0,9.1
12842,00:00:00,20/06/2025 12:00:00 SA,3.0,377028.4,6.6,6.9
12843,01:00:00,20/06/2025 1:00:00 SA,3.1,377030.8,2.4,2.3
12844,02:00:00,20/06/2025 2:00:00 SA,3.1,377034.7,3.9,4.0
12845,03:00:00,20/06/2025 3:00:00 SA,3.0,377036.5,1.8,1.6
12846,04:00:00,20/06/2025 4:00:00 SA,3.1,377039.0,2.5,2.4
12847,05:00:00,20/06/2025 5:00:00 SA,3.1,377042.8,3.8,3.9
12848,06:00:00,20/06/2025 6:00:00 SA,3.5,377049.4,6.6,6.4
12849,07:00:00,20/06/2025 7:00:00 SA,3.3,377063.7,14.3,13.4
12850,08:00:00,20/06/2025 8:00:00 SA,3.4,377075.6,11.9,12.6
12851,09:00:00,20/06/2025 9:00:00 SA,3.4,377085.7,10.1,9.8
12852,10:00:00,20/06/2025 10:00:00 SA,3.4,377096.1,10.4,10.2
12853,11:00:00,20/06/2025 11:00:00 SA,3.5,377105.0,8.9,8.4
12854,12:00:00,20/06/2025 12:00:00 CH,3.3,377113.8,8.8,9.5
12855,13:00:00,20/06/2025 1:00:00 CH,3.1,377122.1,8.3,8.5
12856,14:00:00,20/06/2025 2:00:00 CH,3.0,377127.1,5.0,4.7
12857,15:00:00,20/06/2025 3:00:00 CH,3.1,377135.1,8.0,8.0
12858,16:00:00,20/06/2025 4:00:00 CH,3.4,377143.6,8.5,8.4
12859,17:00:00,20/06/2025 5:00:00 CH,3.4,377152.3,8.7,8.5
12860,18:00:00,20/06/2025 6:00:00 CH,3.3,377166.0,13.7,13.0
12861,19:00:00,20/06/2025 7:00:00 CH,3.1,377183.5,17.5,17.4
12862,20:00:00,20/06/2025 8:00:00 CH,3.0,377199.8,16.3,16.8
12863,21:00:00,20/06/2025 9:00:00 CH,3.3,377213.0,13.2,13.0
12864,22:00:00,20/06/2025 10:00:00 CH,3.3,377223.5,10.5,10.7
12865,23:00:00,20/06/2025 11:00:00 CH,3.2,377233.1,9.6,9.4
12866,00:00:00,21/06/2025 12:00:00 SA,2.9,377237.7,4.6,4.4
12867,01:00:00,21/06/2025 1:00:00 SA,3.0,377241.7,4.0,3.9
12868,02:00:00,21/06/2025 2:00:00 SA,3.0,377243.7,2.0,2.0
12869,03:00:00,21/06/2025 3:00:00 SA,3.1,377247.5,3.8,3.9
12870,04:00:00,21/06/2025 4:00:00 SA,3.0,377250.1,2.6,2.7
12871,05:00:00,21/06/2025 5:00:00 SA,3.1,377253.4,3.3,3.2
12872,06:00:00,21/06/2025 6:00:00 SA,3.6,377259.3,5.9,5.4
12873,07:00:00,21/06/2025 7:00:00 SA,3.3,377272.9,13.6,13.6
12874,08:00:00,21/06/2025 8:00:00 SA,3.4,377287.4,14.5,14.3
12875,09:00:00,21/06/2025 9:00:00 SA,3.4,377300.0,12.6,13.1
12876,10:00:00,21/06/2025 10:00:00 SA,3.4,377310.9,10.9,10.3
12877,11:00:00,21/06/2025 11:00:00 SA,3.4,377320.7,9.8,9.5
12878,12:00:00,21/06/2025 12:00:00 CH,3.4,377331.8,11.1,11.1
12879,13:00:00,21/06/2025 1:00:00 CH,3.0,377340.3,8.5,8.2
12880,14:00:00,21/06/2025 2:00:00 CH,3.0,377348.2,7.9,8.0
12881,15:00:00,21/06/2025 3:00:00 CH,3.1,377358.7,10.5,10.2
12882,16:00:00,21/06/2025 4:00:00 CH,3.2,377369.4,10.7,10.4
12883,17:00:00,21/06/2025 5:00:00 CH,3.3,377381.5,12.1,11.6
12884,18:00:00,21/06/2025 6:00:00 CH,3.3,377397.2,15.7,15.4
12885,19:00:00,21/06/2025 7:00:00 CH,3.2,377412.4,15.2,15.0
12886,20:00:00,21/06/2025 8:00:00 CH,3.2,377426.7,14.3,13.5
12887,21:00:00,21/06/2025 9:00:00 CH,3.4,377438.6,11.9,11.9
12888,22:00:00,21/06/2025 10:00:00 CH,3.5,377449.2,10.6,10.3
12889,23:00:00,21/06/2025 11:00:00 CH,3.1,377458.5,9.3,9.3
12890,00:00:00,22/06/2025 12:00:00 SA,3.0,377466.3,7.8,7.6
12891,01:00:00,22/06/2025 1:00:00 SA,3.1,377469.4,3.1,3.0
12892,02:00:00,22/06/2025 2:00:00 SA,3.0,377472.2,2.8,2.2
12893,03:00:00,22/06/2025 3:00:00 SA,3.0,377475.4,3.2,3.2
12894,04:00:00,22/06/2025 4:00:00 SA,3.1,377478.0,2.6,2.4
12895,05:00:00,22/06/2025 5:00:00 SA,3.1,377480.8,2.8,2.7
12896,06:00:00,22/06/2025 6:00:00 SA,3.5,377487.9,7.1,7.1
12897,07:00:00,22/06/2025 7:00:00 SA,3.3,377499.2,11.3,10.7
12898,08:00:00,22/06/2025 8:00:00 SA,3.3,377512.8,13.6,12.6
12899,09:00:00,22/06/2025 9:00:00 SA,3.4,377524.6,11.8,12.7
12900,10:00:00,22/06/2025 10:00:00 SA,3.4,377537.4,12.8,12.5
12901,11:00:00,22/06/2025 11:00:00 SA,3.3,377550.8,13.4,12.8
12902,12:00:00,22/06/2025 12:00:00 CH,3.4,377562.1,11.3,10.9
12903,13:00:00,22/06/2025 1:00:00 CH,3.1,377570.9,8.8,8.8
12904,14:00:00,22/06/2025 2:00:00 CH,3.1,377579.4,8.5,8.3
12905,15:00:00,22/06/2025 3:00:00 CH,3.1,377586.5,7.1,6.7
12906,16:00:00,22/06/2025 4:00:00 CH,3.2,377596.3,9.8,10.0
12907,17:00:00,22/06/2025 5:00:00 CH,3.3,377608.8,12.5,12.8
12908,18:00:00,22/06/2025 6:00:00 CH,3.3,377623.0,14.2,14.4
12909,19:00:00,22/06/2025 7:00:00 CH,3.2,377641.1,18.1,17.1
12910,20:00:00,22/06/2025 8:00:00 CH,3.4,377658.8,17.7,19.0
12911,21:00:00,22/06/2025 9:00:00 CH,3.2,377672.8,14.0,14.0
12912,22:00:00,22/06/2025 10:00:00 CH,3.3,377683.4,10.6,11.2
12913,23:00:00,22/06/2025 11:00:00 CH,3.1,377693.6,10.2,10.4
12914,00:00:00,23/06/2025 12:00:00 SA,3.1,377698.6,5.0,5.1
12915,01:00:00,23/06/2025 1:00:00 SA,3.1,377701.2,2.6,2.7
12916,02:00:00,23/06/2025 2:00:00 SA,3.1,377705.6,4.4,4.0
12917,03:00:00,23/06/2025 3:00:00 SA,3.1,377708.4,2.8,2.7
12918,04:00:00,23/06/2025 4:00:00 SA,3.1,377711.5,3.1,3.1
12919,05:00:00,23/06/2025 5:00:00 SA,3.2,377714.9,3.4,3.6
12920,06:00:00,23/06/2025 6:00:00 SA,3.4,377722.4,7.5,7.2
12921,07:00:00,23/06/2025 7:00:00 SA,3.3,377733.8,11.4,11.1
12922,08:00:00,23/06/2025 8:00:00 SA,3.4,377748.5,14.7,15.0
12923,09:00:00,23/06/2025 9:00:00 SA,3.4,377757.3,8.8,8.6
12924,10:00:00,23/06/2025 10:00:00 SA,3.4,377766.7,9.4,9.2
12925,11:00:00,23/06/2025 11:00:00 SA,3.4,377777.3,10.6,10.4
12926,12:00:00,23/06/2025 12:00:00 CH,3.1,377785.5,8.2,7.8
12927,13:00:00,23/06/2025 1:00:00 CH,3.1,377792.3,6.8,6.9
12928,14:00:00,23/06/2025 2:00:00 CH,3.1,377799.5,7.2,6.4
12929,15:00:00,23/06/2025 3:00:00 CH,3.2,377807.0,7.5,8.0
12930,16:00:00,23/06/2025 4:00:00 CH,3.2,377814.8,7.8,7.6
12931,17:00:00,23/06/2025 5:00:00 CH,3.3,377824.2,9.4,9.4
12932,18:00:00,23/06/2025 6:00:00 CH,3.0,377840.1,15.9,16.4
12933,19:00:00,23/06/2025 7:00:00 CH,3.3,377858.3,18.2,17.0
12934,20:00:00,23/06/2025 8:00:00 CH,3.4,377874.2,15.9,15.8
12935,21:00:00,23/06/2025 9:00:00 CH,3.2,377888.4,14.2,14.5
12936,22:00:00,23/06/2025 10:00:00 CH,3.2,377899.7,11.3,11.6
12937,23:00:00,23/06/2025 11:00:00 CH,3.1,377908.4,8.7,9.2
12938,00:00:00,24/06/2025 12:00:00 SA,3.0,377914.5,6.1,5.5
12939,01:00:00,24/06/2025 1:00:00 SA,3.1,377918.3,3.8,3.9
12940,02:00:00,24/06/2025 2:00:00 SA,3.1,377921.1,2.8,2.7
12941,03:00:00,24/06/2025 3:00:00 SA,3.1,377924.5,3.4,3.4
12942,04:00:00,24/06/2025 4:00:00 SA,3.1,377927.7,3.2,2.7
12943,05:00:00,24/06/2025 5:00:00 SA,3.2,377931.2,3.5,3.5
12944,06:00:00,24/06/2025 6:00:00 SA,3.3,377939.6,8.4,8.1
12945,07:00:00,24/06/2025 7:00:00 SA,3.3,377952.1,12.5,12.2
12946,08:00:00,24/06/2025 8:00:00 SA,3.5,377963.6,11.5,11.7
12947,09:00:00,24/06/2025 9:00:00 SA,3.5,377972.5,8.9,8.5
12948,10:00:00,24/06/2025 10:00:00 SA,3.4,377982.0,9.5,9.0
12949,11:00:00,24/06/2025 11:00:00 SA,3.4,377991.9,9.9,10.0
12950,12:00:00,24/06/2025 12:00:00 CH,3.4,378001.1,9.2,9.3
12951,13:00:00,24/06/2025 1:00:00 CH,3.1,378008.9,7.8,7.6
12952,14:00:00,24/06/2025 2:00:00 CH,3.1,378016.1,7.2,7.1
12953,15:00:00,24/06/2025 3:00:00 CH,3.0,378023.9,7.8,7.6
12954,16:00:00,24/06/2025 4:00:00 CH,3.1,378033.3,9.4,8.9
12955,17:00:00,24/06/2025 5:00:00 CH,3.4,378044.4,11.1,11.0
12956,18:00:00,24/06/2025 6:00:00 CH,3.2,378057.2,12.8,11.7
12957,19:00:00,24/06/2025 7:00:00 CH,3.1,378074.6,17.4,17.1
12958,20:00:00,24/06/2025 8:00:00 CH,3.3,378091.5,16.9,16.9
12959,21:00:00,24/06/2025 9:00:00 CH,3.2,378105.4,13.9,13.8
12960,22:00:00,24/06/2025 10:00:00 CH,3.3,378117.3,11.9,11.5
12961,23:00:00,24/06/2025 11:00:00 CH,3.1,378127.7,10.4,10.3
12962,00:00:00,25/06/2025 12:00:00 SA,3.0,378133.5,5.8,6.5
12963,01:00:00,25/06/2025 1:00:00 SA,3.1,378137.6,4.1,4.3
12964,02:00:00,25/06/2025 2:00:00 SA,3.1,378140.8,3.2,3.0
12965,03:00:00,25/06/2025 3:00:00 SA,3.1,378144.5,3.7,3.7
12966,04:00:00,25/06/2025 4:00:00 SA,3.0,378148.4,3.9,3.6
12967,05:00:00,25/06/2025 5:00:00 SA,3.1,378152.3,3.9,3.8
12968,06:00:00,25/06/2025 6:00:00 SA,3.6,378162.0,9.7,9.4
12969,07:00:00,25/06/2025 7:00:00 SA,3.4,378174.1,12.1,11.6
12970,08:00:00,25/06/2025 8:00:00 SA,3.4,378186.1,12.0,11.3